time	V(n_3p)
0.000000000000000e+000	0.000000e+000
6.101043504999651e-011	-1.564733e-006
1.220208700999930e-010	-2.101815e-006
1.830313051499895e-010	-1.611244e-006
2.440417401999860e-010	-9.302290e-008
3.050521752499825e-010	2.452850e-006
3.660626102999790e-010	6.026375e-006
4.270730453499754e-010	1.062755e-005
4.347518702458913e-010	6.944585e-006
4.424306951418071e-010	2.905610e-006
4.501095200377228e-010	-1.489372e-006
4.577883449336387e-010	-6.240363e-006
4.654671698295545e-010	-1.134736e-005
4.731459947254702e-010	-1.681037e-005
4.808248196213861e-010	-2.262938e-005
4.843086982219620e-010	-2.345906e-005
4.877925768225379e-010	-2.439118e-005
4.912764554231139e-010	-2.542574e-005
4.947603340236898e-010	-2.656275e-005
4.982442126242657e-010	-2.780220e-005
5.017280912248417e-010	-2.914409e-005
5.052119698254176e-010	-3.058843e-005
5.082265732826588e-010	-2.847911e-005
5.112411767398998e-010	-2.658039e-005
5.142557801971410e-010	-2.489228e-005
5.172703836543822e-010	-2.341477e-005
5.202849871116233e-010	-2.214787e-005
5.232995905688644e-010	-2.109157e-005
5.263141940261056e-010	-2.024587e-005
5.290082347692792e-010	-2.170433e-005
5.317022755124527e-010	-2.184181e-005
5.343963162556263e-010	-2.065830e-005
5.370903569987998e-010	-1.815380e-005
5.397843977419735e-010	-1.432831e-005
5.424784384851470e-010	-9.181837e-006
5.451724792283206e-010	-2.714373e-006
5.484857726500433e-010	-9.326428e-006
5.517990660717659e-010	-9.574192e-006
5.551123594934886e-010	-3.457665e-006
5.584256529152113e-010	9.023154e-006
5.617389463369340e-010	2.786826e-005
5.650522397586566e-010	5.307766e-005
5.683655331803793e-010	8.465136e-005
5.704213710276593e-010	9.958522e-005
5.724772088749392e-010	1.223979e-004
5.745330467222192e-010	1.530894e-004
5.765888845694992e-010	1.916597e-004
5.786447224167792e-010	2.381089e-004
5.807005602640591e-010	2.924368e-004
5.827563981113391e-010	3.546436e-004
5.843408322849039e-010	4.094224e-004
5.859252664584686e-010	4.751604e-004
5.875097006320334e-010	5.518575e-004
5.890941348055981e-010	6.395138e-004
5.906785689791629e-010	7.381292e-004
5.922630031527276e-010	8.477038e-004
5.938474373262924e-010	9.682376e-004
5.960625660572394e-010	1.191970e-003
5.982572710191895e-010	1.486461e-003
5.993498901386737e-010	1.668399e-003
6.004510439728200e-010	1.880408e-003
6.015498634303014e-010	2.124444e-003
6.026674479052073e-010	2.409901e-003
6.037944549412147e-010	2.739826e-003
6.049074368169118e-010	3.110930e-003
6.060168876532780e-010	3.529244e-003
6.071607773465842e-010	4.014642e-003
6.082634012449916e-010	4.537529e-003
6.093821669277669e-010	5.125996e-003
6.104905838004428e-010	5.768869e-003
6.115977990236655e-010	6.472476e-003
6.126998068729625e-010	7.235324e-003
6.138286779903434e-010	8.082783e-003
6.149503699372455e-010	8.992010e-003
6.160585476920890e-010	9.956693e-003
6.171579890881264e-010	1.097939e-002
6.182619389241315e-010	1.207216e-002
6.193550865737719e-010	1.321921e-002
6.204593282729918e-010	1.444319e-002
6.215621801624138e-010	1.573057e-002
6.226550427754078e-010	1.706953e-002
6.237490012137355e-010	1.847188e-002
6.259403027450921e-010	2.146241e-002
6.292373254293471e-010	2.639192e-002
6.325628771275565e-010	3.183204e-002
6.359000148949722e-010	3.768734e-002
6.392034137275841e-010	4.379405e-002
6.425169154441518e-010	5.015260e-002
6.458258319508670e-010	5.666005e-002
6.473999394182670e-010	5.983247e-002
6.489740468856670e-010	6.296629e-002
6.505481543530671e-010	6.606152e-002
6.521222618204671e-010	6.911816e-002
6.536963692878672e-010	7.213620e-002
6.552704767552671e-010	7.511565e-002
6.568445842226672e-010	7.805651e-002
6.601557373756626e-010	8.371370e-002
6.634596815220323e-010	8.859882e-002
6.667924300500566e-010	9.257033e-002
6.685394627739485e-010	9.418240e-002
6.702864954978402e-010	9.555115e-002
6.720335282217320e-010	9.667658e-002
6.737805609456238e-010	9.755868e-002
6.755275936695156e-010	9.819746e-002
6.772746263934074e-010	9.859292e-002
6.790216591172992e-010	9.874505e-002
6.812251769920144e-010	9.874116e-002
6.834286948667296e-010	9.864093e-002
6.856322127414448e-010	9.844434e-002
6.878357306161600e-010	9.815140e-002
6.900392484908753e-010	9.776211e-002
6.922427663655904e-010	9.727646e-002
6.944462842403057e-010	9.669447e-002
6.977483141603889e-010	9.579304e-002
7.010905529378987e-010	9.472945e-002
7.044128004516788e-010	9.345569e-002
7.077254384815173e-010	9.185784e-002
7.089873527276665e-010	9.115119e-002
7.102492669738157e-010	9.034621e-002
7.115111812199649e-010	8.944292e-002
7.127730954661141e-010	8.844131e-002
7.140350097122632e-010	8.734137e-002
7.152969239584125e-010	8.614311e-002
7.165588382045616e-010	8.484653e-002
7.188034506774518e-010	8.222599e-002
7.210087093188011e-010	7.930208e-002
7.232057974832969e-010	7.607088e-002
7.254194784540277e-010	7.253920e-002
7.276245623087945e-010	6.880448e-002
7.298459468468221e-010	6.489117e-002
7.311094126460071e-010	6.259486e-002
7.323728784451921e-010	6.031556e-002
7.336363442443770e-010	5.805329e-002
7.348998100435619e-010	5.580803e-002
7.361632758427469e-010	5.357979e-002
7.374267416419319e-010	5.136857e-002
7.386902074411168e-010	4.917437e-002
7.419927969931070e-010	4.381436e-002
7.453594061721770e-010	3.896034e-002
7.486822674218987e-010	3.497084e-002
7.508923666032643e-010	3.283818e-002
7.530965558353818e-010	3.115701e-002
7.553149517563849e-010	2.991290e-002
7.575150621463567e-010	2.909025e-002
7.608272758495361e-010	2.847424e-002
7.630838789114591e-010	2.833377e-002
7.652890771640238e-010	2.827751e-002
7.674996554136936e-010	2.818285e-002
7.686025751319605e-010	2.808827e-002
7.697125841892512e-010	2.794644e-002
7.708267243524455e-010	2.774826e-002
7.719244902028315e-010	2.749192e-002
7.730375762356576e-010	2.716592e-002
7.741299934666751e-010	2.677950e-002
7.763318906065548e-010	2.580402e-002
7.785341958821894e-010	2.458994e-002
7.807758820809724e-010	2.315951e-002
7.841014615733375e-010	2.080992e-002
7.855278568190968e-010	1.975222e-002
7.869542520648559e-010	1.870047e-002
7.883806473106151e-010	1.765465e-002
7.898070425563742e-010	1.661479e-002
7.912334378021334e-010	1.558086e-002
7.926598330478926e-010	1.455287e-002
7.940862282936518e-010	1.353083e-002
7.973959660683385e-010	1.116655e-002
7.995983286729042e-010	9.575410e-003
8.017917302411159e-010	7.969303e-003
8.039963837896664e-010	6.340970e-003
8.062238284242059e-010	4.703464e-003
8.084545020282380e-010	3.105978e-003
8.106538241953592e-010	1.614548e-003
8.117580887069051e-010	9.110462e-004
8.128562098011661e-010	2.487611e-004
8.139817213846886e-010	-3.861260e-004
8.151016922514172e-010	-9.689311e-004
8.162063059849861e-010	-1.491758e-003
8.173235250784943e-010	-1.964534e-003
8.184124184417968e-010	-2.368512e-003
8.195127743140607e-010	-2.717911e-003
8.206189223832658e-010	-3.008476e-003
8.217274164148302e-010	-3.238362e-003
8.228295128026084e-010	-3.406610e-003
8.239470249425745e-010	-3.517130e-003
8.250693976286129e-010	-3.569338e-003
8.262161743169707e-010	-3.564796e-003
8.273152963122354e-010	-3.508936e-003
8.284218319930629e-010	-3.405774e-003
8.295299070710754e-010	-3.259741e-003
8.306299164263948e-010	-3.077312e-003
8.328589730233333e-010	-2.614723e-003
8.350520131937807e-010	-2.075119e-003
8.372858367504894e-010	-1.485514e-003
8.394974371839375e-010	-9.052434e-004
8.417071567067385e-010	-3.659646e-004
8.439303681781345e-010	1.078533e-004
8.450866919738263e-010	3.211331e-004
8.472967521709306e-010	6.615071e-004
8.494995381027934e-010	9.164003e-004
8.506032637185662e-010	1.016278e-003
8.517574356072911e-010	1.104247e-003
8.539553435548035e-010	1.236781e-003
8.561614203087750e-010	1.344516e-003
8.583776932166054e-010	1.451729e-003
8.605974007767504e-010	1.579756e-003
8.628020728842754e-010	1.744682e-003
8.650038346445160e-010	1.960709e-003
8.672012310417285e-010	2.239902e-003
8.694242461819969e-010	2.601519e-003
8.716889455961243e-010	3.071680e-003
8.738928537812968e-010	3.652790e-003
8.749965978580958e-010	3.998663e-003
8.760943707805205e-010	4.383953e-003
8.772280983091223e-010	4.828929e-003
8.783567127386353e-010	5.322884e-003
8.794649392040323e-010	5.860230e-003
8.805533744511959e-010	6.440306e-003
8.827450984910847e-010	7.767780e-003
8.849787909813163e-010	9.329485e-003
8.883051271699796e-010	1.196224e-002
8.916341165750208e-010	1.475300e-002
8.949246168787079e-010	1.734359e-002
8.971658355568963e-010	1.883312e-002
8.993708245163873e-010	1.996927e-002
9.015636725688181e-010	2.070398e-002
9.038111373425509e-010	2.100459e-002
9.060460294443544e-010	2.083956e-002
9.082687070266710e-010	2.023921e-002
9.104856786776741e-010	1.925663e-002
9.126952523147337e-010	1.796428e-002
9.160061826554089e-010	1.561595e-002
9.192970350407836e-010	1.303175e-002
9.226169886714524e-010	1.042150e-002
9.248187091059726e-010	8.793121e-003
9.270065048610052e-010	7.315697e-003
9.292484730640007e-010	5.989607e-003
9.303552143686988e-010	5.415541e-003
9.314774798094810e-010	4.892047e-003
9.325859102221827e-010	4.435059e-003
9.336958081767828e-010	4.038486e-003
9.348030842001537e-010	3.703950e-003
9.359108105091692e-010	3.429594e-003
9.370099759444730e-010	3.215237e-003
9.381121309606193e-010	3.055404e-003
9.392105888305089e-010	2.947261e-003
9.403240196077282e-010	2.884951e-003
9.414217395067075e-010	2.864609e-003
9.436132011773229e-010	2.920674e-003
9.457963266640364e-010	3.058776e-003
9.469138944263842e-010	3.142913e-003
9.480021380031064e-010	3.224446e-003
9.491036755045091e-010	3.300149e-003
9.501935602956072e-010	3.362721e-003
9.513062673669082e-010	3.408995e-003
9.524151524817094e-010	3.433447e-003
9.535332004462502e-010	3.433219e-003
9.557536322587955e-010	3.352317e-003
9.579636669963985e-010	3.165057e-003
9.601849683351945e-010	2.880517e-003
9.634894711779173e-010	2.321188e-003
9.652233533923685e-010	1.976519e-003
9.669572356068200e-010	1.621473e-003
9.686911178212713e-010	1.256050e-003
9.704250000357226e-010	8.802498e-004
9.721588822501739e-010	4.940729e-004
9.738927644646254e-010	9.751894e-005
9.756266466790767e-010	-3.094120e-004
9.789900164766228e-010	-1.099021e-003
9.822964522785324e-010	-1.842857e-003
9.845345649194703e-010	-2.287127e-003
9.867250819999469e-010	-2.642121e-003
9.889095190933954e-010	-2.891999e-003
9.911228348269674e-010	-3.022809e-003
9.933167500060362e-010	-3.029478e-003
9.955740107321756e-010	-2.925966e-003
9.965238110504567e-010	-2.845956e-003
9.974736113687381e-010	-2.767299e-003
9.984234116870192e-010	-2.689994e-003
9.993732120053003e-010	-2.614041e-003
1.000323012323581e-009	-2.539441e-003
1.001272812641863e-009	-2.466194e-003
1.002222612960144e-009	-2.394299e-003
1.004451514335661e-009	-2.329570e-003
1.005563077965950e-009	-2.349817e-003
1.006655987364077e-009	-2.410632e-003
1.007753887504431e-009	-2.516297e-003
1.008849188011786e-009	-2.668686e-003
1.010000159436914e-009	-2.880623e-003
1.011092998511894e-009	-3.130795e-003
1.012206029701703e-009	-3.433010e-003
1.013336704324488e-009	-3.786047e-003
1.015566456350597e-009	-4.600712e-003
1.017817315860644e-009	-5.543344e-003
1.021136004557807e-009	-7.034061e-003
1.022270780847515e-009	-7.541506e-003
1.023377388531955e-009	-8.023513e-003
1.024486503322627e-009	-8.487398e-003
1.025580649638395e-009	-8.920452e-003
1.026684577860540e-009	-9.327469e-003
1.027778734227011e-009	-9.696824e-003
1.028912855036496e-009	-1.003988e-002
1.030014758749479e-009	-1.033132e-002
1.031123793831785e-009	-1.058055e-002
1.032217838274903e-009	-1.078146e-002
1.033320178452362e-009	-1.093777e-002
1.034410790148542e-009	-1.104653e-002
1.036648480281409e-009	-1.112832e-002
1.038872693458164e-009	-1.102884e-002
1.041141710569425e-009	-1.075690e-002
1.044475747845552e-009	-1.008746e-002
1.047821343875206e-009	-9.155741e-003
1.051151388661256e-009	-8.033067e-003
1.054496398056351e-009	-6.756691e-003
1.056701374495344e-009	-5.849324e-003
1.058940324859553e-009	-4.882640e-003
1.061243235268153e-009	-3.848986e-003
1.063467923661955e-009	-2.823642e-003
1.066855568549566e-009	-1.248325e-003
1.069078504903928e-009	-2.371113e-004
1.071286737581045e-009	7.210455e-004
1.073553025275289e-009	1.631259e-003
1.074647861676708e-009	2.038061e-003
1.075756879598566e-009	2.425757e-003
1.077969378761584e-009	3.122182e-003
1.080265210231527e-009	3.737254e-003
1.082490818687443e-009	4.240327e-003
1.085773955087175e-009	4.861675e-003
1.089097103940419e-009	5.425208e-003
1.090699986096870e-009	5.705498e-003
1.092302868253321e-009	5.992620e-003
1.093905750409772e-009	6.286575e-003
1.095508632566224e-009	6.587362e-003
1.097111514722675e-009	6.894981e-003
1.098714396879126e-009	7.209432e-003
1.100317279035577e-009	7.530716e-003
1.102518243302935e-009	7.915109e-003
1.104708746376870e-009	8.226264e-003
1.106933296014752e-009	8.440913e-003
1.109155772356504e-009	8.532366e-003
1.110260142072742e-009	8.528311e-003
1.112545455393031e-009	8.413959e-003
1.114769626325607e-009	8.171059e-003
1.118149392083674e-009	7.585944e-003
1.121455175419714e-009	6.819562e-003
1.124826669020363e-009	5.907407e-003
1.128158052538129e-009	4.930260e-003
1.131513740518898e-009	3.909768e-003
1.134829234332153e-009	2.898123e-003
1.138160060588056e-009	1.911424e-003
1.141457773609813e-009	9.981594e-004
1.143707785158021e-009	4.275336e-004
1.145959375615016e-009	-9.248438e-005
1.148167581150139e-009	-5.494624e-004
1.150397763643050e-009	-9.576393e-004
1.153723534329906e-009	-1.473123e-003
1.157042863423127e-009	-1.889197e-003
1.160333965073553e-009	-2.215867e-003
1.163711933477431e-009	-2.464542e-003
1.167031329812976e-009	-2.618035e-003
1.170388603444918e-009	-2.677646e-003
1.173718360122093e-009	-2.650761e-003
1.177064675094604e-009	-2.566270e-003
1.180395796590725e-009	-2.470343e-003
1.183728643035670e-009	-2.412535e-003
1.187021367490508e-009	-2.430375e-003
1.190366764901796e-009	-2.538345e-003
1.192574302584176e-009	-2.652767e-003
1.194877051375296e-009	-2.796152e-003
1.197083518068190e-009	-2.942927e-003
1.199274827625660e-009	-3.083892e-003
1.201513054044603e-009	-3.210207e-003
1.203706502219934e-009	-3.307187e-003
1.205988280253345e-009	-3.373886e-003
1.208242152876806e-009	-3.403761e-003
1.210483630748408e-009	-3.399696e-003
1.212682386488951e-009	-3.366719e-003
1.214894407814844e-009	-3.308830e-003
1.218203766253384e-009	-3.182546e-003
1.221491228254205e-009	-3.010536e-003
1.224782192836721e-009	-2.780464e-003
1.228060179627173e-009	-2.473717e-003
1.231463858103786e-009	-2.053479e-003
1.234814017421228e-009	-1.534201e-003
1.237030880932853e-009	-1.142372e-003
1.239226896851942e-009	-7.310489e-004
1.242515110384182e-009	-1.120732e-004
1.244713170275788e-009	2.727295e-004
1.246909597661180e-009	6.094478e-004
1.249093826258798e-009	8.796259e-004
1.251415875134597e-009	1.083702e-003
1.253621977266564e-009	1.194863e-003
1.255831921326998e-009	1.231216e-003
1.259199941477293e-009	1.176280e-003
1.262512825836218e-009	1.059245e-003
1.265853656813969e-009	9.609861e-004
1.268089229186279e-009	9.407931e-004
1.270342975329965e-009	9.722526e-004
1.272573564584571e-009	1.057870e-003
1.274803212585871e-009	1.192985e-003
1.278138619150567e-009	1.463481e-003
1.281458568078181e-009	1.773092e-003
1.284837383754040e-009	2.090142e-003
1.286273655478103e-009	2.214095e-003
1.287709927202166e-009	2.342278e-003
1.289146198926229e-009	2.474691e-003
1.290582470650292e-009	2.611335e-003
1.292018742374355e-009	2.752209e-003
1.293455014098418e-009	2.897313e-003
1.294891285822482e-009	3.046648e-003
1.297120042796419e-009	3.321583e-003
1.299317148919780e-009	3.636421e-003
1.301557209148368e-009	4.004513e-003
1.303759768145989e-009	4.408358e-003
1.304858024508325e-009	4.622059e-003
1.306005640975185e-009	4.851498e-003
1.307122088824753e-009	5.078425e-003
1.308286883699785e-009	5.316333e-003
1.309384587383014e-009	5.539036e-003
1.310491243772786e-009	5.759449e-003
1.311589114559679e-009	5.971587e-003
1.312766746065521e-009	6.189274e-003
1.313875737504289e-009	6.382779e-003
1.315028232287550e-009	6.570075e-003
1.316119659359958e-009	6.733095e-003
1.318318835189158e-009	7.015693e-003
1.320583316874056e-009	7.241159e-003
1.323882807742686e-009	7.460806e-003
1.325171157868707e-009	7.513151e-003
1.326459507994727e-009	7.557433e-003
1.327747858120747e-009	7.593653e-003
1.329036208246767e-009	7.621811e-003
1.330324558372787e-009	7.641906e-003
1.331612908498808e-009	7.653939e-003
1.332901258624828e-009	7.657910e-003
1.335136230656146e-009	7.655265e-003
1.337335049905759e-009	7.626154e-003
1.339620323412680e-009	7.552139e-003
1.342943477251093e-009	7.321177e-003
1.345249183873718e-009	7.042813e-003
1.347474227482109e-009	6.661957e-003
1.349669237850719e-009	6.168460e-003
1.351987722083719e-009	5.518956e-003
1.354207242598203e-009	4.781785e-003
1.356409480874880e-009	3.954502e-003
1.359828271832718e-009	2.530997e-003
1.363183222765333e-009	1.042997e-003
1.366550587121418e-009	-4.691897e-004
1.369894158214484e-009	-1.944121e-003
1.372780176971682e-009	-3.191153e-003
1.375666195728880e-009	-4.404863e-003
1.378552214486078e-009	-5.585253e-003
1.381438233243276e-009	-6.732322e-003
1.384324252000473e-009	-7.846070e-003
1.387210270757671e-009	-8.926497e-003
1.390096289514869e-009	-9.973602e-003
1.393422751174442e-009	-1.102813e-002
1.396917629733650e-009	-1.193995e-002
1.400219914768589e-009	-1.256206e-002
1.403594710775013e-009	-1.290584e-002
1.406888063474292e-009	-1.291789e-002
1.409256298692162e-009	-1.271661e-002
1.412610053515150e-009	-1.213143e-002
1.416049266914637e-009	-1.119233e-002
1.419366147559616e-009	-1.001420e-002
1.422788434033654e-009	-8.590951e-003
1.424990051756245e-009	-7.599766e-003
1.427344136260693e-009	-6.499790e-003
1.429631015860243e-009	-5.409272e-003
1.431837451493567e-009	-4.350340e-003
1.434156453146210e-009	-3.242460e-003
1.436419323514119e-009	-2.177711e-003
1.438668587381722e-009	-1.147382e-003
1.441033912389459e-009	-1.092443e-004
1.443273542696447e-009	8.144460e-004
1.445468853951275e-009	1.647222e-003
1.447867495648915e-009	2.456604e-003
1.450089323679620e-009	3.098943e-003
1.452318090010567e-009	3.631472e-003
1.454631474441028e-009	4.065092e-003
1.456856814096699e-009	4.374985e-003
1.459211259070323e-009	4.604560e-003
1.461438327860594e-009	4.749365e-003
1.463628026886713e-009	4.845469e-003
1.465964524592715e-009	4.921466e-003
1.468202074304518e-009	4.988425e-003
1.470510154708180e-009	5.066704e-003
1.472794336553906e-009	5.161418e-003
1.475019743969518e-009	5.271338e-003
1.477250040357342e-009	5.394528e-003
1.479612075029874e-009	5.529773e-003
1.483001458605323e-009	5.707033e-003
1.484948856701538e-009	5.794102e-003
1.486896254797753e-009	5.846441e-003
1.488843652893967e-009	5.864049e-003
1.490791050990182e-009	5.846926e-003
1.492738449086397e-009	5.795072e-003
1.494685847182612e-009	5.708487e-003
1.496633245278827e-009	5.587172e-003
1.498435451800872e-009	5.425156e-003
1.500237658322916e-009	5.255116e-003
1.502039864844961e-009	5.077053e-003
1.503842071367005e-009	4.890966e-003
1.505644277889050e-009	4.696856e-003
1.507446484411095e-009	4.494722e-003
1.509248690933139e-009	4.284564e-003
1.511049564023391e-009	4.109591e-003
1.512850437113643e-009	3.948567e-003
1.514651310203895e-009	3.801490e-003
1.516452183294147e-009	3.668362e-003
1.518253056384399e-009	3.549182e-003
1.520053929474651e-009	3.443950e-003
1.521854802564903e-009	3.352667e-003
1.523970557092668e-009	3.230043e-003
1.526086311620433e-009	3.105627e-003
1.528202066148198e-009	2.979419e-003
1.530317820675963e-009	2.851417e-003
1.532433575203728e-009	2.721623e-003
1.534549329731492e-009	2.590037e-003
1.536665084259257e-009	2.456657e-003
1.538287079410481e-009	2.381530e-003
1.539909074561705e-009	2.315474e-003
1.541531069712929e-009	2.258490e-003
1.543153064864152e-009	2.210577e-003
1.544775060015376e-009	2.171735e-003
1.546397055166600e-009	2.141965e-003
1.548019050317824e-009	2.121267e-003
1.550286138116854e-009	2.069574e-003
1.552514760597773e-009	1.993224e-003
1.554803522406063e-009	1.876941e-003
1.557058432443162e-009	1.718719e-003
1.559277309819792e-009	1.520719e-003
1.562693803355695e-009	1.147987e-003
1.564146237478685e-009	9.641674e-004
1.565598671601675e-009	7.837027e-004
1.567051105724665e-009	6.065933e-004
1.568503539847655e-009	4.328389e-004
1.569955973970645e-009	2.624396e-004
1.571408408093635e-009	9.539550e-005
1.572860842216625e-009	-6.829351e-005
1.576307451234997e-009	-3.814552e-004
1.578518615284192e-009	-5.296346e-004
1.580852474633780e-009	-6.312029e-004
1.583069222985814e-009	-6.671424e-004
1.585332839634058e-009	-6.346985e-004
1.587632770910509e-009	-5.232917e-004
1.589844286236756e-009	-3.382174e-004
1.592210093007079e-009	-5.726266e-005
1.594514897882413e-009	2.907802e-004
1.597854958680766e-009	8.936588e-004
1.599148411847416e-009	1.157018e-003
1.600441865014067e-009	1.414069e-003
1.601735318180717e-009	1.664812e-003
1.603028771347367e-009	1.909246e-003
1.604322224514017e-009	2.147372e-003
1.605615677680668e-009	2.379190e-003
1.606909130847318e-009	2.604699e-003
1.610210663110548e-009	3.066200e-003
1.612598768042178e-009	3.307351e-003
1.614831798669494e-009	3.456951e-003
1.617082879975083e-009	3.532627e-003
1.619371076451376e-009	3.533560e-003
1.621576724585109e-009	3.464515e-003
1.623805064441978e-009	3.328777e-003
1.627134954459110e-009	3.014420e-003
1.630586159776356e-009	2.575479e-003
1.631880610420152e-009	2.381408e-003
1.633175061063948e-009	2.190020e-003
1.634469511707745e-009	2.001315e-003
1.635763962351541e-009	1.815291e-003
1.637058412995337e-009	1.631951e-003
1.638352863639134e-009	1.451293e-003
1.639647314282930e-009	1.273317e-003
1.641877134704896e-009	1.017762e-003
1.644103011185136e-009	8.166088e-004
1.646335951727945e-009	6.740915e-004
1.648618541073657e-009	5.880806e-004
1.652058835051987e-009	5.522408e-004
1.653346218209134e-009	5.671022e-004
1.654633601366281e-009	5.802157e-004
1.655920984523428e-009	5.915814e-004
1.657208367680575e-009	6.011992e-004
1.658495750837721e-009	6.090692e-004
1.659783133994868e-009	6.151913e-004
1.661070517152015e-009	6.195655e-004
1.664529663127138e-009	5.483729e-004
1.666754842749863e-009	4.418947e-004
1.668983179894252e-009	2.795559e-004
1.671171917659970e-009	6.163970e-005
1.673363662867748e-009	-2.167174e-004
1.675640300269174e-009	-5.692914e-004
1.677884837236321e-009	-9.768626e-004
1.681399092613662e-009	-1.716782e-003
1.682857294397519e-009	-2.063860e-003
1.684315496181377e-009	-2.408789e-003
1.685773697965235e-009	-2.751570e-003
1.687231899749092e-009	-3.092202e-003
1.688690101532950e-009	-3.430685e-003
1.690148303316808e-009	-3.767021e-003
1.691606505100665e-009	-4.101207e-003
1.694955946896580e-009	-4.763352e-003
1.698299047230186e-009	-5.289793e-003
1.701744140871961e-009	-5.674200e-003
1.705036754216398e-009	-5.890906e-003
1.708419527186659e-009	-5.966756e-003
1.711880943558489e-009	-5.896837e-003
1.715243387411795e-009	-5.689941e-003
1.718646889686317e-009	-5.347201e-003
1.722024361312534e-009	-4.890158e-003
1.725491708050999e-009	-4.331130e-003
1.727474751916236e-009	-3.969827e-003
1.729457795781473e-009	-3.621708e-003
1.731440839646710e-009	-3.286773e-003
1.733423883511947e-009	-2.965022e-003
1.735406927377185e-009	-2.656456e-003
1.737389971242422e-009	-2.361073e-003
1.739373015107659e-009	-2.078875e-003
1.742940838978089e-009	-1.661790e-003
1.746472430329477e-009	-1.330034e-003
1.749970917051244e-009	-1.074211e-003
1.752099519595761e-009	-9.598696e-004
1.754228122140278e-009	-8.593379e-004
1.756356724684795e-009	-7.726156e-004
1.758485327229311e-009	-6.997027e-004
1.760613929773828e-009	-6.405991e-004
1.762742532318345e-009	-5.953050e-004
1.764871134862862e-009	-5.638202e-004
1.767018801418338e-009	-5.146543e-004
1.769166467973815e-009	-4.645267e-004
1.771314134529292e-009	-4.134374e-004
1.773461801084768e-009	-3.613863e-004
1.775609467640245e-009	-3.083735e-004
1.777757134195722e-009	-2.543989e-004
1.779904800751198e-009	-1.994626e-004
1.783380864138378e-009	-1.601223e-004
1.786820022858980e-009	-1.765821e-004
1.790207204209350e-009	-2.511348e-004
1.793607630950380e-009	-3.779742e-004
1.797100415246278e-009	-5.488383e-004
1.798561380576182e-009	-6.334456e-004
1.800022345906086e-009	-7.159727e-004
1.801483311235989e-009	-7.964197e-004
1.802944276565893e-009	-8.747865e-004
1.804405241895797e-009	-9.510733e-004
1.805866207225700e-009	-1.025280e-003
1.807327172555604e-009	-1.097406e-003
1.810663450231450e-009	-1.202147e-003
1.812900938718895e-009	-1.219220e-003
1.815285719724685e-009	-1.174030e-003
1.817506192521953e-009	-1.062258e-003
1.819938095152171e-009	-8.548657e-004
1.822284187466857e-009	-5.694262e-004
1.824504334439408e-009	-2.276676e-004
1.826833662972664e-009	1.931064e-004
1.830225508948859e-009	8.805377e-004
1.831732153645538e-009	1.210428e-003
1.833238798342217e-009	1.526149e-003
1.834745443038896e-009	1.827701e-003
1.836252087735575e-009	2.115083e-003
1.837758732432254e-009	2.388297e-003
1.839265377128933e-009	2.647340e-003
1.840772021825612e-009	2.892215e-003
1.844291648357664e-009	3.340647e-003
1.847902792157741e-009	3.654331e-003
1.851375381218096e-009	3.828307e-003
1.853264509417504e-009	3.867436e-003
1.855153637616911e-009	3.888838e-003
1.857042765816318e-009	3.892513e-003
1.858931894015726e-009	3.878460e-003
1.860821022215133e-009	3.846681e-003
1.862710150414540e-009	3.797174e-003
1.864599278613947e-009	3.729940e-003
1.866612961946437e-009	3.665303e-003
1.868626645278928e-009	3.601177e-003
1.870640328611418e-009	3.537564e-003
1.872654011943908e-009	3.474462e-003
1.874667695276398e-009	3.411872e-003
1.876681378608888e-009	3.349794e-003
1.878695061941378e-009	3.288228e-003
1.880360918541454e-009	3.232637e-003
1.882026775141531e-009	3.156769e-003
1.883692631741607e-009	3.060625e-003
1.885358488341683e-009	2.944205e-003
1.887024344941759e-009	2.807508e-003
1.888690201541836e-009	2.650535e-003
1.890356058141912e-009	2.473285e-003
1.892649549128053e-009	2.177590e-003
1.895012123376103e-009	1.823299e-003
1.898455755572277e-009	1.230343e-003
1.899759879264028e-009	9.809115e-004
1.901064002955779e-009	7.314502e-004
1.902368126647530e-009	4.819590e-004
1.903672250339281e-009	2.324380e-004
1.904976374031032e-009	-1.711283e-005
1.906280497722783e-009	-2.666935e-004
1.907584621414534e-009	-5.163040e-004
1.910165267551810e-009	-9.637529e-004
1.912400183127684e-009	-1.301498e-003
1.914757976059014e-009	-1.591235e-003
1.917179549005183e-009	-1.803154e-003
1.919407520161145e-009	-1.911934e-003
1.921844516950310e-009	-1.930783e-003
1.924054129310806e-009	-1.857670e-003
1.926339690791411e-009	-1.697179e-003
1.928673173637167e-009	-1.454719e-003
1.932038048797342e-009	-9.951587e-004
1.933523219428774e-009	-7.529822e-004
1.935008390060207e-009	-5.091590e-004
1.936493560691639e-009	-2.636890e-004
1.937978731323071e-009	-1.657233e-005
1.939463901954504e-009	2.321911e-004
1.940949072585936e-009	4.826012e-004
1.942434243217368e-009	7.346581e-004
1.945862837281045e-009	1.256908e-003
1.949215322668140e-009	1.697596e-003
1.951401586373743e-009	1.940635e-003
1.953801925474582e-009	2.163622e-003
1.957201634023383e-009	2.398646e-003
1.960824455610547e-009	2.548670e-003
1.963464203678195e-009	2.585690e-003
1.966103951745843e-009	2.600666e-003
1.968743699813491e-009	2.593597e-003
1.971383447881139e-009	2.564485e-003
1.974023195948787e-009	2.513328e-003
1.976662944016435e-009	2.440128e-003
1.979302692084083e-009	2.344883e-003
1.982668114141626e-009	2.201610e-003
1.986218276869827e-009	2.004937e-003
1.989537100292558e-009	1.781696e-003
1.991035706220565e-009	1.665331e-003
1.992534312148572e-009	1.553902e-003
1.994032918076579e-009	1.447410e-003
1.995531524004586e-009	1.345855e-003
1.997030129932594e-009	1.249237e-003
1.998528735860600e-009	1.157556e-003
2.000027341788608e-009	1.070812e-003
2.003404982816154e-009	9.437953e-004
2.006768435420876e-009	8.960774e-004
2.010292655667890e-009	9.222693e-004
2.013623356303044e-009	9.962025e-004
2.016964045026213e-009	1.087796e-003
2.020360326501604e-009	1.165293e-003
2.023737202510321e-009	1.195005e-003
2.027068180907458e-009	1.151623e-003
2.030573300195576e-009	1.006780e-003
2.033887607342354e-009	7.662005e-004
2.037243938829994e-009	4.228488e-004
2.040650266854931e-009	-9.864068e-006
2.042095094330276e-009	-2.198218e-004
2.043539921805620e-009	-4.275419e-004
2.044984749280965e-009	-6.330246e-004
2.046429576756310e-009	-8.362696e-004
2.047874404231655e-009	-1.037277e-003
2.049319231706999e-009	-1.236047e-003
2.050764059182344e-009	-1.432579e-003
2.054157480934520e-009	-1.818535e-003
2.057504149947967e-009	-2.103459e-003
2.060861738631386e-009	-2.281815e-003
2.064170400684818e-009	-2.352148e-003
2.067572516493066e-009	-2.324852e-003
2.069347992467497e-009	-2.264898e-003
2.071123468441928e-009	-2.196236e-003
2.072898944416359e-009	-2.118866e-003
2.074674420390790e-009	-2.032787e-003
2.076449896365221e-009	-1.938001e-003
2.078225372339653e-009	-1.834507e-003
2.080000848314084e-009	-1.722304e-003
2.083312910905316e-009	-1.559805e-003
2.086669401785093e-009	-1.448569e-003
2.090057020587751e-009	-1.402711e-003
2.093471066015654e-009	-1.417284e-003
2.094923215131872e-009	-1.443850e-003
2.096375364248090e-009	-1.466800e-003
2.097827513364308e-009	-1.486134e-003
2.099279662480526e-009	-1.501853e-003
2.100731811596744e-009	-1.513956e-003
2.102183960712961e-009	-1.522443e-003
2.103636109829179e-009	-1.527315e-003
2.106993758006692e-009	-1.469329e-003
2.110404410671950e-009	-1.323667e-003
2.113807549197569e-009	-1.089816e-003
2.117139814715488e-009	-7.873932e-004
2.120552502358936e-009	-4.256392e-004
2.122019667938871e-009	-2.540721e-004
2.123486833518806e-009	-8.867564e-005
2.124953999098742e-009	7.055024e-005
2.126421164678678e-009	2.236055e-004
2.127888330258613e-009	3.704901e-004
2.129355495838548e-009	5.112041e-004
2.130822661418484e-009	6.457475e-004
2.134169878751202e-009	8.714385e-004
2.136405217466233e-009	9.627835e-004
2.138698314810081e-009	1.001259e-003
2.140949688784862e-009	9.830333e-004
2.143248573734934e-009	9.087774e-004
2.146665381208688e-009	7.051774e-004
2.150105903322405e-009	4.103555e-004
2.153485280288290e-009	6.244208e-005
2.156867927735334e-009	-3.151947e-004
2.160213295991329e-009	-6.937098e-004
2.163776382409632e-009	-1.080392e-003
2.167087586971691e-009	-1.406856e-003
2.170531668343764e-009	-1.695291e-003
2.174001169042401e-009	-1.916318e-003
2.177417141749592e-009	-2.052622e-003
2.180841828899874e-009	-2.102270e-003
2.184210709454780e-009	-2.069263e-003
2.186171370412210e-009	-2.008788e-003
2.188132031369639e-009	-1.936138e-003
2.190092692327068e-009	-1.851312e-003
2.192053353284498e-009	-1.754312e-003
2.194014014241927e-009	-1.645137e-003
2.195974675199356e-009	-1.523786e-003
2.197935336156785e-009	-1.390261e-003
2.201232583037885e-009	-1.172516e-003
2.204641494356139e-009	-9.462417e-004
2.208103364676088e-009	-7.228313e-004
2.211445832908560e-009	-5.214980e-004
2.215121717337887e-009	-3.276982e-004
2.216909922631097e-009	-2.457944e-004
2.218698127924306e-009	-1.770964e-004
2.220486333217515e-009	-1.216043e-004
2.222274538510724e-009	-7.931805e-005
2.224062743803934e-009	-5.023768e-005
2.225850949097143e-009	-3.436319e-005
2.227639154390352e-009	-3.169457e-005
2.231111416064557e-009	-6.735951e-005
2.233261840336367e-009	-1.211018e-004
2.235412264608176e-009	-1.826913e-004
2.237562688879985e-009	-2.521280e-004
2.239713113151794e-009	-3.294120e-004
2.241863537423604e-009	-4.145432e-004
2.244013961695413e-009	-5.075217e-004
2.246164385967222e-009	-6.083474e-004
2.249522310915759e-009	-7.417439e-004
2.252894950884594e-009	-8.536277e-004
2.255533398089503e-009	-9.201612e-004
2.258171845294412e-009	-9.682987e-004
2.260810292499321e-009	-9.980402e-004
2.263448739704231e-009	-1.009386e-003
2.266087186909140e-009	-1.002335e-003
2.268725634114049e-009	-9.768887e-004
2.271364081318958e-009	-9.330463e-004
2.272458461010521e-009	-9.100692e-004
2.274909423650427e-009	-8.407902e-004
2.277360386290333e-009	-7.628838e-004
2.279811348930239e-009	-6.763500e-004
2.282262311570145e-009	-5.811887e-004
2.284713274210051e-009	-4.773999e-004
2.287164236849957e-009	-3.649837e-004
2.289615199489863e-009	-2.439400e-004
2.292896718360451e-009	-1.014958e-004
2.296178237231038e-009	2.946171e-005
2.299459756101626e-009	1.489325e-004
2.302741274972213e-009	2.569165e-004
2.306022793842801e-009	3.534138e-004
2.309304312713388e-009	4.384244e-004
2.312585831583976e-009	5.119482e-004
2.315875978525288e-009	5.811079e-004
2.319166125466601e-009	6.341822e-004
2.322456272407913e-009	6.711711e-004
2.325746419349226e-009	6.920745e-004
2.329036566290538e-009	6.968926e-004
2.332326713231851e-009	6.856251e-004
2.335616860173163e-009	6.582723e-004
2.338120754431549e-009	6.211628e-004
2.340624648689935e-009	5.890844e-004
2.343128542948320e-009	5.620371e-004
2.345632437206706e-009	5.400209e-004
2.348136331465092e-009	5.230359e-004
2.350640225723478e-009	5.110819e-004
2.353144119981863e-009	5.041591e-004
2.355473759546879e-009	5.221357e-004
2.357803399111895e-009	5.489368e-004
2.360133038676910e-009	5.845624e-004
2.362462678241926e-009	6.290125e-004
2.364792317806942e-009	6.822870e-004
2.367121957371958e-009	7.443860e-004
2.369451596936973e-009	8.153095e-004
2.372079878839776e-009	9.002647e-004
2.374708160742580e-009	9.799915e-004
2.377336442645383e-009	1.054490e-003
2.379964724548187e-009	1.123760e-003
2.382593006450990e-009	1.187802e-003
2.385221288353793e-009	1.246616e-003
2.387849570256597e-009	1.300201e-003
2.391339180680805e-009	1.330507e-003
2.394836235861756e-009	1.320845e-003
2.398255463059774e-009	1.270863e-003
2.401681247244168e-009	1.184828e-003
2.403549638183088e-009	1.121291e-003
2.405418029122009e-009	1.056403e-003
2.407286420060930e-009	9.901648e-004
2.409154810999851e-009	9.225758e-004
2.411023201938772e-009	8.536364e-004
2.412891592877693e-009	7.833464e-004
2.414759983816614e-009	7.117058e-004
2.417869281794394e-009	6.111462e-004
2.420978579772175e-009	5.209270e-004
2.424087877749956e-009	4.410482e-004
2.427197175727736e-009	3.715098e-004
2.430306473705517e-009	3.123118e-004
2.433415771683297e-009	2.634542e-004
2.436525069661078e-009	2.249371e-004
2.439068362592052e-009	1.861974e-004
2.441611655523027e-009	1.598903e-004
2.444154948454002e-009	1.460157e-004
2.446698241384977e-009	1.445738e-004
2.449241534315951e-009	1.555644e-004
2.451784827246926e-009	1.789875e-004
2.454328120177901e-009	2.148432e-004
2.457942487686838e-009	3.166067e-004
2.459775098558239e-009	3.900523e-004
2.461607709429639e-009	4.694435e-004
2.463440320301039e-009	5.547805e-004
2.465272931172440e-009	6.460632e-004
2.467105542043840e-009	7.432916e-004
2.468938152915240e-009	8.464658e-004
2.470770763786641e-009	9.555857e-004
2.472941693510879e-009	1.083349e-003
2.475112623235117e-009	1.197116e-003
2.477283552959355e-009	1.296885e-003
2.479454482683593e-009	1.382657e-003
2.481625412407831e-009	1.454431e-003
2.483796342132069e-009	1.512208e-003
2.485967271856307e-009	1.555988e-003
2.489459624399453e-009	1.568511e-003
2.493076403160395e-009	1.516331e-003
2.496381285012379e-009	1.410713e-003
2.499875213404333e-009	1.244271e-003
2.502082618342954e-009	1.104716e-003
2.504290023281574e-009	9.607402e-004
2.506497428220194e-009	8.123446e-004
2.508704833158814e-009	6.595290e-004
2.510912238097435e-009	5.022933e-004
2.513119643036055e-009	3.406376e-004
2.515327047974675e-009	1.745618e-004
2.518346173175151e-009	-2.440975e-005
2.521365298375626e-009	-2.067295e-004
2.524384423576102e-009	-3.723975e-004
2.527403548776578e-009	-5.214136e-004
2.530422673977054e-009	-6.537780e-004
2.533441799177529e-009	-7.694906e-004
2.536460924378005e-009	-8.685514e-004
2.539327198454783e-009	-9.656744e-004
2.542193472531561e-009	-1.065154e-003
2.545059746608338e-009	-1.166989e-003
2.547926020685116e-009	-1.271181e-003
2.550792294761894e-009	-1.377730e-003
2.553658568838672e-009	-1.486634e-003
2.556524842915450e-009	-1.597896e-003
2.564205060818623e-009	-1.843546e-003
2.571885278721795e-009	-1.998752e-003
2.579565496624969e-009	-2.063515e-003
2.587245714528141e-009	-2.037833e-003
2.594925932431314e-009	-1.921706e-003
2.602606150334487e-009	-1.715136e-003
2.610286368237660e-009	-1.418121e-003
2.614114383089696e-009	-1.249434e-003
2.617942397941732e-009	-1.085033e-003
2.621770412793768e-009	-9.249167e-004
2.625598427645804e-009	-7.690863e-004
2.629426442497840e-009	-6.175413e-004
2.633254457349877e-009	-4.702819e-004
2.637082472201912e-009	-3.273080e-004
2.641603265530368e-009	-1.706789e-004
2.646124058858824e-009	-1.314341e-005
2.650644852187280e-009	1.452985e-004
2.655165645515736e-009	3.046467e-004
2.659686438844192e-009	4.649014e-004
2.664207232172648e-009	6.260625e-004
2.668728025501104e-009	7.881299e-004
2.672059428879848e-009	8.793644e-004
2.675390832258594e-009	9.489747e-004
2.678722235637338e-009	9.969607e-004
2.682053639016083e-009	1.023322e-003
2.685385042394828e-009	1.028060e-003
2.688716445773573e-009	1.011173e-003
2.692047849152318e-009	9.726621e-004
2.695052157155100e-009	9.476790e-004
2.698056465157881e-009	9.285157e-004
2.701060773160663e-009	9.151722e-004
2.704065081163445e-009	9.076484e-004
2.707069389166227e-009	9.059445e-004
2.710073697169009e-009	9.100604e-004
2.713078005171791e-009	9.199960e-004
2.715583051585634e-009	9.222787e-004
2.718088097999478e-009	9.048743e-004
2.720593144413322e-009	8.677829e-004
2.723098190827166e-009	8.110044e-004
2.725603237241009e-009	7.345389e-004
2.728108283654853e-009	6.383862e-004
2.730613330068697e-009	5.225465e-004
2.734163359312769e-009	3.152763e-004
2.738190875319338e-009	3.818282e-005
2.741754344443392e-009	-2.300749e-004
2.743930034228575e-009	-4.075299e-004
2.746105724013758e-009	-5.725828e-004
2.748281413798941e-009	-7.252335e-004
2.750457103584123e-009	-8.654821e-004
2.752632793369306e-009	-9.933286e-004
2.754808483154489e-009	-1.108773e-003
2.756984172939672e-009	-1.211815e-003
2.760691419231584e-009	-1.313985e-003
2.764628492505233e-009	-1.338276e-003
2.768387783909094e-009	-1.282116e-003
2.772088761568434e-009	-1.159952e-003
2.774827158362077e-009	-1.023228e-003
2.777565555155719e-009	-8.752223e-004
2.780303951949362e-009	-7.159346e-004
2.783042348743005e-009	-5.453647e-004
2.785780745536648e-009	-3.635128e-004
2.788519142330291e-009	-1.703788e-004
2.791257539123934e-009	3.403738e-005
2.795157787579727e-009	3.127303e-004
2.798730992885203e-009	5.666834e-004
2.802321845558614e-009	8.193713e-004
2.805962420847860e-009	1.072598e-003
2.808041263768910e-009	1.218243e-003
2.810120106689958e-009	1.360137e-003
2.812198949611008e-009	1.498279e-003
2.814277792532057e-009	1.632670e-003
2.816356635453106e-009	1.763309e-003
2.818435478374155e-009	1.890197e-003
2.820514321295204e-009	2.013334e-003
2.822586983902885e-009	2.127908e-003
2.824659646510565e-009	2.226774e-003
2.826732309118246e-009	2.309933e-003
2.828804971725926e-009	2.377384e-003
2.830877634333607e-009	2.429128e-003
2.832950296941287e-009	2.465165e-003
2.835022959548968e-009	2.485494e-003
2.838750791714963e-009	2.463513e-003
2.842132903194217e-009	2.383871e-003
2.846202610846129e-009	2.211951e-003
2.849896083210302e-009	1.986828e-003
2.853611913802130e-009	1.701341e-003
2.857681979897063e-009	1.335297e-003
2.859814738725863e-009	1.118820e-003
2.861947497554663e-009	9.060172e-004
2.864080256383462e-009	6.968891e-004
2.866213015212262e-009	4.914357e-004
2.868345774041062e-009	2.896570e-004
2.870478532869862e-009	9.155302e-005
2.872611291698662e-009	-1.028763e-004
2.876704963396000e-009	-4.131330e-004
2.880135466970536e-009	-6.176345e-004
2.884253410106730e-009	-7.879112e-004
2.887975055790973e-009	-8.702810e-004
2.890174459582539e-009	-8.800556e-004
2.892373863374104e-009	-8.794704e-004
2.894573267165670e-009	-8.685253e-004
2.896772670957235e-009	-8.472203e-004
2.898972074748801e-009	-8.155555e-004
2.901171478540366e-009	-7.735307e-004
2.903370882331932e-009	-7.211461e-004
2.906782678926626e-009	-6.566930e-004
2.910194475521320e-009	-6.176892e-004
2.913606272116014e-009	-6.041350e-004
2.917018068710707e-009	-6.160301e-004
2.920429865305401e-009	-6.533747e-004
2.923841661900095e-009	-7.161687e-004
2.927253458494789e-009	-8.044122e-004
2.929888131179391e-009	-8.931055e-004
2.932522803863993e-009	-9.772027e-004
2.935157476548595e-009	-1.056704e-003
2.937792149233197e-009	-1.131609e-003
2.940426821917799e-009	-1.201918e-003
2.943061494602401e-009	-1.267631e-003
2.945696167287003e-009	-1.328747e-003
2.948391780494201e-009	-1.364523e-003
2.951087393701400e-009	-1.381444e-003
2.953783006908598e-009	-1.379511e-003
2.956478620115797e-009	-1.358724e-003
2.959174233322995e-009	-1.319082e-003
2.961869846530194e-009	-1.260585e-003
2.964565459737392e-009	-1.183234e-003
2.967964268487904e-009	-1.056755e-003
2.971363077238415e-009	-9.166268e-004
2.974761885988926e-009	-7.628505e-004
2.978160694739438e-009	-5.954258e-004
2.981559503489949e-009	-4.143528e-004
2.984958312240460e-009	-2.196313e-004
2.988357120990971e-009	-1.126140e-005
2.999783137465607e-009	6.515711e-004
3.000000000000000e-009	6.630718e-004
