time	V(n_3p)
0.000000000000000e+000	0.000000e+000
4.008025280032098e-011	-1.212337e-006
8.016050560064196e-011	-1.672134e-006
1.202407584009630e-010	-1.379391e-006
1.603210112012839e-010	-3.341070e-007
2.004012640016049e-010	1.463717e-006
2.404815168019259e-010	4.014082e-006
2.805617696022468e-010	7.316987e-006
2.854263550098424e-010	8.734234e-006
2.902909404174379e-010	9.880627e-006
2.951555258250335e-010	1.075617e-005
3.000201112326291e-010	1.136085e-005
3.048846966402247e-010	1.169468e-005
3.097492820478203e-010	1.175766e-005
3.146138674554159e-010	1.154978e-005
3.181015684784423e-010	8.090411e-006
3.215892695014688e-010	5.266088e-006
3.250769705244953e-010	3.076812e-006
3.285646715475218e-010	1.522581e-006
3.320523725705482e-010	6.033968e-007
3.355400735935747e-010	3.192588e-007
3.390277746166012e-010	6.701670e-007
3.420345799952937e-010	-4.732582e-006
3.450413853739864e-010	-9.136177e-006
3.480481907526790e-010	-1.254062e-005
3.510549961313716e-010	-1.494591e-005
3.540618015100642e-010	-1.635204e-005
3.570686068887568e-010	-1.675902e-005
3.600754122674494e-010	-1.616684e-005
3.627699811699694e-010	-1.894866e-005
3.654645500724893e-010	-2.162993e-005
3.681591189750092e-010	-2.421065e-005
3.708536878775291e-010	-2.669084e-005
3.735482567800490e-010	-2.907048e-005
3.762428256825689e-010	-3.134958e-005
3.789373945850889e-010	-3.352814e-005
3.819327239680460e-010	-2.990640e-005
3.849280533510031e-010	-2.755679e-005
3.879233827339602e-010	-2.647931e-005
3.909187121169173e-010	-2.667396e-005
3.939140414998745e-010	-2.814074e-005
3.969093708828316e-010	-3.087965e-005
3.999047002657887e-010	-3.489069e-005
4.021061782542528e-010	-2.778075e-005
4.043076562427168e-010	-2.211818e-005
4.065091342311809e-010	-1.790296e-005
4.087106122196449e-010	-1.513511e-005
4.109120902081089e-010	-1.381461e-005
4.131135681965730e-010	-1.394146e-005
4.153150461850370e-010	-1.551568e-005
4.179762124339727e-010	-1.841186e-005
4.206373786829085e-010	-1.936233e-005
4.232985449318442e-010	-1.836711e-005
4.259597111807799e-010	-1.542619e-005
4.286208774297156e-010	-1.053958e-005
4.312820436786513e-010	-3.707266e-006
4.339432099275870e-010	5.070744e-006
4.358318772050365e-010	-1.094286e-007
4.377205444824859e-010	-4.373379e-006
4.396092117599353e-010	-7.721106e-006
4.414978790373848e-010	-1.015261e-005
4.433865463148342e-010	-1.166789e-005
4.452752135922836e-010	-1.226695e-005
4.471638808697331e-010	-1.194979e-005
4.489061942316162e-010	-2.969591e-006
4.506485075934992e-010	6.428314e-006
4.523908209553824e-010	1.624392e-005
4.541331343172655e-010	2.647724e-005
4.558754476791486e-010	3.712825e-005
4.576177610410316e-010	4.819697e-005
4.593600744029148e-010	5.968340e-005
4.609403027176304e-010	6.639871e-005
4.625205310323460e-010	7.774458e-005
4.641007593470616e-010	9.372099e-005
4.656809876617773e-010	1.143280e-004
4.672612159764930e-010	1.395655e-004
4.688414442912085e-010	1.694335e-004
4.704216726059242e-010	2.039322e-004
4.720050288261815e-010	2.461622e-004
4.735883850464387e-010	2.935837e-004
4.751717412666960e-010	3.461969e-004
4.767550974869532e-010	4.040016e-004
4.783384537072106e-010	4.669978e-004
4.799218099274678e-010	5.351856e-004
4.815051661477251e-010	6.085650e-004
4.837190589051619e-010	7.429709e-004
4.859204053189807e-010	9.302648e-004
4.870430725853062e-010	1.056456e-003
4.881504292814686e-010	1.207512e-003
4.892512925917146e-010	1.388994e-003
4.903563558303021e-010	1.607946e-003
4.914591041461347e-010	1.868647e-003
4.925583858359622e-010	2.175947e-003
4.936650927855381e-010	2.538546e-003
4.947461181288536e-010	2.949234e-003
4.958697268257528e-010	3.440240e-003
4.969789723245697e-010	3.993547e-003
4.980675010887119e-010	4.606630e-003
4.991582298678754e-010	5.293919e-003
5.002589100495608e-010	6.064313e-003
5.013726425798903e-010	6.924703e-003
5.024757003222673e-010	7.858738e-003
5.035751583505306e-010	8.871995e-003
5.046833474983778e-010	9.977081e-003
5.057753503189155e-010	1.114849e-002
5.068761282838815e-010	1.241190e-002
5.079829296824256e-010	1.376517e-002
5.090994138782505e-010	1.521350e-002
5.101853177945108e-010	1.670102e-002
5.112914248552249e-010	1.829446e-002
5.123643247901987e-010	1.991368e-002
5.134706035236731e-010	2.165695e-002
5.156714043705040e-010	2.533729e-002
5.189780617986737e-010	3.135421e-002
5.202360019675791e-010	3.379361e-002
5.214939421364844e-010	3.628859e-002
5.227518823053898e-010	3.883915e-002
5.240098224742951e-010	4.144529e-002
5.252677626432005e-010	4.410701e-002
5.265257028121058e-010	4.682431e-002
5.277836429810112e-010	4.959718e-002
5.299706736630202e-010	5.448837e-002
5.321664044478256e-010	5.949638e-002
5.343566214990162e-010	6.456468e-002
5.376392640182626e-010	7.222823e-002
5.390589184281413e-010	7.559510e-002
5.404785728380200e-010	7.887871e-002
5.418982272478987e-010	8.207905e-002
5.433178816577775e-010	8.519613e-002
5.447375360676562e-010	8.822994e-002
5.461571904775349e-010	9.118049e-002
5.475768448874136e-010	9.404778e-002
5.509083175197719e-010	9.988065e-002
5.542348502314595e-010	1.044129e-001
5.575363913738270e-010	1.074411e-001
5.608704634343450e-010	1.089949e-001
5.624390774022028e-010	1.091605e-001
5.640076913700605e-010	1.091358e-001
5.655763053379184e-010	1.089208e-001
5.671449193057761e-010	1.085155e-001
5.687135332736340e-010	1.079200e-001
5.702821472414917e-010	1.071341e-001
5.718507612093496e-010	1.061580e-001
5.751617344764612e-010	1.040039e-001
5.785118571526111e-010	1.015872e-001
5.818111237016665e-010	9.907065e-002
5.840282556457946e-010	9.733948e-002
5.862789160328925e-010	9.557706e-002
5.885052145662919e-010	9.385571e-002
5.907276801180487e-010	9.218566e-002
5.940290542224174e-010	8.983327e-002
5.973256791172202e-010	8.763420e-002
5.984224136261699e-010	8.694421e-002
5.995191481351197e-010	8.623232e-002
6.006158826440695e-010	8.549852e-002
6.017126171530194e-010	8.474283e-002
6.028093516619691e-010	8.396523e-002
6.039060861709189e-010	8.316573e-002
6.050028206798687e-010	8.234432e-002
6.072025112359769e-010	8.046887e-002
6.083085088123078e-010	7.941647e-002
6.093987827752062e-010	7.829663e-002
6.105173965565653e-010	7.705586e-002
6.116192289642904e-010	7.573759e-002
6.127225175351303e-010	7.431835e-002
6.138302995982753e-010	7.279143e-002
6.149297755566321e-010	7.117466e-002
6.160445111093505e-010	6.943365e-002
6.171457624266256e-010	6.761575e-002
6.182593613324514e-010	6.568263e-002
6.193509477863207e-010	6.370036e-002
6.215642061037654e-010	5.944240e-002
6.226737332334765e-010	5.717501e-002
6.237832603631875e-010	5.487721e-002
6.248927874928986e-010	5.254901e-002
6.260023146226098e-010	5.019040e-002
6.271118417523209e-010	4.780139e-002
6.282213688820319e-010	4.538197e-002
6.293308960117430e-010	4.293214e-002
6.315340439979485e-010	3.818697e-002
6.337356144378996e-010	3.362975e-002
6.359393213321954e-010	2.939139e-002
6.381130199867796e-010	2.567100e-002
6.392051377031308e-010	2.401911e-002
6.403051936296063e-010	2.252506e-002
6.414263418836832e-010	2.119409e-002
6.425268219116766e-010	2.008989e-002
6.436305791445022e-010	1.919534e-002
6.447348877276162e-010	1.852250e-002
6.458316020785599e-010	1.807962e-002
6.469365738644258e-010	1.786241e-002
6.480593430661862e-010	1.787521e-002
6.491527566731268e-010	1.810822e-002
6.502679076457788e-010	1.856029e-002
6.513624462020136e-010	1.920162e-002
6.524775307720680e-010	2.003955e-002
6.535741972236952e-010	2.102626e-002
6.557942569153575e-010	2.342817e-002
6.579944513464945e-010	2.618359e-002
6.590986647597464e-010	2.764582e-002
6.601962316139097e-010	2.912053e-002
6.613073331835477e-010	3.061263e-002
6.624369074356928e-010	3.210744e-002
6.635304635054932e-010	3.351519e-002
6.646598955063692e-010	3.491165e-002
6.668812045843626e-010	3.743461e-002
6.690802933610598e-010	3.957372e-002
6.713019440714537e-010	4.131454e-002
6.735235660590918e-010	4.258950e-002
6.757130255876719e-010	4.335025e-002
6.779203775999355e-010	4.357304e-002
6.801331473227497e-010	4.319419e-002
6.823285226918980e-010	4.216725e-002
6.845307837638002e-010	4.044028e-002
6.867311683201266e-010	3.799793e-002
6.889579013689443e-010	3.481809e-002
6.911652479352229e-010	3.103583e-002
6.933731726783218e-010	2.675311e-002
6.955883282766047e-010	2.213236e-002
6.977966089772801e-010	1.741474e-002
7.000284503375305e-010	1.276349e-002
7.011336143553403e-010	1.057262e-002
7.022328618191933e-010	8.500331e-003
7.033414941280281e-010	6.540108e-003
7.044343353931396e-010	4.753622e-003
7.055490941168434e-010	3.095970e-003
7.066585188793229e-010	1.623114e-003
7.077549463184501e-010	3.488305e-004
7.088596242005693e-010	-7.483636e-004
7.099604180155703e-010	-1.654374e-003
7.110598620349214e-010	-2.374825e-003
7.121612721382317e-010	-2.916771e-003
7.132697649419587e-010	-3.288105e-003
7.143865453609637e-010	-3.495471e-003
7.154909873729881e-010	-3.547359e-003
7.165906024657923e-010	-3.460265e-003
7.177008698204465e-010	-3.245549e-003
7.187945804953621e-010	-2.923425e-003
7.199000838909240e-010	-2.500864e-003
7.210029780676918e-010	-1.996844e-003
7.221193483642988e-010	-1.417931e-003
7.232254967353145e-010	-7.909723e-004
7.243425674946744e-010	-1.189394e-004
7.287547961673802e-010	2.635312e-003
7.298487486879607e-010	3.276576e-003
7.309551111041262e-010	3.883454e-003
7.320672785147748e-010	4.440065e-003
7.331659516331946e-010	4.927278e-003
7.342678975201409e-010	5.344565e-003
7.353662869041401e-010	5.682011e-003
7.364658437210637e-010	5.935492e-003
7.375642998279017e-010	6.100330e-003
7.386789049326857e-010	6.174839e-003
7.397918963653473e-010	6.155418e-003
7.409113034860539e-010	6.042589e-003
7.420088038685075e-010	5.844072e-003
7.431265104577259e-010	5.557098e-003
7.442165966043072e-010	5.200524e-003
7.453203608789587e-010	4.769259e-003
7.464215849103327e-010	4.276244e-003
7.475232369810251e-010	3.728536e-003
7.486175434558812e-010	3.138795e-003
7.508216490556131e-010	1.845679e-003
7.530164719756523e-010	4.686564e-004
7.552177298877710e-010	-9.491936e-004
7.574378733959853e-010	-2.372064e-003
7.596609471382766e-010	-3.750044e-003
7.618617289912004e-010	-5.028143e-003
7.640624102349488e-010	-6.174039e-003
7.651727784109206e-010	-6.684660e-003
7.662651320915128e-010	-7.132613e-003
7.673641691430216e-010	-7.520755e-003
7.684766998160635e-010	-7.841488e-003
7.695795385592456e-010	-8.079923e-003
7.706790533804021e-010	-8.231828e-003
7.717827303352702e-010	-8.292373e-003
7.728845910384453e-010	-8.256886e-003
7.739740093018494e-010	-8.125656e-003
7.750875480552338e-010	-7.893271e-003
7.761798889541423e-010	-7.571998e-003
7.772757289219685e-010	-7.162873e-003
7.783746238845101e-010	-6.674150e-003
7.794717363998623e-010	-6.119374e-003
7.805769434549473e-010	-5.507108e-003
7.816767199630386e-010	-4.860657e-003
7.827886720581636e-010	-4.187156e-003
7.839033761427079e-010	-3.510654e-003
7.850075014652648e-010	-2.857785e-003
7.861068915987720e-010	-2.242306e-003
7.872059382943649e-010	-1.677480e-003
7.883003226364353e-010	-1.178852e-003
7.894009059600298e-010	-7.526922e-004
7.905093845032198e-010	-4.078280e-004
7.916098464508341e-010	-1.537106e-004
7.927080045785270e-010	1.127628e-005
7.938134925350849e-010	9.055017e-005
7.949147269554624e-010	8.871446e-005
7.960103480707564e-010	1.537150e-005
7.971136632230763e-010	-1.197286e-004
7.982241163162583e-010	-3.051717e-004
7.993257065193825e-010	-5.248840e-004
8.004288803297761e-010	-7.672270e-004
8.015289279696788e-010	-1.018560e-003
8.037167529936648e-010	-1.504821e-003
8.059189675044956e-010	-1.926304e-003
8.081290242328623e-010	-2.256676e-003
8.090740661577947e-010	-2.361031e-003
8.100191080827271e-010	-2.465446e-003
8.109641500076594e-010	-2.569923e-003
8.119091919325919e-010	-2.674462e-003
8.128542338575242e-010	-2.779061e-003
8.137992757824566e-010	-2.883722e-003
8.147443177073889e-010	-2.988443e-003
8.169673870830391e-010	-3.328182e-003
8.191731892749752e-010	-3.777341e-003
8.213686668342745e-010	-4.331538e-003
8.224764272056388e-010	-4.661671e-003
8.235841875770029e-010	-4.983021e-003
8.246919479483672e-010	-5.295587e-003
8.257997083197313e-010	-5.599369e-003
8.269074686910956e-010	-5.894368e-003
8.280152290624597e-010	-6.180584e-003
8.291229894338239e-010	-6.458016e-003
8.313399188056886e-010	-6.875959e-003
8.335394672024749e-010	-7.152682e-003
8.357691674668080e-010	-7.312326e-003
8.390838113481575e-010	-7.425844e-003
8.405035300483821e-010	-7.471798e-003
8.419232487486068e-010	-7.535321e-003
8.433429674488314e-010	-7.616410e-003
8.447626861490560e-010	-7.715067e-003
8.461824048492806e-010	-7.831291e-003
8.476021235495053e-010	-7.965082e-003
8.490218422497299e-010	-8.116441e-003
8.501334377870138e-010	-8.209163e-003
8.512270783720831e-010	-8.278430e-003
8.523250753276351e-010	-8.316555e-003
8.534304520543823e-010	-8.313991e-003
8.556352740242327e-010	-8.154942e-003
8.567419276839351e-010	-7.986153e-003
8.578353598069327e-010	-7.756682e-003
8.589375277308098e-010	-7.461852e-003
8.600550605744551e-010	-7.099688e-003
8.622639824292174e-010	-6.214622e-003
8.644655494323400e-010	-5.155718e-003
8.666680128088155e-010	-3.989945e-003
8.688829969196404e-010	-2.783795e-003
8.710811523467189e-010	-1.615619e-003
8.732941606360378e-010	-5.120271e-004
8.743970617028765e-010	3.132028e-006
8.755027826036616e-010	4.945527e-004
8.766026279158263e-010	9.581549e-004
8.788124325702644e-010	1.814050e-003
8.810254032023540e-010	2.569196e-003
8.832260183273248e-010	3.209013e-003
8.843256792555134e-010	3.479974e-003
8.854376252332110e-010	3.714867e-003
8.865577343675983e-010	3.905929e-003
8.876512474525949e-010	4.042143e-003
8.887588476635154e-010	4.122830e-003
8.898512230238759e-010	4.139644e-003
8.909447907333692e-010	4.088232e-003
8.920520305699558e-010	3.961621e-003
8.931467100348300e-010	3.759073e-003
8.942464972361810e-010	3.476069e-003
8.953441846975825e-010	3.113984e-003
8.964427204750918e-010	2.673840e-003
8.975625217163337e-010	2.149189e-003
8.986619611806887e-010	1.565449e-003
8.997634244120480e-010	9.203294e-004
9.008690262887857e-010	2.215565e-004
9.019783522115149e-010	-5.203582e-004
9.052995071859421e-010	-2.868313e-003
9.074998501741943e-010	-4.413434e-003
9.097020564255477e-010	-5.858366e-003
9.119124366505096e-010	-7.148924e-003
9.141170236930928e-010	-8.241697e-003
9.163302660776219e-010	-9.127074e-003
9.185547017937069e-010	-9.797892e-003
9.207530502112302e-010	-1.024221e-002
9.229736079334754e-010	-1.046297e-002
9.251756649845079e-010	-1.044125e-002
9.273471462011446e-010	-1.016682e-002
9.284348762546413e-010	-9.929544e-003
9.295654456172785e-010	-9.610285e-003
9.306471533113193e-010	-9.235156e-003
9.317524177241487e-010	-8.782309e-003
9.328406159516814e-010	-8.269898e-003
9.339623353405706e-010	-7.676377e-003
9.361763047256045e-010	-6.332852e-003
9.383896839736178e-010	-4.812813e-003
9.417052066738911e-010	-2.371894e-003
9.439312082770780e-010	-7.416200e-004
9.450598439856775e-010	5.417173e-005
9.461559546799405e-010	7.977254e-004
9.472604489038821e-010	1.512466e-003
9.483946793263462e-010	2.206580e-003
9.494931705104117e-010	2.838215e-003
9.506061994684142e-010	3.436800e-003
9.528012496653695e-010	4.498613e-003
9.550441976968415e-010	5.435301e-003
9.572372760967524e-010	6.227217e-003
9.583357411936029e-010	6.583551e-003
9.594594081876528e-010	6.922205e-003
9.605700617022291e-010	7.231745e-003
9.616882171456966e-010	7.517754e-003
9.628023053551252e-010	7.776073e-003
9.639017715994106e-010	8.003280e-003
9.661006280085616e-010	8.367002e-003
9.683730673757152e-010	8.602395e-003
9.706132928125330e-010	8.686493e-003
9.728372917632424e-010	8.632526e-003
9.761978030256310e-010	8.357172e-003
9.795318160088801e-010	8.001005e-003
9.828737507650626e-010	7.743509e-003
9.861795290080251e-010	7.705257e-003
9.895100407511596e-010	7.886029e-003
9.927962010894241e-010	8.171098e-003
9.961014853413766e-010	8.407303e-003
9.994336625938522e-010	8.472770e-003
1.002749717619582e-009	8.343637e-003
1.006102380369852e-009	8.094358e-003
1.007518585274746e-009	7.985047e-003
1.008934790179641e-009	7.884521e-003
1.010350995084535e-009	7.792782e-003
1.011767199989430e-009	7.709829e-003
1.013183404894324e-009	7.635661e-003
1.014599609799219e-009	7.570280e-003
1.016015814704113e-009	7.513685e-003
1.019347374774061e-009	7.260285e-003
1.021545802622669e-009	6.955374e-003
1.023755935567249e-009	6.492863e-003
1.025983618239888e-009	5.852914e-003
1.028185934655287e-009	5.060606e-003
1.030400256803717e-009	4.141944e-003
1.031348650449361e-009	3.712719e-003
1.032297044095004e-009	3.288755e-003
1.033245437740648e-009	2.870051e-003
1.034193831386291e-009	2.456608e-003
1.035142225031935e-009	2.048425e-003
1.036090618677578e-009	1.645502e-003
1.037039012323222e-009	1.247840e-003
1.038138717406395e-009	8.234706e-004
1.039243108134290e-009	4.261654e-004
1.040347727469032e-009	5.948575e-005
1.041466704600695e-009	-2.804068e-004
1.042574041312197e-009	-5.867027e-004
1.044794715369354e-009	-1.121716e-003
1.046992057670698e-009	-1.572652e-003
1.049195515275747e-009	-1.980933e-003
1.051431709787945e-009	-2.380447e-003
1.053642990612499e-009	-2.776901e-003
1.055864852381159e-009	-3.174149e-003
1.058076507492190e-009	-3.547330e-003
1.060283786213836e-009	-3.862216e-003
1.062509630502657e-009	-4.078107e-003
1.064706214819507e-009	-4.149089e-003
1.065808120941654e-009	-4.120376e-003
1.066912295823832e-009	-4.044011e-003
1.068016091546560e-009	-3.917799e-003
1.069129400007754e-009	-3.738686e-003
1.070226330915810e-009	-3.511011e-003
1.071323408770047e-009	-3.233121e-003
1.072417652438252e-009	-2.907469e-003
1.073515944997876e-009	-2.534266e-003
1.074607599312260e-009	-2.120340e-003
1.075727947132409e-009	-1.654856e-003
1.076819635099068e-009	-1.165927e-003
1.077923515874922e-009	-6.409448e-004
1.080140468931733e-009	4.844641e-004
1.083439291696447e-009	2.244093e-003
1.085654152407761e-009	3.404458e-003
1.086759876533914e-009	3.955989e-003
1.087914027344220e-009	4.501355e-003
1.089011469294423e-009	4.983897e-003
1.090116450035980e-009	5.427128e-003
1.091210936347781e-009	5.817509e-003
1.092311194533073e-009	6.155177e-003
1.093428587423364e-009	6.436510e-003
1.094564782163481e-009	6.654308e-003
1.095661272433591e-009	6.795950e-003
1.096773594260179e-009	6.868809e-003
1.097861080221232e-009	6.870481e-003
1.098957116862985e-009	6.803371e-003
1.100086445206894e-009	6.664333e-003
1.101200827135433e-009	6.461363e-003
1.102303340005062e-009	6.201277e-003
1.104507427477611e-009	5.529771e-003
1.106728797456232e-009	4.698508e-003
1.107840392035781e-009	4.230618e-003
1.108951986615331e-009	3.762646e-003
1.110063581194880e-009	3.294593e-003
1.111175175774429e-009	2.826457e-003
1.112286770353978e-009	2.358239e-003
1.113398364933528e-009	1.889939e-003
1.114509959513077e-009	1.421556e-003
1.117821482402448e-009	1.226580e-004
1.121124786970197e-009	-1.116332e-003
1.124444594840311e-009	-2.388022e-003
1.127781588813541e-009	-3.754913e-003
1.131094395921169e-009	-5.176250e-003
1.133340171451242e-009	-6.115167e-003
1.135538569621576e-009	-6.949822e-003
1.137741377403691e-009	-7.640437e-003
1.139979913713265e-009	-8.136040e-003
1.141092692296765e-009	-8.291716e-003
1.142178662364498e-009	-8.381503e-003
1.143274283654880e-009	-8.408845e-003
1.144375001587841e-009	-8.372997e-003
1.146599009784349e-009	-8.118045e-003
1.148815278637010e-009	-7.654819e-003
1.151045544423945e-009	-7.035557e-003
1.153246691588044e-009	-6.340805e-003
1.156552144574546e-009	-5.287071e-003
1.158777158388119e-009	-4.653288e-003
1.160982678885092e-009	-4.129661e-003
1.163181683166157e-009	-3.728360e-003
1.165401465300420e-009	-3.444856e-003
1.167631777782146e-009	-3.267277e-003
1.170948217380899e-009	-3.143619e-003
1.172218234700230e-009	-3.133716e-003
1.173488252019560e-009	-3.115309e-003
1.174758269338891e-009	-3.088398e-003
1.176028286658221e-009	-3.052982e-003
1.177298303977552e-009	-3.009062e-003
1.178568321296882e-009	-2.956638e-003
1.179838338616213e-009	-2.895710e-003
1.182042076198925e-009	-2.719798e-003
1.184293298014067e-009	-2.468501e-003
1.186538157457673e-009	-2.148060e-003
1.188745857446630e-009	-1.774385e-003
1.190967210047076e-009	-1.354725e-003
1.192074539168155e-009	-1.134553e-003
1.193176255326655e-009	-9.110804e-004
1.194289278183865e-009	-6.827597e-004
1.195404683721028e-009	-4.529566e-004
1.197620127278683e-009	2.607752e-006
1.199811230095818e-009	4.518637e-004
1.203141372202289e-009	1.156342e-003
1.205329361247808e-009	1.665935e-003
1.207540828582093e-009	2.253480e-003
1.209755753824787e-009	2.944803e-003
1.211972236334666e-009	3.761047e-003
1.214191469019476e-009	4.708197e-003
1.216395953833158e-009	5.761159e-003
1.219716490137738e-009	7.463044e-003
1.223016626484605e-009	9.089312e-003
1.225207190216995e-009	9.999778e-003
1.227428499587009e-009	1.069411e-002
1.228531551771075e-009	1.093367e-002
1.229646543905959e-009	1.109732e-002
1.230744176569688e-009	1.117809e-002
1.231860557563119e-009	1.117720e-002
1.232960690416913e-009	1.109514e-002
1.235165776068686e-009	1.070055e-002
1.237368595391982e-009	1.003707e-002
1.239595685151220e-009	9.155495e-003
1.242899131745755e-009	7.612821e-003
1.245113631097477e-009	6.517513e-003
1.247319239490192e-009	5.433500e-003
1.248441005783743e-009	4.893091e-003
1.249531559752637e-009	4.376111e-003
1.251743575412010e-009	3.348900e-003
1.253943054796503e-009	2.339038e-003
1.257306416779071e-009	7.512796e-004
1.259524143019283e-009	-3.662963e-004
1.261717975345285e-009	-1.545957e-003
1.265051337033918e-009	-3.467215e-003
1.266164291989207e-009	-4.147775e-003
1.267277246944496e-009	-4.814195e-003
1.268390201899785e-009	-5.466477e-003
1.269503156855073e-009	-6.104620e-003
1.270616111810362e-009	-6.728624e-003
1.271729066765651e-009	-7.338489e-003
1.272842021720940e-009	-7.934215e-003
1.275077689853027e-009	-8.976411e-003
1.277349821973668e-009	-9.837716e-003
1.279567563955416e-009	-1.046086e-002
1.281772242165373e-009	-1.086025e-002
1.284050285033082e-009	-1.105260e-002
1.286304930096724e-009	-1.104659e-002
1.289619663492778e-009	-1.075357e-002
1.292947288239081e-009	-1.022107e-002
1.296309405581672e-009	-9.537645e-003
1.299616906759514e-009	-8.779255e-003
1.301885565666195e-009	-8.219085e-003
1.305237598816091e-009	-7.324402e-003
1.308550978688537e-009	-6.344186e-003
1.311858664234900e-009	-5.262059e-003
1.314073871131713e-009	-4.487947e-003
1.316307099861155e-009	-3.684183e-003
1.318512760078666e-009	-2.889163e-003
1.320724775570221e-009	-2.117184e-003
1.322956277062612e-009	-1.392427e-003
1.325150884301782e-009	-7.576691e-004
1.326244025432878e-009	-4.764048e-004
1.327412793352340e-009	-2.036654e-004
1.328510974000638e-009	2.556617e-005
1.329623523971447e-009	2.312069e-004
1.330691237065497e-009	4.042793e-004
1.332906243764559e-009	6.953005e-004
1.335168565011643e-009	9.191697e-004
1.337364439202023e-009	1.098552e-003
1.339597219583184e-009	1.281600e-003
1.341811839158645e-009	1.501970e-003
1.344005400662990e-009	1.790139e-003
1.346227878100546e-009	2.174848e-003
1.348439706802928e-009	2.658932e-003
1.350655084551458e-009	3.239883e-003
1.352895617907846e-009	3.907969e-003
1.355089159513984e-009	4.616098e-003
1.357307877883426e-009	5.359559e-003
1.359569678525385e-009	6.120231e-003
1.362867719805362e-009	7.198393e-003
1.366208445281282e-009	8.236932e-003
1.369504449338714e-009	9.223016e-003
1.372890984056134e-009	1.021780e-002
1.376211108740751e-009	1.116456e-002
1.379635763194834e-009	1.203958e-002
1.382935619423671e-009	1.265975e-002
1.385197005933903e-009	1.288086e-002
1.387412122198355e-009	1.288746e-002
1.389599435107115e-009	1.266044e-002
1.391842413354407e-009	1.217277e-002
1.394059700381750e-009	1.144262e-002
1.396365445447047e-009	1.044905e-002
1.398603473216547e-009	9.300623e-003
1.401904829044679e-009	7.397284e-003
1.403032152051380e-009	6.704999e-003
1.404159475058081e-009	6.029421e-003
1.405286798064783e-009	5.370550e-003
1.406414121071484e-009	4.728385e-003
1.407541444078186e-009	4.102928e-003
1.408668767084887e-009	3.494177e-003
1.409796090091589e-009	2.902133e-003
1.410908953737685e-009	2.366050e-003
1.412018692399190e-009	1.867867e-003
1.413125272533553e-009	1.409377e-003
1.414223025430057e-009	9.936629e-004
1.415445355101923e-009	5.774666e-004
1.416569053418694e-009	2.383944e-004
1.417718666493456e-009	-6.575962e-005
1.418804785464007e-009	-3.142001e-004
1.419909077418980e-009	-5.291793e-004
1.420998859573719e-009	-7.054993e-004
1.422091643391284e-009	-8.481165e-004
1.423229685274868e-009	-9.620934e-004
1.424328132693278e-009	-1.040548e-003
1.425434658790605e-009	-1.090236e-003
1.426535940010784e-009	-1.112474e-003
1.428868036360696e-009	-1.079592e-003
1.431111421700208e-009	-9.615707e-004
1.434451563198961e-009	-6.737197e-004
1.436719348812427e-009	-4.357238e-004
1.438925440236177e-009	-2.004442e-004
1.441197020474686e-009	1.684190e-005
1.443450521209931e-009	1.768994e-004
1.444544160686758e-009	2.253600e-004
1.445654400429784e-009	2.501542e-004
1.446816756686280e-009	2.459748e-004
1.447911442401982e-009	2.105946e-004
1.449074347883492e-009	1.362892e-004
1.450174375448757e-009	2.860963e-005
1.451285812426963e-009	-1.192682e-004
1.452375522152484e-009	-3.038879e-004
1.453538403467305e-009	-5.451754e-004
1.454683763427944e-009	-8.277061e-004
1.455818242335031e-009	-1.150808e-003
1.456924414153828e-009	-1.505820e-003
1.458019031159183e-009	-1.893690e-003
1.460277749247356e-009	-2.794741e-003
1.463639877157401e-009	-4.310781e-003
1.467001968704844e-009	-5.873917e-003
1.468134571983662e-009	-6.374026e-003
1.469259214384569e-009	-6.843711e-003
1.470360671055788e-009	-7.270110e-003
1.471457737033974e-009	-7.654763e-003
1.472664783044864e-009	-8.024238e-003
1.473805984229554e-009	-8.315637e-003
1.474950467156826e-009	-8.546149e-003
1.476054856959372e-009	-8.706450e-003
1.477166805194351e-009	-8.803892e-003
1.478274154624287e-009	-8.836152e-003
1.479380022429365e-009	-8.804073e-003
1.480530318734750e-009	-8.704075e-003
1.481667100281988e-009	-8.541252e-003
1.482770626438592e-009	-8.325987e-003
1.483871681811693e-009	-8.059475e-003
1.485016968673941e-009	-7.732907e-003
1.486217809394751e-009	-7.343217e-003
1.488457272272942e-009	-6.512851e-003
1.489575198784415e-009	-6.049024e-003
1.490693125295889e-009	-5.580160e-003
1.491811051807363e-009	-5.106260e-003
1.492928978318836e-009	-4.627323e-003
1.494046904830310e-009	-4.143350e-003
1.495164831341783e-009	-3.654341e-003
1.496282757853257e-009	-3.160296e-003
1.498510412502509e-009	-2.219165e-003
1.501918160524723e-009	-8.624619e-004
1.504154876829718e-009	-3.828298e-005
1.506462549921410e-009	7.475821e-004
1.508689180186971e-009	1.432446e-003
1.510949597646247e-009	2.037274e-003
1.512116358613118e-009	2.306930e-003
1.513233124662803e-009	2.534007e-003
1.514341581086655e-009	2.726467e-003
1.515439785138878e-009	2.882099e-003
1.516558925336142e-009	3.002265e-003
1.517700448187114e-009	3.082596e-003
1.518848043788084e-009	3.118559e-003
1.519975189551496e-009	3.109059e-003
1.521072400779882e-009	3.056810e-003
1.522168409940945e-009	2.962697e-003
1.523279825258933e-009	2.825725e-003
1.524372944744945e-009	2.652205e-003
1.525538631347573e-009	2.427934e-003
1.527758553162574e-009	1.904279e-003
1.530019019071710e-009	1.274025e-003
1.530984229084244e-009	9.770243e-004
1.531949439096777e-009	6.836232e-004
1.532914649109311e-009	3.938215e-004
1.533879859121844e-009	1.076192e-004
1.534845069134378e-009	-1.749838e-004
1.535810279146911e-009	-4.539874e-004
1.536775489159445e-009	-7.293916e-004
1.539052824577827e-009	-1.294029e-003
1.540150921830987e-009	-1.527324e-003
1.541245412893747e-009	-1.731339e-003
1.542361788700187e-009	-1.908584e-003
1.543504144029463e-009	-2.056937e-003
1.544650960702883e-009	-2.172336e-003
1.545758824527025e-009	-2.252728e-003
1.546873683884350e-009	-2.304318e-003
1.547994202898309e-009	-2.328714e-003
1.549104172599827e-009	-2.328424e-003
1.550296711731770e-009	-2.304620e-003
1.552541081950619e-009	-2.208732e-003
1.555905084257072e-009	-2.000025e-003
1.559313742720588e-009	-1.803515e-003
1.561574895638970e-009	-1.725371e-003
1.563875636459040e-009	-1.709916e-003
1.566086300733432e-009	-1.764044e-003
1.568327320742259e-009	-1.888117e-003
1.570615023501419e-009	-2.079845e-003
1.573933989643357e-009	-2.449710e-003
1.575707860450210e-009	-2.690890e-003
1.577481731257064e-009	-2.931162e-003
1.579255602063917e-009	-3.170527e-003
1.581029472870770e-009	-3.408985e-003
1.582803343677624e-009	-3.646535e-003
1.584577214484477e-009	-3.883179e-003
1.586351085291330e-009	-4.118915e-003
1.589777270748898e-009	-4.497891e-003
1.593128495547947e-009	-4.757460e-003
1.595426389231608e-009	-4.837020e-003
1.597639437600920e-009	-4.809775e-003
1.599952591691414e-009	-4.645869e-003
1.601172961036596e-009	-4.495456e-003
1.603408833976591e-009	-4.094604e-003
1.604502566730082e-009	-3.837251e-003
1.605641423489019e-009	-3.526272e-003
1.606755256291357e-009	-3.180520e-003
1.607947849793477e-009	-2.766673e-003
1.609049692849135e-009	-2.346772e-003
1.610170591152029e-009	-1.886083e-003
1.612497033789414e-009	-8.408244e-004
1.614715359094589e-009	2.327659e-004
1.615673850282401e-009	7.171115e-004
1.616632341470213e-009	1.194098e-003
1.617590832658025e-009	1.663726e-003
1.618549323845837e-009	2.125995e-003
1.619507815033649e-009	2.580905e-003
1.620466306221461e-009	3.028455e-003
1.621424797409273e-009	3.468647e-003
1.623650394556587e-009	4.396701e-003
1.625916243599750e-009	5.214348e-003
1.627128147342784e-009	5.593137e-003
1.629339626957232e-009	6.174819e-003
1.631577952413332e-009	6.620436e-003
1.633868354663079e-009	6.934951e-003
1.636062817764807e-009	7.113340e-003
1.639395448964409e-009	7.181981e-003
1.642719076758402e-009	7.041732e-003
1.646092000503014e-009	6.716125e-003
1.649428391566602e-009	6.232047e-003
1.652833518172082e-009	5.587995e-003
1.656166774698074e-009	4.830043e-003
1.657615175940127e-009	4.457447e-003
1.659063577182179e-009	4.079934e-003
1.660511978424232e-009	3.697505e-003
1.661960379666284e-009	3.310160e-003
1.663408780908336e-009	2.917898e-003
1.664857182150389e-009	2.520719e-003
1.666305583392441e-009	2.118624e-003
1.669725950012884e-009	1.255371e-003
1.671976152234818e-009	7.563233e-004
1.674175323928959e-009	3.377648e-004
1.675334382432579e-009	1.476178e-004
1.676468217891809e-009	-1.736641e-005
1.678692147988890e-009	-2.813343e-004
1.680954542503000e-009	-4.748469e-004
1.683238809561283e-009	-6.068788e-004
1.686553667072811e-009	-7.234782e-004
1.689968801294136e-009	-8.068811e-004
1.691412070404989e-009	-8.493073e-004
1.692855339515842e-009	-8.896871e-004
1.694298608626694e-009	-9.280207e-004
1.695741877737547e-009	-9.643079e-004
1.697185146848400e-009	-9.985488e-004
1.698628415959252e-009	-1.030743e-003
1.700071685070105e-009	-1.060892e-003
1.702335752220816e-009	-1.054132e-003
1.704549386006242e-009	-9.827530e-004
1.706890197497990e-009	-8.200188e-004
1.708082815388876e-009	-6.994409e-004
1.710327818878608e-009	-4.036717e-004
1.712577002462501e-009	-2.581929e-005
1.714989696949383e-009	4.485673e-004
1.718336068816874e-009	1.165647e-003
1.720603184129802e-009	1.647862e-003
1.722840583337790e-009	2.091907e-003
1.725041653214505e-009	2.481013e-003
1.727413594461146e-009	2.837725e-003
1.730729925540902e-009	3.228415e-003
1.734254352080205e-009	3.530411e-003
1.736680269182471e-009	3.699741e-003
1.739106186284737e-009	3.837555e-003
1.741532103387003e-009	3.943854e-003
1.743958020489269e-009	4.018638e-003
1.746383937591536e-009	4.061906e-003
1.748809854693802e-009	4.073658e-003
1.751235771796068e-009	4.053895e-003
1.754649003678820e-009	3.903049e-003
1.757966403893700e-009	3.643100e-003
1.761341853191778e-009	3.278239e-003
1.764907861587388e-009	2.814720e-003
1.766882142076142e-009	2.531496e-003
1.768856422564896e-009	2.251553e-003
1.770830703053651e-009	1.974888e-003
1.772804983542405e-009	1.701503e-003
1.774779264031159e-009	1.431398e-003
1.776753544519913e-009	1.164572e-003
1.778727825008668e-009	9.010254e-004
1.780364980616682e-009	6.940661e-004
1.782002136224696e-009	4.720335e-004
1.783639291832710e-009	2.349275e-004
1.785276447440725e-009	-1.725170e-005
1.786913603048739e-009	-2.845042e-004
1.788550758656753e-009	-5.668300e-004
1.790187914264767e-009	-8.642292e-004
1.793577355319101e-009	-1.579011e-003
1.797067484524480e-009	-2.411283e-003
1.800455528850612e-009	-3.265055e-003
1.802859618748316e-009	-3.860240e-003
1.805167526784521e-009	-4.395225e-003
1.807374009970422e-009	-4.853655e-003
1.809773526259452e-009	-5.276901e-003
1.813168420964085e-009	-5.724397e-003
1.816629265869972e-009	-5.998093e-003
1.819929844186862e-009	-6.106009e-003
1.823399068316495e-009	-6.082963e-003
1.826719971085409e-009	-5.944163e-003
1.830158000967735e-009	-5.681696e-003
1.833512419029813e-009	-5.304907e-003
1.836997016008745e-009	-4.791261e-003
1.838611656433498e-009	-4.501877e-003
1.840226296858252e-009	-4.210226e-003
1.841840937283005e-009	-3.916310e-003
1.843455577707759e-009	-3.620127e-003
1.845070218132513e-009	-3.321679e-003
1.846684858557266e-009	-3.020965e-003
1.848299498982020e-009	-2.717985e-003
1.851600660603382e-009	-2.191176e-003
1.854040126959193e-009	-1.866920e-003
1.856319086365478e-009	-1.617988e-003
1.858589455070944e-009	-1.420382e-003
1.861055499175946e-009	-1.257746e-003
1.863278538763362e-009	-1.152125e-003
1.865525902220297e-009	-1.079977e-003
1.867785996687998e-009	-1.039048e-003
1.870028112151298e-009	-1.027801e-003
1.872290486044273e-009	-1.045228e-003
1.875592570148588e-009	-1.121470e-003
1.878994759051100e-009	-1.258789e-003
1.880443533380876e-009	-1.338421e-003
1.881892307710651e-009	-1.419695e-003
1.883341082040427e-009	-1.502613e-003
1.884789856370202e-009	-1.587173e-003
1.886238630699977e-009	-1.673377e-003
1.887687405029753e-009	-1.761223e-003
1.889136179359528e-009	-1.850713e-003
1.892625152599017e-009	-2.013115e-003
1.894841421387408e-009	-2.074035e-003
1.897110415010177e-009	-2.090187e-003
1.899406199627523e-009	-2.049986e-003
1.901645060100184e-009	-1.949745e-003
1.903877409727346e-009	-1.786994e-003
1.906134032497689e-009	-1.560225e-003
1.908355416976496e-009	-1.282151e-003
1.910605234235730e-009	-9.565824e-004
1.913957711619035e-009	-4.257014e-004
1.917276687281131e-009	9.378180e-005
1.919525619631983e-009	4.068430e-004
1.921770638698263e-009	6.658914e-004
1.924059485145358e-009	8.606237e-004
1.926270838169705e-009	9.746936e-004
1.928515569409923e-009	1.015079e-003
1.930824400148885e-009	9.828457e-004
1.933021616597529e-009	8.923648e-004
1.936345365548787e-009	6.712360e-004
1.939715428657942e-009	3.799713e-004
1.943019383518753e-009	5.972608e-005
1.946341855929236e-009	-2.789508e-004
1.949651826320702e-009	-6.221823e-004
1.952945187390678e-009	-9.550307e-004
1.956311705816452e-009	-1.257358e-003
1.959662573516299e-009	-1.473908e-003
1.961881998538267e-009	-1.543267e-003
1.964087012558122e-009	-1.534954e-003
1.966344746561111e-009	-1.433398e-003
1.967468127186129e-009	-1.345055e-003
1.969737852842452e-009	-1.088106e-003
1.971946663904636e-009	-7.404572e-004
1.974183058368800e-009	-3.008197e-004
1.976428477432562e-009	2.120423e-004
1.977549371725429e-009	4.959578e-004
1.978670266018295e-009	7.809885e-004
1.979791160311162e-009	1.067134e-003
1.980912054604029e-009	1.354395e-003
1.982032948896895e-009	1.642772e-003
1.983153843189762e-009	1.932263e-003
1.984274737482628e-009	2.222870e-003
1.986533943195275e-009	2.762574e-003
1.988779217131048e-009	3.244739e-003
1.990979633927061e-009	3.653590e-003
1.993223147131655e-009	4.000057e-003
1.995458263677554e-009	4.274664e-003
1.998831341512567e-009	4.567381e-003
2.000264429807291e-009	4.647726e-003
2.001697518102014e-009	4.715402e-003
2.003130606396737e-009	4.770408e-003
2.004563694691460e-009	4.812745e-003
2.005996782986184e-009	4.842412e-003
2.007429871280907e-009	4.859409e-003
2.008862959575630e-009	4.863737e-003
2.012237387876985e-009	4.859047e-003
2.015633304056468e-009	4.814643e-003
2.018979827235683e-009	4.721030e-003
2.022311077792427e-009	4.564935e-003
2.025696078981030e-009	4.334531e-003
2.029046804676144e-009	4.041063e-003
2.032488954688612e-009	3.692992e-003
2.034739061086204e-009	3.454358e-003
2.036980822704097e-009	3.217667e-003
2.039198950631579e-009	2.990267e-003
2.041417649898005e-009	2.771656e-003
2.043720657950927e-009	2.551512e-003
2.047136506879632e-009	2.219999e-003
2.050445783555647e-009	1.857165e-003
2.053812357260948e-009	1.399837e-003
2.056074159374061e-009	1.023442e-003
2.058282189850303e-009	5.955746e-004
2.060495853413678e-009	1.074815e-004
2.062831611006318e-009	-4.638408e-004
2.066259180424606e-009	-1.374357e-003
2.069560818518574e-009	-2.276138e-003
2.072938488967128e-009	-3.154161e-003
2.076230132398405e-009	-3.908266e-003
2.079585048676930e-009	-4.533979e-003
2.083000009508171e-009	-5.006337e-003
2.086401747980493e-009	-5.316743e-003
2.089796657825332e-009	-5.485014e-003
2.093124780356575e-009	-5.532864e-003
2.096518765847669e-009	-5.478847e-003
2.098290168448344e-009	-5.411225e-003
2.100061571049019e-009	-5.320840e-003
2.101832973649695e-009	-5.207693e-003
2.103604376250371e-009	-5.071784e-003
2.105375778851046e-009	-4.913112e-003
2.107147181451721e-009	-4.731678e-003
2.108918584052397e-009	-4.527482e-003
2.111174856809127e-009	-4.230184e-003
2.113431129565857e-009	-3.921171e-003
2.115687402322588e-009	-3.600440e-003
2.117943675079318e-009	-3.267993e-003
2.120199947836048e-009	-2.923830e-003
2.122456220592778e-009	-2.567950e-003
2.124712493349509e-009	-2.200353e-003
2.127280137575554e-009	-1.802362e-003
2.129847781801599e-009	-1.410576e-003
2.132415426027644e-009	-1.024996e-003
2.134983070253690e-009	-6.456219e-004
2.137550714479735e-009	-2.724535e-004
2.140118358705780e-009	9.450920e-005
2.142686002931825e-009	4.552662e-004
2.144428308505294e-009	7.029768e-004
2.146170614078763e-009	9.357561e-004
2.147912919652232e-009	1.153604e-003
2.149655225225701e-009	1.356521e-003
2.151397530799170e-009	1.544506e-003
2.153139836372639e-009	1.717560e-003
2.154882141946107e-009	1.875683e-003
2.158311814275564e-009	2.087861e-003
2.161711524359294e-009	2.179572e-003
2.165071056332275e-009	2.154710e-003
2.168422414680451e-009	2.033810e-003
2.170038617278786e-009	1.938972e-003
2.171654819877120e-009	1.846079e-003
2.173271022475455e-009	1.755130e-003
2.174887225073789e-009	1.666126e-003
2.176503427672124e-009	1.579067e-003
2.178119630270458e-009	1.493952e-003
2.179735832868793e-009	1.410783e-003
2.183095749900079e-009	1.310814e-003
2.186420217510396e-009	1.286063e-003
2.189853578821368e-009	1.332036e-003
2.191903944123230e-009	1.398436e-003
2.193954309425092e-009	1.465838e-003
2.196004674726954e-009	1.534241e-003
2.198055040028816e-009	1.603647e-003
2.200105405330678e-009	1.674054e-003
2.202155770632540e-009	1.745463e-003
2.204206135934402e-009	1.817873e-003
2.206604792060520e-009	1.876945e-003
2.209003448186639e-009	1.923231e-003
2.211402104312758e-009	1.956733e-003
2.213800760438876e-009	1.977449e-003
2.216199416564995e-009	1.985381e-003
2.218598072691114e-009	1.980527e-003
2.220996728817232e-009	1.962888e-003
2.224312364670173e-009	1.926619e-003
2.227783160579176e-009	1.877285e-003
2.231129236376247e-009	1.829904e-003
2.234503038817197e-009	1.796941e-003
2.237883987375889e-009	1.793804e-003
2.241235793751352e-009	1.830822e-003
2.242345426971412e-009	1.852489e-003
2.243816074568099e-009	1.893023e-003
2.245286722164787e-009	1.935778e-003
2.246757369761475e-009	1.980756e-003
2.248228017358162e-009	2.027955e-003
2.249698664954849e-009	2.077376e-003
2.251169312551537e-009	2.129019e-003
2.252639960148224e-009	2.182884e-003
2.255976609205936e-009	2.263024e-003
2.259423769930585e-009	2.276118e-003
2.262736718476845e-009	2.196564e-003
2.266044982713235e-009	2.013498e-003
2.269476040823254e-009	1.713862e-003
2.272782344296643e-009	1.330663e-003
2.276138778272064e-009	8.663102e-004
2.279545189933193e-009	3.410580e-004
2.282918721575073e-009	-2.094037e-004
2.284976730063305e-009	-5.607273e-004
2.287034738551537e-009	-9.013330e-004
2.289092747039770e-009	-1.231221e-003
2.291150755528003e-009	-1.550391e-003
2.293208764016235e-009	-1.858843e-003
2.295266772504468e-009	-2.156578e-003
2.297324780992700e-009	-2.443594e-003
2.300408232651846e-009	-2.807973e-003
2.303491684310992e-009	-3.106063e-003
2.306575135970139e-009	-3.337866e-003
2.309658587629285e-009	-3.503381e-003
2.312742039288431e-009	-3.602608e-003
2.315825490947577e-009	-3.635548e-003
2.318908942606723e-009	-3.602199e-003
2.321514989105413e-009	-3.568135e-003
2.324121035604102e-009	-3.526371e-003
2.326727082102791e-009	-3.476909e-003
2.329333128601480e-009	-3.419748e-003
2.331939175100170e-009	-3.354889e-003
2.334545221598859e-009	-3.282331e-003
2.337151268097548e-009	-3.202074e-003
2.340515953107819e-009	-3.050717e-003
2.343902910313579e-009	-2.845762e-003
2.347334003167678e-009	-2.582460e-003
2.350722844225650e-009	-2.275090e-003
2.352660211093835e-009	-2.079121e-003
2.354597577962019e-009	-1.880290e-003
2.356534944830204e-009	-1.678596e-003
2.358472311698389e-009	-1.474039e-003
2.360409678566574e-009	-1.266620e-003
2.362347045434759e-009	-1.056338e-003
2.364284412302943e-009	-8.431924e-004
2.366552767375127e-009	-5.905886e-004
2.368821122447311e-009	-3.398937e-004
2.371089477519495e-009	-9.110742e-005
2.373357832591679e-009	1.557701e-004
2.375626187663863e-009	4.007388e-004
2.377894542736047e-009	6.437988e-004
2.380162897808231e-009	8.849500e-004
2.383623709152385e-009	1.196350e-003
2.386972021408057e-009	1.424393e-003
2.390428585788029e-009	1.559977e-003
2.393761473184127e-009	1.581422e-003
2.397186389340374e-009	1.491385e-003
2.400496734568205e-009	1.308604e-003
2.403885042830590e-009	1.046204e-003
2.405663697461096e-009	8.775251e-004
2.407442352091602e-009	7.092843e-004
2.409221006722107e-009	5.414819e-004
2.410999661352613e-009	3.741177e-004
2.412778315983118e-009	2.071919e-004
2.414556970613624e-009	4.070437e-005
2.416335625244129e-009	-1.253448e-004
2.419678743332018e-009	-3.839417e-004
2.423090341507649e-009	-5.795487e-004
2.425309735064213e-009	-6.588413e-004
2.427684925558498e-009	-6.934490e-004
2.429999076791339e-009	-6.707864e-004
2.432194831532352e-009	-5.932257e-004
2.434514676675297e-009	-4.492496e-004
2.436756203525771e-009	-2.497121e-004
2.439109902413944e-009	1.994711e-005
2.441439820577476e-009	3.396912e-004
2.444776216533640e-009	8.644470e-004
2.446271478267027e-009	1.126320e-003
2.447766740000415e-009	1.378421e-003
2.449262001733803e-009	1.620751e-003
2.450757263467191e-009	1.853308e-003
2.452252525200578e-009	2.076095e-003
2.453747786933966e-009	2.289110e-003
2.455243048667354e-009	2.492353e-003
2.458696787285769e-009	2.840430e-003
2.462141355556895e-009	3.041121e-003
2.465685393283385e-009	3.099830e-003
2.469126622131472e-009	3.040782e-003
2.470787408327540e-009	2.973132e-003
2.472448194523608e-009	2.903957e-003
2.474108980719676e-009	2.833255e-003
2.475769766915743e-009	2.761027e-003
2.477430553111811e-009	2.687273e-003
2.479091339307879e-009	2.611992e-003
2.480752125503947e-009	2.535185e-003
2.484186054238023e-009	2.421873e-003
2.487580200384100e-009	2.349103e-003
2.489555866765840e-009	2.326574e-003
2.491531533147581e-009	2.312228e-003
2.493507199529321e-009	2.306067e-003
2.495482865911060e-009	2.308089e-003
2.497458532292800e-009	2.318295e-003
2.499434198674541e-009	2.336685e-003
2.501409865056281e-009	2.363259e-003
2.503360246794522e-009	2.402302e-003
2.505310628532764e-009	2.431889e-003
2.507261010271005e-009	2.452020e-003
2.509211392009247e-009	2.462693e-003
2.511161773747488e-009	2.463910e-003
2.513112155485730e-009	2.455670e-003
2.515062537223971e-009	2.437974e-003
2.518574063301444e-009	2.299523e-003
2.520829832945031e-009	2.142204e-003
2.523236039639448e-009	1.907255e-003
2.525518244111621e-009	1.618240e-003
2.527761370756762e-009	1.273760e-003
2.531274288239547e-009	6.312371e-004
2.534638638090418e-009	-6.544086e-005
2.535963015446419e-009	-3.581197e-004
2.537287392802421e-009	-6.439580e-004
2.538611770158422e-009	-9.229558e-004
2.539936147514423e-009	-1.195113e-003
2.541260524870425e-009	-1.460430e-003
2.542584902226426e-009	-1.718906e-003
2.543909279582428e-009	-1.970541e-003
2.546159747194192e-009	-2.347525e-003
2.548484644698021e-009	-2.678867e-003
2.550791950687014e-009	-2.943009e-003
2.553011690090596e-009	-3.132937e-003
2.555321880397413e-009	-3.262503e-003
2.557577129867642e-009	-3.322514e-003
2.559922574191134e-009	-3.317329e-003
2.562332290569288e-009	-3.243870e-003
2.565673228102028e-009	-3.037832e-003
2.569183584530131e-009	-2.710933e-003
2.572646832236835e-009	-2.307674e-003
2.574108922765951e-009	-2.113570e-003
2.575571013295067e-009	-1.924387e-003
2.577033103824182e-009	-1.740125e-003
2.578495194353298e-009	-1.560784e-003
2.579957284882413e-009	-1.386364e-003
2.581419375411529e-009	-1.216866e-003
2.582881465940645e-009	-1.052289e-003
2.586259154168681e-009	-7.622582e-004
2.588518904768521e-009	-6.340090e-004
2.590769806263063e-009	-5.653711e-004
2.593074845046900e-009	-5.581160e-004
2.595321865711661e-009	-6.106167e-004
2.597553417314298e-009	-7.158155e-004
2.601156572502258e-009	-9.761848e-004
2.602624141555445e-009	-1.113904e-003
2.604091710608632e-009	-1.252198e-003
2.605559279661819e-009	-1.391065e-003
2.607026848715006e-009	-1.530506e-003
2.608494417768193e-009	-1.670522e-003
2.609961986821379e-009	-1.811111e-003
2.611429555874566e-009	-1.952274e-003
2.614897197148868e-009	-2.227620e-003
2.618290686390396e-009	-2.425774e-003
2.621638509307748e-009	-2.540731e-003
2.625019663925052e-009	-2.572188e-003
2.628543265448315e-009	-2.516425e-003
2.631909251925238e-009	-2.383665e-003
2.634170674409912e-009	-2.244393e-003
2.636432096894586e-009	-2.084490e-003
2.638693519379260e-009	-1.903954e-003
2.640954941863935e-009	-1.702785e-003
2.643216364348609e-009	-1.480985e-003
2.645477786833283e-009	-1.238552e-003
2.647739209317957e-009	-9.754862e-004
2.650179888797201e-009	-6.894735e-004
2.652620568276446e-009	-4.190191e-004
2.655061247755690e-009	-1.641229e-004
2.657501927234935e-009	7.521505e-005
2.659942606714179e-009	2.989947e-004
2.662383286193424e-009	5.072161e-004
2.664823965672668e-009	6.998793e-004
2.666798603641308e-009	8.321665e-004
2.668773241609948e-009	9.550228e-004
2.670747879578588e-009	1.068448e-003
2.672722517547228e-009	1.172443e-003
2.674697155515868e-009	1.267006e-003
2.676671793484508e-009	1.352139e-003
2.678646431453148e-009	1.427840e-003
2.682149961689324e-009	1.539705e-003
2.685653491925500e-009	1.648122e-003
2.689157022161677e-009	1.753092e-003
2.692660552397853e-009	1.854613e-003
2.696164082634030e-009	1.952687e-003
2.699667612870206e-009	2.047313e-003
2.703171143106383e-009	2.138491e-003
2.704878769761180e-009	2.192059e-003
2.706586396415978e-009	2.239581e-003
2.708294023070776e-009	2.281057e-003
2.710001649725574e-009	2.316487e-003
2.711709276380371e-009	2.345871e-003
2.713416903035169e-009	2.369208e-003
2.715124529689967e-009	2.386500e-003
2.717459066803668e-009	2.383101e-003
2.719793603917368e-009	2.352654e-003
2.722128141031069e-009	2.295159e-003
2.724462678144770e-009	2.210617e-003
2.726797215258471e-009	2.099028e-003
2.729131752372171e-009	1.960391e-003
2.731466289485872e-009	1.794707e-003
2.734943041878661e-009	1.519107e-003
2.738726023984251e-009	1.189039e-003
2.740882025991864e-009	9.849283e-004
2.743038027999478e-009	7.906808e-004
2.745194030007091e-009	6.062967e-004
2.747350032014704e-009	4.317760e-004
2.749506034022318e-009	2.671186e-004
2.751662036029931e-009	1.123246e-004
2.753818038037545e-009	-3.260607e-005
2.757364148221306e-009	-2.063652e-004
2.760814746516845e-009	-3.073064e-004
2.764341256510747e-009	-3.337012e-004
2.767927538012578e-009	-2.784777e-004
2.771577794309896e-009	-1.414162e-004
2.775093533627177e-009	5.638191e-005
2.776745372754809e-009	1.739131e-004
2.778397211882442e-009	2.921502e-004
2.780049051010075e-009	4.110933e-004
2.781700890137708e-009	5.307422e-004
2.783352729265341e-009	6.510971e-004
2.785004568392974e-009	7.721578e-004
2.786656407520607e-009	8.939245e-004
2.790162210357642e-009	1.101374e-003
2.793520012805282e-009	1.237013e-003
2.796970994038022e-009	1.294831e-003
2.800563200726853e-009	1.255561e-003
2.804146189852247e-009	1.110664e-003
2.807726948244760e-009	8.626630e-004
2.811054742231493e-009	5.474505e-004
2.814745215382122e-009	1.179236e-004
2.816434007917520e-009	-1.086880e-004
2.818122800452917e-009	-3.373859e-004
2.819811592988314e-009	-5.681703e-004
2.821500385523712e-009	-8.010411e-004
2.823189178059109e-009	-1.035998e-003
2.824877970594506e-009	-1.273042e-003
2.826566763129904e-009	-1.512172e-003
2.829335767031994e-009	-1.883268e-003
2.832104770934084e-009	-2.201782e-003
2.834873774836174e-009	-2.467714e-003
2.837642778738264e-009	-2.681065e-003
2.840411782640353e-009	-2.841834e-003
2.843180786542444e-009	-2.950022e-003
2.845949790444533e-009	-3.005628e-003
2.849297438407669e-009	-2.989353e-003
2.852994049349313e-009	-2.884308e-003
2.855366821633588e-009	-2.762895e-003
2.857739593917863e-009	-2.623306e-003
2.860112366202138e-009	-2.465542e-003
2.862485138486413e-009	-2.289602e-003
2.864857910770687e-009	-2.095487e-003
2.867230683054962e-009	-1.883197e-003
2.869603455339237e-009	-1.652731e-003
2.872236840611331e-009	-1.396201e-003
2.874870225883425e-009	-1.151903e-003
2.877503611155519e-009	-9.198359e-004
2.880136996427613e-009	-7.000009e-004
2.882770381699707e-009	-4.923976e-004
2.885403766971801e-009	-2.970260e-004
2.888037152243895e-009	-1.138861e-004
2.891955640027785e-009	1.036659e-004
2.894361220117185e-009	2.049914e-004
2.896766800206586e-009	2.975827e-004
2.899172380295987e-009	3.814399e-004
2.901577960385388e-009	4.565628e-004
2.903983540474789e-009	5.229516e-004
2.906389120564189e-009	5.806062e-004
2.908794700653590e-009	6.295267e-004
2.911284941523563e-009	6.952370e-004
2.913775182393536e-009	7.575707e-004
2.916265423263509e-009	8.165277e-004
2.918755664133482e-009	8.721080e-004
2.921245905003455e-009	9.243115e-004
2.923736145873429e-009	9.731385e-004
2.926226386743402e-009	1.018589e-003
2.929606471792844e-009	1.044563e-003
2.932986556842286e-009	1.029316e-003
2.936366641891728e-009	9.728479e-004
2.939746726941170e-009	8.751589e-004
2.943126811990612e-009	7.362489e-004
2.946506897040054e-009	5.561178e-004
2.949886982089497e-009	3.347657e-004
2.951636700780788e-009	2.139393e-004
2.953386419472080e-009	1.005278e-004
2.955136138163372e-009	-5.469008e-006
2.956885856854663e-009	-1.040510e-004
2.958635575545955e-009	-1.952181e-004
2.960385294237247e-009	-2.789705e-004
2.962135012928538e-009	-3.553081e-004
2.965644604302841e-009	-4.420301e-004
2.969260995494587e-009	-4.454214e-004
2.971676123128892e-009	-3.941286e-004
2.974212172321501e-009	-2.930089e-004
2.977784367354324e-009	-7.192887e-005
2.981329489664190e-009	2.265601e-004
2.985018774128825e-009	5.980156e-004
2.986895357754208e-009	8.112752e-004
2.988771941379591e-009	1.017733e-003
2.990648525004974e-009	1.217389e-003
2.992525108630357e-009	1.410243e-003
2.994401692255740e-009	1.596296e-003
2.996278275881123e-009	1.775546e-003
2.998154859506506e-009	1.947995e-003
2.999255375130803e-009	2.035393e-003
3.000000000000000e-009	2.090818e-003
