time	V(n_3p)
0.000000000000000e+000	0.000000e+000
2.349153024572547e-011	7.811230e-007
4.698306049145094e-011	1.084580e-006
7.047459073717641e-011	9.103719e-007
9.396612098290188e-011	2.584978e-007
1.174576512286273e-010	-8.710420e-007
1.409491814743528e-010	-2.478247e-006
1.644407117200782e-010	-4.563119e-006
1.669833086232496e-010	-1.408901e-005
1.695259055264209e-010	-3.174280e-005
1.720685024295922e-010	-5.752448e-005
1.746110993327635e-010	-9.143406e-005
1.771536962359349e-010	-1.334715e-004
1.796962931391062e-010	-1.836369e-004
1.822388900422775e-010	-2.419302e-004
1.833251904469096e-010	-2.695323e-004
1.844114908515417e-010	-2.889622e-004
1.854977912561737e-010	-3.002201e-004
1.865840916608058e-010	-3.033058e-004
1.876703920654379e-010	-2.982194e-004
1.887566924700699e-010	-2.849609e-004
1.898429928747020e-010	-2.635302e-004
1.909184347241498e-010	-2.151597e-004
1.920172245073326e-010	-1.396045e-004
1.931156245244378e-010	-3.120258e-005
1.942101911868851e-010	1.170203e-004
1.953379955932659e-010	3.208173e-004
1.964472604325497e-010	5.818815e-004
1.975254005312244e-010	9.038429e-004
1.986404168434206e-010	1.319741e-003
1.997385275972238e-010	1.824542e-003
2.008525078640150e-010	2.447320e-003
2.019782220922494e-010	3.205037e-003
2.030827225761524e-010	4.089116e-003
2.041885315410165e-010	5.129183e-003
2.053063753382510e-010	6.353654e-003
2.063958632556716e-010	7.728983e-003
2.075094441304630e-010	9.334604e-003
2.086417439288613e-010	1.118809e-002
2.097146694585159e-010	1.316122e-002
2.107996521712608e-010	1.538092e-002
2.119081748157994e-010	1.789008e-002
2.129981876172899e-010	2.060133e-002
2.141118323434785e-010	2.362548e-002
2.152355299994794e-010	2.693917e-002
2.162948575906614e-010	3.030386e-002
2.173692659945220e-010	3.395257e-002
2.184534123135393e-010	3.787059e-002
2.195480479596345e-010	4.206024e-002
2.206577960842695e-010	4.653804e-002
2.217196914008568e-010	5.102937e-002
2.227900350146966e-010	5.574873e-002
2.238983750822183e-010	6.082468e-002
2.249968434288698e-010	6.602933e-002
2.271764144561564e-010	7.679977e-002
2.282474471279205e-010	8.232385e-002
2.293184797996845e-010	8.789085e-002
2.303895124714486e-010	9.350076e-002
2.314605451432127e-010	9.915359e-002
2.325315778149768e-010	1.048493e-001
2.336026104867409e-010	1.105880e-001
2.346736431585050e-010	1.163696e-001
2.379090983939879e-010	1.333712e-001
2.400697046947436e-010	1.442192e-001
2.422048045288328e-010	1.542978e-001
2.443760913471271e-010	1.636704e-001
2.465473281111656e-010	1.719307e-001
2.486807158999615e-010	1.787466e-001
2.508231931319977e-010	1.840934e-001
2.529632041313229e-010	1.877612e-001
2.551184241254534e-010	1.896272e-001
2.573351810667514e-010	1.895393e-001
2.594582205379515e-010	1.875173e-001
2.617024691517374e-010	1.833582e-001
2.649560964536182e-010	1.738960e-001
2.682995975641234e-010	1.605674e-001
2.715549988014191e-010	1.450027e-001
2.728141800669238e-010	1.383816e-001
2.740733613324285e-010	1.317438e-001
2.753325425979333e-010	1.250892e-001
2.765917238634380e-010	1.184179e-001
2.778509051289427e-010	1.117299e-001
2.791100863944474e-010	1.050252e-001
2.803692676599521e-010	9.830374e-002
2.814958852723238e-010	9.253250e-002
2.825876026252320e-010	8.707666e-002
2.836663150484764e-010	8.183588e-002
2.847549687018895e-010	7.671245e-002
2.858514835350612e-010	7.173149e-002
2.869518228925666e-010	6.692247e-002
2.880635721537657e-010	6.226184e-002
2.891618634751576e-010	5.785638e-002
2.901778910755913e-010	5.395782e-002
2.913193029178624e-010	4.978060e-002
2.923923206295156e-010	4.604775e-002
2.934333664527281e-010	4.260417e-002
2.945449087295364e-010	3.911892e-002
2.956161078037499e-010	3.594559e-002
2.967039655578664e-010	3.290784e-002
2.978271770937618e-010	2.996622e-002
2.989269567254643e-010	2.727794e-002
3.000601794542234e-010	2.470775e-002
3.011618839083647e-010	2.240543e-002
3.022406206554977e-010	2.034127e-002
3.033276140520441e-010	1.845465e-002
3.044577812838683e-010	1.670245e-002
3.055544172932133e-010	1.520965e-002
3.066852907513019e-010	1.388749e-002
3.077615611852034e-010	1.283639e-002
3.088472865573716e-010	1.198233e-002
3.099703875012669e-010	1.131719e-002
3.110794436086736e-010	1.087718e-002
3.121943515961032e-010	1.064928e-002
3.133208819135872e-010	1.063283e-002
3.143733342382666e-010	1.080614e-002
3.154412248010621e-010	1.116120e-002
3.165768153909832e-010	1.172739e-002
3.176604887926153e-010	1.243871e-002
3.187761213313285e-010	1.333324e-002
3.198742764423202e-010	1.436166e-002
3.209571372378387e-010	1.550609e-002
3.220567790428333e-010	1.678648e-002
3.243159730289647e-010	1.972839e-002
3.276045196164826e-010	2.453261e-002
3.298209997604231e-010	2.794485e-002
3.320317801345301e-010	3.135407e-002
3.341579589206465e-010	3.453547e-002
3.363375648205574e-010	3.759635e-002
3.385648327869331e-010	4.041089e-002
3.406773759624448e-010	4.269371e-002
3.428994392923176e-010	4.459174e-002
3.450387825038690e-010	4.584526e-002
3.471714687539448e-010	4.645740e-002
3.494023367499978e-010	4.634634e-002
3.515419221401092e-010	4.546592e-002
3.537916783268377e-010	4.368670e-002
3.559977699203409e-010	4.108075e-002
3.581947479531719e-010	3.765394e-002
3.603991846234960e-010	3.342906e-002
3.626224345903133e-010	2.845500e-002
3.647834338057189e-010	2.305198e-002
3.669786369093696e-010	1.714791e-002
3.713935284391560e-010	4.823855e-003
3.725120826480444e-010	1.781111e-003
3.736091569286286e-010	-1.109637e-003
3.747140051284489e-010	-3.895990e-003
3.757763691344490e-010	-6.429275e-003
3.769071581643168e-010	-8.939396e-003
3.780301978093686e-010	-1.121549e-002
3.791450890998913e-010	-1.323736e-002
3.802554978446344e-010	-1.499564e-002
3.813430173526088e-010	-1.645529e-002
3.824056730505891e-010	-1.762017e-002
3.835061043162550e-010	-1.854740e-002
3.846234976111053e-010	-1.919597e-002
3.857434527461097e-010	-1.955197e-002
3.868816701295742e-010	-1.961922e-002
3.879590548376009e-010	-1.941971e-002
3.890469446994386e-010	-1.897267e-002
3.901363469857699e-010	-1.829474e-002
3.911312514661807e-010	-1.749081e-002
3.921858661259180e-010	-1.646563e-002
3.932658037089656e-010	-1.525317e-002
3.943975230017243e-010	-1.383218e-002
3.955092988404132e-010	-1.231328e-002
3.977329045011442e-010	-9.019857e-003
3.999077261659771e-010	-5.639969e-003
4.021394955795290e-010	-2.208355e-003
4.032572372959139e-010	-5.615099e-004
4.043428172151126e-010	9.652825e-004
4.054327157751507e-010	2.408133e-003
4.065365011673582e-010	3.760896e-003
4.076394035020496e-010	4.988626e-003
4.087719676205978e-010	6.106578e-003
4.098500993100572e-010	7.025539e-003
4.109542116856131e-010	7.810682e-003
4.120462946614639e-010	8.425404e-003
4.131745249098111e-010	8.886794e-003
4.142665989593803e-010	9.163386e-003
4.153863542455914e-010	9.274084e-003
4.164988075660911e-010	9.214249e-003
4.175985775198216e-010	8.994972e-003
4.186277655626620e-010	8.653304e-003
4.197117677474233e-010	8.161454e-003
4.207810117462546e-010	7.556128e-003
4.218670092435968e-010	6.834267e-003
4.229209081178146e-010	6.046480e-003
4.240338037546612e-010	5.140349e-003
4.262244845634620e-010	3.213555e-003
4.273473903549361e-010	2.195490e-003
4.284315589147122e-010	1.220035e-003
4.295582749917329e-010	2.349153e-004
4.306680193073198e-010	-6.878755e-004
4.317970106752836e-010	-1.560106e-003
4.328998934302504e-010	-2.331836e-003
4.340091454587948e-010	-3.014400e-003
4.351151966802163e-010	-3.590344e-003
4.361981015011222e-010	-4.044346e-003
4.373030190352143e-010	-4.388721e-003
4.383589524855518e-010	-4.601226e-003
4.394061948152197e-010	-4.696705e-003
4.405402117721842e-010	-4.669221e-003
4.416386810016541e-010	-4.512874e-003
4.427295351421441e-010	-4.232519e-003
4.438120948269110e-010	-3.833315e-003
4.449303042245102e-010	-3.297796e-003
4.460601945631402e-010	-2.633932e-003
4.471766556354598e-010	-1.861963e-003
4.483167590282105e-010	-9.609504e-004
4.494074338785894e-010	9.780438e-007
4.505057780090553e-010	1.060988e-003
4.515596783707416e-010	2.156660e-003
4.526652735238686e-010	3.379564e-003
4.537800325800440e-010	4.678336e-003
4.560047521000970e-010	7.419113e-003
4.580309333062475e-010	1.001100e-002
4.602506269026767e-010	1.283928e-002
4.624457058740674e-010	1.549597e-002
4.646543083937856e-010	1.788918e-002
4.657450397835758e-010	1.892523e-002
4.668583997770507e-010	1.986101e-002
4.679495364452750e-010	2.064360e-002
4.690614032746808e-010	2.128948e-002
4.701729720228490e-010	2.176899e-002
4.712907903993729e-010	2.207164e-002
4.724310226164956e-010	2.218422e-002
4.735103154186505e-010	2.210048e-002
4.746135533868262e-010	2.181759e-002
4.757356884088902e-010	2.132145e-002
4.768483794653931e-010	2.062053e-002
4.779653408680798e-010	1.970885e-002
4.791367726975752e-010	1.853321e-002
4.802259500080837e-010	1.724533e-002
4.813637742801860e-010	1.571007e-002
4.824881282833717e-010	1.401594e-002
4.836009051618486e-010	1.218257e-002
4.846924042068652e-010	1.025170e-002
4.858502230672946e-010	8.084225e-003
4.869423672189530e-010	5.951775e-003
4.891645119539726e-010	1.462762e-003
4.902975074660242e-010	-8.413923e-004
4.914172612406009e-010	-3.085796e-003
4.925465703505477e-010	-5.283261e-003
4.936465275354275e-010	-7.329402e-003
4.947634763970397e-010	-9.282746e-003
4.958687116095380e-010	-1.106630e-002
4.969883461326556e-010	-1.269848e-002
4.981059289790791e-010	-1.413350e-002
4.992421527431756e-010	-1.537892e-002
5.003776509930215e-010	-1.639927e-002
5.014974441191693e-010	-1.718253e-002
5.026088637018298e-010	-1.774323e-002
5.037277300895121e-010	-1.809728e-002
5.049085008502599e-010	-1.825611e-002
5.059982275861665e-010	-1.822353e-002
5.071347176675097e-010	-1.802785e-002
5.082569453657956e-010	-1.769586e-002
5.105075680647806e-010	-1.671600e-002
5.116329392929741e-010	-1.611967e-002
5.127758667647755e-010	-1.547437e-002
5.138776788982544e-010	-1.483492e-002
5.150093369308074e-010	-1.417864e-002
5.161460270355817e-010	-1.353455e-002
5.172769460308009e-010	-1.291949e-002
5.184459923950475e-010	-1.231779e-002
5.195453818307353e-010	-1.178628e-002
5.206671849460621e-010	-1.127760e-002
5.217845017116230e-010	-1.080133e-002
5.229041214892164e-010	-1.034893e-002
5.240303084707432e-010	-9.911936e-003
5.262136825434004e-010	-9.088036e-003
5.283993293532685e-010	-8.252912e-003
5.295060494623121e-010	-7.801690e-003
5.306127695713558e-010	-7.350989e-003
5.317194896803993e-010	-6.900811e-003
5.328262097894429e-010	-6.451154e-003
5.339329298984865e-010	-6.002019e-003
5.350396500075302e-010	-5.553406e-003
5.361463701165738e-010	-5.105315e-003
5.372691959503302e-010	-4.703353e-003
5.384101874918947e-010	-4.343305e-003
5.395079039335507e-010	-4.055864e-003
5.406961355992691e-010	-3.824300e-003
5.417958366751280e-010	-3.695279e-003
5.429479530939368e-010	-3.659036e-003
5.440444499479251e-010	-3.726330e-003
5.451323775587225e-010	-3.896567e-003
5.461961913914435e-010	-4.165278e-003
5.473140350833458e-010	-4.556591e-003
5.484423969626221e-010	-5.061863e-003
5.495641451429588e-010	-5.668002e-003
5.506881935036300e-010	-6.370215e-003
5.518366027493385e-010	-7.173339e-003
5.540441404768403e-010	-8.902758e-003
5.551695280252274e-010	-9.843837e-003
5.563098230347983e-010	-1.081206e-002
5.574207067098749e-010	-1.174931e-002
5.585275164364463e-010	-1.265698e-002
5.596597637112719e-010	-1.353783e-002
5.608088206371820e-010	-1.436177e-002
5.619177476877767e-010	-1.507173e-002
5.630350446395580e-010	-1.568580e-002
5.641784379463730e-010	-1.619430e-002
5.653252179211089e-010	-1.657041e-002
5.664187602799739e-010	-1.679602e-002
5.675159070370643e-010	-1.688711e-002
5.686151657944168e-010	-1.684123e-002
5.697414875368047e-010	-1.665406e-002
5.708461643877594e-010	-1.633822e-002
5.719326617908169e-010	-1.590831e-002
5.730585174822651e-010	-1.535000e-002
5.741884867143876e-010	-1.468897e-002
5.753380794018937e-010	-1.393071e-002
5.764440832934861e-010	-1.313755e-002
5.775735687659532e-010	-1.228240e-002
5.786690796586892e-010	-1.142726e-002
5.798699024492194e-010	-1.048125e-002
5.810155503717140e-010	-9.587697e-003
5.821658803580952e-010	-8.714888e-003
5.832633357644432e-010	-7.916114e-003
5.843572849205853e-010	-7.160723e-003
5.854779316757207e-010	-6.433939e-003
5.866328477009661e-010	-5.736342e-003
5.877743345709257e-010	-5.096375e-003
5.888956745287267e-010	-4.510964e-003
5.911475828194646e-010	-3.434410e-003
5.933751731688563e-010	-2.436369e-003
5.945142494698564e-010	-1.925834e-003
5.956328466256824e-010	-1.412144e-003
5.967229361119623e-010	-8.929444e-004
5.978495522816424e-010	-3.321576e-004
5.989576209474459e-010	2.456243e-004
6.001231885252746e-010	8.808965e-004
6.012130348459023e-010	1.497213e-003
6.023389434548080e-010	2.150458e-003
6.034885826514201e-010	2.825991e-003
6.057017996535940e-010	4.108804e-003
6.079570346926454e-010	5.311105e-003
6.090697830470686e-010	5.835849e-003
6.101869061483622e-010	6.303424e-003
6.113075462360248e-010	6.704967e-003
6.124374932873075e-010	7.035953e-003
6.135649641901554e-010	7.289777e-003
6.146579855563710e-010	7.463563e-003
6.157916102285218e-010	7.572514e-003
6.180017243001180e-010	7.605432e-003
6.213795818363179e-010	7.376331e-003
6.236397227757205e-010	7.213014e-003
6.259315676828309e-010	7.195894e-003
6.270648615001265e-010	7.280162e-003
6.281885223797646e-010	7.440278e-003
6.292780627669851e-010	7.676679e-003
6.304482888931183e-010	8.026024e-003
6.315250491457465e-010	8.437707e-003
6.326863066221075e-010	8.978757e-003
6.338129764865509e-010	9.596949e-003
6.349249579042797e-010	1.029122e-002
6.360369287893964e-010	1.106042e-002
6.382876327840398e-010	1.279815e-002
6.405502516313337e-010	1.468385e-002
6.416838323171110e-010	1.563413e-002
6.428571461809654e-010	1.659204e-002
6.439898749336978e-010	1.747010e-002
6.451042534044112e-010	1.826782e-002
6.462015164666726e-010	1.896952e-002
6.473102591943711e-010	1.957527e-002
6.484942743012939e-010	2.008776e-002
6.496596475883547e-010	2.043907e-002
6.507857540651189e-010	2.062007e-002
6.519600165258806e-010	2.063143e-002
6.530814655001613e-010	2.046620e-002
6.542198033117487e-010	2.011924e-002
6.553876155694616e-010	1.957659e-002
6.565002151577682e-010	1.888852e-002
6.576036423941283e-010	1.804972e-002
6.587430142650919e-010	1.703275e-002
6.598530366339160e-010	1.590990e-002
6.609770963172920e-010	1.465867e-002
6.621970757551140e-010	1.319536e-002
6.633085984973731e-010	1.178994e-002
6.644758830938080e-010	1.026651e-002
6.655986596765078e-010	8.779678e-003
6.666960843727640e-010	7.329112e-003
6.689765492702911e-010	4.414490e-003
6.700863298969051e-010	3.084210e-003
6.712354580465913e-010	1.791375e-003
6.723509669634777e-010	6.323850e-004
6.734938276615262e-010	-4.453889e-004
6.746072105930192e-010	-1.380419e-003
6.757272753854440e-010	-2.200764e-003
6.768396829710957e-010	-2.892589e-003
6.779698333384864e-010	-3.468324e-003
6.790643650036753e-010	-3.903601e-003
6.802083627109130e-010	-4.230870e-003
6.813229203773613e-010	-4.425832e-003
6.825091266152592e-010	-4.501283e-003
6.836024004451952e-010	-4.452311e-003
6.847601453510801e-010	-4.278699e-003
6.858641722528576e-010	-3.998264e-003
6.870097506091987e-010	-3.590461e-003
6.881949962907095e-010	-3.045122e-003
6.893274713146926e-010	-2.408685e-003
6.904490503384683e-010	-1.669531e-003
6.915710651981874e-010	-8.247292e-004
6.926950409215272e-010	1.230617e-004
6.938249618866598e-010	1.172589e-003
6.949820540479916e-010	2.339946e-003
6.960911734920289e-010	3.537467e-003
6.972082325072413e-010	4.809662e-003
6.983168940666392e-010	6.124418e-003
6.994733901139631e-010	7.534207e-003
7.005967460570504e-010	8.922594e-003
7.017734999629021e-010	1.037458e-002
7.028757536242390e-010	1.171106e-002
7.051408017879948e-010	1.429174e-002
7.062893437179488e-010	1.546684e-002
7.074005131371797e-010	1.648797e-002
7.085818852316141e-010	1.742500e-002
7.097012248491778e-010	1.815165e-002
7.108305992589726e-010	1.870796e-002
7.119493557646192e-010	1.906945e-002
7.130840517523812e-010	1.923171e-002
7.142197718448922e-010	1.917985e-002
7.153543301003820e-010	1.890952e-002
7.164833085600149e-010	1.842312e-002
7.175885648413944e-010	1.773995e-002
7.187321672845401e-010	1.682458e-002
7.198572988567348e-010	1.572751e-002
7.209839350186401e-010	1.444760e-002
7.221196368138009e-010	1.299081e-002
7.232043212245938e-010	1.146147e-002
7.243520808183603e-010	9.718636e-003
7.255032524968038e-010	7.866377e-003
7.266271720116302e-010	5.982507e-003
7.277391118119673e-010	4.070636e-003
7.299802055194475e-010	1.740444e-004
7.311322316415735e-010	-1.799077e-003
7.322803836485224e-010	-3.711506e-003
7.334090364612493e-010	-5.515871e-003
7.345581761918557e-010	-7.254499e-003
7.356888173205536e-010	-8.849656e-003
7.368064604473129e-010	-1.029829e-002
7.379547389965442e-010	-1.164047e-002
7.390736094064272e-010	-1.279567e-002
7.402461387092986e-010	-1.383658e-002
7.413708097940851e-010	-1.466710e-002
7.425243198119202e-010	-1.534587e-002
7.436838716480866e-010	-1.585191e-002
7.448056039429578e-010	-1.617569e-002
7.459379440517231e-010	-1.634148e-002
7.471451403565704e-010	-1.634660e-002
7.482355177880548e-010	-1.620564e-002
7.493716096865774e-010	-1.591976e-002
7.504810839559487e-010	-1.551162e-002
7.516313110157289e-010	-1.496298e-002
7.527511799042527e-010	-1.431485e-002
7.539158210039032e-010	-1.353124e-002
7.550414117595528e-010	-1.267691e-002
7.561600256100022e-010	-1.174263e-002
7.572917026054053e-010	-1.072033e-002
7.584240560265542e-010	-9.629514e-003
7.606844751117040e-010	-7.289967e-003
7.640975022332016e-010	-3.521767e-003
7.663575116835520e-010	-1.022541e-003
7.675017022495768e-010	1.996633e-004
7.686025633080152e-010	1.328642e-003
7.698072530611256e-010	2.493866e-003
7.709333147286591e-010	3.501302e-003
7.720823634777326e-010	4.432425e-003
7.731959456665561e-010	5.228313e-003
7.743104013231936e-010	5.908212e-003
7.754085104173381e-010	6.454560e-003
7.765783840758908e-010	6.893242e-003
7.777015053702953e-010	7.169627e-003
7.788420714992187e-010	7.301937e-003
7.800050414155564e-010	7.282467e-003
7.811240754229954e-010	7.118765e-003
7.823498853946065e-010	6.781996e-003
7.834780968668525e-010	6.333956e-003
7.846143353137342e-010	5.758610e-003
7.857370050753149e-010	5.078604e-003
7.868856005451581e-010	4.280791e-003
7.879876715416790e-010	3.430747e-003
7.890855409901580e-010	2.514397e-003
7.901950988606105e-010	1.530626e-003
7.913161118022967e-010	4.907752e-004
7.935948400133640e-010	-1.713801e-003
7.946940854876878e-010	-2.798281e-003
7.959119989175957e-010	-3.999881e-003
7.970164764307925e-010	-5.080632e-003
7.981626300500076e-010	-6.184555e-003
7.992850675214237e-010	-7.241160e-003
8.003976975860093e-010	-8.258339e-003
8.015451095242642e-010	-9.269874e-003
8.026965739592049e-010	-1.024115e-002
8.038394531073288e-010	-1.115640e-002
8.060911226535669e-010	-1.279723e-002
8.084086678275427e-010	-1.422517e-002
8.107236238604667e-010	-1.534168e-002
8.129770200677002e-010	-1.608624e-002
8.152524218113424e-010	-1.645347e-002
8.164045045139119e-010	-1.648084e-002
8.175542730037334e-010	-1.639752e-002
8.186598704174186e-010	-1.621135e-002
8.197876118120123e-010	-1.591379e-002
8.208950349767330e-010	-1.551653e-002
8.220166820959173e-010	-1.501029e-002
8.231512391655930e-010	-1.439566e-002
8.242895011407574e-010	-1.368084e-002
8.254280499514041e-010	-1.287456e-002
8.265621150710987e-010	-1.198927e-002
8.288452331909144e-010	-9.999912e-003
8.310990543379874e-010	-7.843803e-003
8.319217663377300e-010	-7.016431e-003
8.327444783374726e-010	-6.196171e-003
8.335671903372152e-010	-5.383022e-003
8.343899023369578e-010	-4.576984e-003
8.352126143367004e-010	-3.778058e-003
8.360353263364430e-010	-2.986243e-003
8.368580383361857e-010	-2.201539e-003
8.379598915546746e-010	-1.207351e-003
8.391001315239483e-010	-2.363399e-004
8.402614232463563e-010	6.816142e-004
8.414123315994703e-010	1.511555e-003
8.425445730209194e-010	2.243245e-003
8.436900714794059e-010	2.892342e-003
8.448161653047039e-010	3.437417e-003
8.459866167556266e-010	3.904161e-003
8.471207071278237e-010	4.259145e-003
8.482426631632680e-010	4.517506e-003
8.493768850650329e-010	4.687706e-003
8.505082657564258e-010	4.770481e-003
8.516360479654357e-010	4.771745e-003
8.528225474992944e-010	4.692290e-003
8.539319106817423e-010	4.549805e-003
8.551266255258533e-010	4.330936e-003
8.562579054074287e-010	4.068877e-003
8.585142606126287e-010	3.417977e-003
8.608648618613771e-010	2.611239e-003
8.631773108948809e-010	1.748121e-003
8.654832545571409e-010	8.707856e-004
8.678576764441291e-010	-1.969066e-006
8.689943742587166e-010	-3.957930e-004
8.701352929369309e-010	-7.690515e-004
8.712611082130407e-010	-1.111346e-003
8.724225232393851e-010	-1.432868e-003
8.736061720953794e-010	-1.722982e-003
8.748120431837518e-010	-1.974958e-003
8.759344283562468e-010	-2.166198e-003
8.770675881955161e-010	-2.313583e-003
8.783000727019125e-010	-2.418539e-003
8.794401269141651e-010	-2.462025e-003
8.806444520212728e-010	-2.450370e-003
8.817526758816451e-010	-2.386836e-003
8.829101279773303e-010	-2.266855e-003
8.840564003026769e-010	-2.095463e-003
8.852858996057735e-010	-1.856381e-003
8.864206481822731e-010	-1.588584e-003
8.876115710011731e-010	-1.263912e-003
8.887274380381641e-010	-9.243953e-004
8.898678117692622e-010	-5.482822e-004
8.909954519689059e-010	-1.538493e-004
8.922222045851207e-010	2.925603e-004
8.933572598378248e-010	7.142789e-004
8.945349095048668e-010	1.152697e-003
8.956817987329647e-010	1.573385e-003
8.979356346074551e-010	2.356809e-003
9.003127698237240e-010	3.082390e-003
9.026110488936942e-010	3.653065e-003
9.049647541932399e-010	4.086160e-003
9.073021156476825e-010	4.361844e-003
9.095554120091193e-010	4.490544e-003
9.119073529332043e-010	4.498665e-003
9.130941321380451e-010	4.460727e-003
9.142507374614444e-010	4.400464e-003
9.153830617396729e-010	4.321922e-003
9.165171302501753e-010	4.226466e-003
9.176686688589380e-010	4.114859e-003
9.189312790711633e-010	3.978331e-003
9.200839696006516e-010	3.843059e-003
9.212309710698644e-010	3.700447e-003
9.235257942482145e-010	3.397864e-003
9.258907066593303e-010	3.071326e-003
9.281959587746117e-010	2.745934e-003
9.305288876043398e-010	2.412236e-003
9.329254273136875e-010	2.062261e-003
9.363961172121783e-010	1.524446e-003
9.399351221075720e-010	8.970172e-004
9.422269680702262e-010	4.228703e-004
9.445066151304842e-010	-1.157040e-004
9.469035487381221e-010	-7.588216e-004
9.491573699427361e-010	-1.429364e-003
9.501585691311909e-010	-1.752434e-003
9.511597683196459e-010	-2.073555e-003
9.521609675081008e-010	-2.392727e-003
9.531621666965558e-010	-2.709951e-003
9.541633658850106e-010	-3.025226e-003
9.551645650734656e-010	-3.338552e-003
9.561657642619205e-010	-3.649930e-003
9.573988833105844e-010	-3.997542e-003
9.586154890807837e-010	-4.306548e-003
9.597977910549109e-010	-4.566260e-003
9.609344176640109e-010	-4.770988e-003
9.620658942231775e-010	-4.924563e-003
9.632169739845144e-010	-5.023543e-003
9.644973505512265e-010	-5.059707e-003
9.656930146613019e-010	-5.018811e-003
9.668601849866623e-010	-4.906498e-003
9.680388263257337e-010	-4.719318e-003
9.691755893941942e-010	-4.468916e-003
9.703244629935181e-010	-4.147942e-003
9.715903055448729e-010	-3.719209e-003
9.727828942712256e-010	-3.248468e-003
9.739156695305469e-010	-2.747293e-003
9.750883103223040e-010	-2.180194e-003
9.762400883401779e-010	-1.583039e-003
9.775479183801993e-010	-8.675156e-004
9.799408646389523e-010	5.054970e-004
9.821941818604532e-010	1.815767e-003
9.846823031954846e-010	3.209926e-003
9.870733593319520e-010	4.438965e-003
9.893252566977504e-010	5.456850e-003
9.905875341533392e-010	5.957725e-003
9.929826507298128e-010	6.756246e-003
9.952445518004307e-010	7.315085e-003
9.964078263767358e-010	7.524780e-003
9.976935294436461e-010	7.692881e-003
1.000048772476686e-009	7.821415e-003
1.001168421286445e-009	7.798347e-003
1.002372982077755e-009	7.711072e-003
1.003510202665047e-009	7.568155e-003
1.004638588552220e-009	7.367402e-003
1.005788889006942e-009	7.101843e-003
1.006913699176790e-009	6.782728e-003
1.008056363425998e-009	6.399002e-003
1.009210550926415e-009	5.951867e-003
1.010418514111446e-009	5.422297e-003
1.011637060921386e-009	4.827930e-003
1.012815550430488e-009	4.200228e-003
1.013947181470813e-009	3.553726e-003
1.015093043636302e-009	2.861456e-003
1.017422451402050e-009	1.366485e-003
1.018264209530304e-009	7.985402e-004
1.019105967658557e-009	2.347518e-004
1.019947725786811e-009	-3.248802e-004
1.020789483915064e-009	-8.803558e-004
1.021631242043318e-009	-1.431675e-003
1.022473000171571e-009	-1.978838e-003
1.023314758299825e-009	-2.521844e-003
1.024628780731485e-009	-3.321176e-003
1.025863495564218e-009	-4.024814e-003
1.027006042570056e-009	-4.626588e-003
1.028260641103640e-009	-5.224360e-003
1.029400909926608e-009	-5.704358e-003
1.030629662281826e-009	-6.148233e-003
1.031814068023403e-009	-6.499781e-003
1.032945857760544e-009	-6.762777e-003
1.034098620932896e-009	-6.955522e-003
1.035278895411716e-009	-7.073486e-003
1.036419067129621e-009	-7.111343e-003
1.037670393382332e-009	-7.068170e-003
1.038821803301787e-009	-6.952215e-003
1.039927526023871e-009	-6.774772e-003
1.041083741535125e-009	-6.523459e-003
1.042225951700899e-009	-6.213176e-003
1.043434799749648e-009	-5.822804e-003
1.044615394746808e-009	-5.385529e-003
1.046929657463321e-009	-4.390819e-003
1.049234142469170e-009	-3.259127e-003
1.051621296518576e-009	-1.990726e-003
1.053984458939938e-009	-6.918444e-004
1.056356187895946e-009	6.020938e-004
1.058709474651107e-009	1.825811e-003
1.059919110728222e-009	2.415507e-003
1.061068166936027e-009	2.943243e-003
1.062254723331693e-009	3.449138e-003
1.063449216923222e-009	3.912547e-003
1.064565905053206e-009	4.299152e-003
1.065756845991269e-009	4.656558e-003
1.066897861230027e-009	4.941279e-003
1.068073403814685e-009	5.171074e-003
1.069222991834459e-009	5.329633e-003
1.070458028556768e-009	5.423374e-003
1.071601632627145e-009	5.436873e-003
1.072707460423601e-009	5.381271e-003
1.073899625365691e-009	5.244949e-003
1.075081959144196e-009	5.031806e-003
1.076236431513242e-009	4.750245e-003
1.077470029602412e-009	4.372280e-003
1.078731602796124e-009	3.908265e-003
1.079882449836027e-009	3.422235e-003
1.081115992895995e-009	2.842531e-003
1.082271993512133e-009	2.251997e-003
1.084626092379330e-009	9.459580e-004
1.088192494971238e-009	-1.133850e-003
1.089363126143255e-009	-1.797511e-003
1.090613207496623e-009	-2.474722e-003
1.091762001233768e-009	-3.057895e-003
1.093011982240790e-009	-3.638394e-003
1.094195132408302e-009	-4.126735e-003
1.095396211236595e-009	-4.553212e-003
1.096611690158991e-009	-4.906668e-003
1.097808978658165e-009	-5.172466e-003
1.099035753347213e-009	-5.355844e-003
1.100197804489032e-009	-5.444195e-003
1.101335372923336e-009	-5.449426e-003
1.102497871828424e-009	-5.372250e-003
1.103754322561955e-009	-5.197215e-003
1.104962487769983e-009	-4.942642e-003
1.106082509829959e-009	-4.635278e-003
1.107309297885401e-009	-4.225805e-003
1.108489747558461e-009	-3.766524e-003
1.109656695841381e-009	-3.257038e-003
1.110898618448372e-009	-2.663378e-003
1.112119037916114e-009	-2.038051e-003
1.113320400215633e-009	-1.392032e-003
1.116925753322255e-009	6.241951e-004
1.119362183864974e-009	1.946785e-003
1.120551657485076e-009	2.551502e-003
1.121692669345042e-009	3.095680e-003
1.122875231285928e-009	3.615356e-003
1.124122352775798e-009	4.107602e-003
1.125365663519083e-009	4.535348e-003
1.126577751409247e-009	4.887244e-003
1.127714082144322e-009	5.155930e-003
1.128932602001484e-009	5.376369e-003
1.130136516639428e-009	5.524716e-003
1.131459032580990e-009	5.608625e-003
1.132686184647401e-009	5.613969e-003
1.133931724077219e-009	5.550496e-003
1.135155503966918e-009	5.423546e-003
1.136318009359750e-009	5.246789e-003
1.137601100157039e-009	4.992139e-003
1.138819545340450e-009	4.696224e-003
1.140083136916993e-009	4.337766e-003
1.141251103405175e-009	3.963059e-003
1.142473003791819e-009	3.529814e-003
1.143784556886168e-009	3.021446e-003
1.144987286422896e-009	2.518851e-003
1.146301663175160e-009	1.933276e-003
1.148746221917157e-009	7.557705e-004
1.151206272697564e-009	-5.212490e-004
1.153816373021915e-009	-1.936625e-003
1.156297624464401e-009	-3.288753e-003
1.158813081429435e-009	-4.601175e-003
1.161171033764293e-009	-5.712407e-003
1.162438854085171e-009	-6.239204e-003
1.163685499006449e-009	-6.697183e-003
1.165003376581632e-009	-7.107356e-003
1.166237167248299e-009	-7.415235e-003
1.167370639862607e-009	-7.628195e-003
1.168544173017528e-009	-7.774509e-003
1.169766235932579e-009	-7.844319e-003
1.171055496861000e-009	-7.825797e-003
1.172329003996566e-009	-7.715654e-003
1.173528494869527e-009	-7.531108e-003
1.174681724646954e-009	-7.283624e-003
1.175944542911474e-009	-6.939805e-003
1.177213824204489e-009	-6.525050e-003
1.178515845389002e-009	-6.037025e-003
1.181001384749757e-009	-4.967985e-003
1.184889075306709e-009	-3.095865e-003
1.187377752527382e-009	-1.880067e-003
1.189796063706979e-009	-7.519582e-004
1.191123339755630e-009	-1.690888e-004
1.192392283884874e-009	3.592306e-004
1.193760385306319e-009	8.944623e-004
1.194961198577538e-009	1.333662e-003
1.196245745750130e-009	1.771339e-003
1.197597390347605e-009	2.196167e-003
1.198865865682648e-009	2.562078e-003
1.201546416232782e-009	3.233980e-003
1.204114207411964e-009	3.751619e-003
1.206774518073408e-009	4.155772e-003
1.209334231022264e-009	4.407922e-003
1.211985734434900e-009	4.511329e-003
1.213342705230440e-009	4.496436e-003
1.214631062865390e-009	4.437551e-003
1.215884668585075e-009	4.337600e-003
1.217228189109505e-009	4.183871e-003
1.218515516154569e-009	3.992494e-003
1.219904734528746e-009	3.740401e-003
1.221177897433775e-009	3.471518e-003
1.223715411919711e-009	2.847927e-003
1.230194982302679e-009	1.056900e-003
1.231545201776061e-009	7.134115e-004
1.232917064902316e-009	3.930755e-004
1.234241526741667e-009	1.164385e-004
1.235497421513002e-009	-1.130734e-004
1.236781198676335e-009	-3.130898e-004
1.238171500311156e-009	-4.903277e-004
1.239537748165265e-009	-6.264373e-004
1.240882354663065e-009	-7.269209e-004
1.242130570444864e-009	-7.944095e-004
1.243482069911215e-009	-8.447277e-004
1.244802184918363e-009	-8.764571e-004
1.247535715001654e-009	-9.110332e-004
1.250170384842105e-009	-9.355833e-004
1.254235958080486e-009	-1.002139e-003
1.255546246092624e-009	-1.039950e-003
1.256856534104762e-009	-1.069034e-003
1.258166822116900e-009	-1.089393e-003
1.259477110129039e-009	-1.101026e-003
1.260787398141177e-009	-1.103932e-003
1.262097686153315e-009	-1.098113e-003
1.263407974165453e-009	-1.083568e-003
1.264829650582674e-009	-1.035041e-003
1.266253853917604e-009	-9.600761e-004
1.268857150252804e-009	-7.518260e-004
1.271623673767748e-009	-4.350691e-004
1.274049411216342e-009	-9.197243e-005
1.275190553709721e-009	9.097211e-005
1.276331696203099e-009	2.733438e-004
1.277472838696478e-009	4.551425e-004
1.278613981189856e-009	6.363684e-004
1.279755123683235e-009	8.170214e-004
1.280896266176614e-009	9.971016e-004
1.282037408669992e-009	1.176609e-003
1.284795001444037e-009	1.551581e-003
1.287607663556204e-009	1.846944e-003
1.290354015882904e-009	2.025554e-003
1.291720670079903e-009	2.067689e-003
1.294201109506175e-009	2.056732e-003
1.295537516993727e-009	2.001475e-003
1.296911800688249e-009	1.907313e-003
1.298381789799047e-009	1.764128e-003
1.299856166449258e-009	1.576470e-003
1.301224491237240e-009	1.363498e-003
1.302494958288129e-009	1.133408e-003
1.303937555583321e-009	8.364499e-004
1.305536035215673e-009	4.667216e-004
1.308052923617797e-009	-1.894852e-004
1.310815865842738e-009	-9.840148e-004
1.313580057495818e-009	-1.812124e-003
1.316230807465994e-009	-2.588515e-003
1.317763604028581e-009	-3.009543e-003
1.319186818647089e-009	-3.371983e-003
1.320411788452943e-009	-3.656313e-003
1.321666620908619e-009	-3.916180e-003
1.322967085898378e-009	-4.147557e-003
1.324471386925200e-009	-4.361818e-003
1.325936512630359e-009	-4.511170e-003
1.327176324271490e-009	-4.589423e-003
1.328575116982312e-009	-4.623219e-003
1.329844885780585e-009	-4.603629e-003
1.331271498066975e-009	-4.525457e-003
1.332774315618998e-009	-4.381262e-003
1.334046444800203e-009	-4.212398e-003
1.335436160172843e-009	-3.982977e-003
1.336712482964261e-009	-3.734883e-003
1.338170066712442e-009	-3.413532e-003
1.339698168438754e-009	-3.040044e-003
1.342367361605074e-009	-2.320836e-003
1.345064375680754e-009	-1.543971e-003
1.346422051254104e-009	-1.137335e-003
1.347779726827454e-009	-7.410542e-004
1.349137402400804e-009	-3.551270e-004
1.350495077974154e-009	2.044622e-005
1.351852753547504e-009	3.856653e-004
1.353210429120854e-009	7.405304e-004
1.354568104694205e-009	1.085041e-003
1.355926070670558e-009	1.399318e-003
1.357524651074907e-009	1.737056e-003
1.358989883792337e-009	2.012050e-003
1.361504139717520e-009	2.395344e-003
1.362852537923812e-009	2.549237e-003
1.364414194379814e-009	2.678081e-003
1.365907460556950e-009	2.749097e-003
1.367169909870783e-009	2.767948e-003
1.368601256987143e-009	2.743036e-003
1.369935567702555e-009	2.675869e-003
1.371579100627775e-009	2.536999e-003
1.373074188620942e-009	2.360201e-003
1.374489338857586e-009	2.153014e-003
1.377301435890339e-009	1.648203e-003
1.384224471134051e-009	1.870473e-004
1.385771688665698e-009	-1.165405e-004
1.387097273948233e-009	-3.549182e-004
1.388382943937069e-009	-5.621741e-004
1.389753729592383e-009	-7.530315e-004
1.391219830145105e-009	-9.188934e-004
1.392590942118217e-009	-1.035508e-003
1.393885808142174e-009	-1.109850e-003
1.395305430522393e-009	-1.150536e-003
1.396771862486136e-009	-1.147757e-003
1.398353868149853e-009	-1.094873e-003
1.399722466791424e-009	-1.009084e-003
1.401010761291781e-009	-8.964927e-004
1.402411485630994e-009	-7.419025e-004
1.403878825368248e-009	-5.477522e-004
1.405475739129617e-009	-3.043244e-004
1.408103855012296e-009	1.529421e-004
1.410964030894626e-009	6.988930e-004
1.415466237228409e-009	1.568814e-003
1.418348681225153e-009	2.079631e-003
1.420963544282992e-009	2.484944e-003
1.423745994135623e-009	2.840232e-003
1.426621393414409e-009	3.115539e-003
1.429334943234345e-009	3.285383e-003
1.432291214553605e-009	3.369228e-003
1.435090359275307e-009	3.351249e-003
1.438012394322343e-009	3.232966e-003
1.441016132179213e-009	3.010665e-003
1.443934956272465e-009	2.708393e-003
1.447937871986053e-009	2.194504e-003
1.452348008211057e-009	1.588363e-003
1.454976218775710e-009	1.262716e-003
1.457934522447903e-009	9.739446e-004
1.459392451715275e-009	8.723970e-004
1.460745793498143e-009	8.060255e-004
1.462203643116410e-009	7.665179e-004
1.463586267209605e-009	7.605223e-004
1.465163071395126e-009	7.908417e-004
1.466614898169711e-009	8.524135e-004
1.468118181915811e-009	9.474963e-004
1.470890125171870e-009	1.193304e-003
1.472134972733347e-009	1.335344e-003
1.473379820294825e-009	1.478274e-003
1.474624667856303e-009	1.622093e-003
1.475869515417781e-009	1.766803e-003
1.477114362979258e-009	1.912402e-003
1.478359210540736e-009	2.058890e-003
1.479604058102214e-009	2.206269e-003
1.482512846193785e-009	2.485168e-003
1.484007204768833e-009	2.595832e-003
1.485543587065323e-009	2.681949e-003
1.487048055261585e-009	2.736641e-003
1.488510319062290e-009	2.760026e-003
1.491367023226595e-009	2.717543e-003
1.492925893693642e-009	2.644422e-003
1.495868155366762e-009	2.410949e-003
1.497363055796144e-009	2.245414e-003
1.498938615203624e-009	2.037656e-003
1.501930529439585e-009	1.552474e-003
1.504797833890531e-009	9.830011e-004
1.506380079746694e-009	6.291341e-004
1.509344434677916e-009	-9.799789e-005
1.513966633429377e-009	-1.341277e-003
1.518357394347644e-009	-2.530362e-003
1.521447008015907e-009	-3.290485e-003
1.524515593824810e-009	-3.926775e-003
1.526123163014302e-009	-4.199507e-003
1.527664779712285e-009	-4.416961e-003
1.529151421437401e-009	-4.583586e-003
1.530634647577463e-009	-4.706597e-003
1.532120543592699e-009	-4.786400e-003
1.533581644843005e-009	-4.823158e-003
1.535139551308333e-009	-4.818347e-003
1.536579987166372e-009	-4.775398e-003
1.538283866084326e-009	-4.680102e-003
1.539823231002650e-009	-4.555672e-003
1.542789007571427e-009	-4.225916e-003
1.545743371377423e-009	-3.799818e-003
1.550195244837905e-009	-3.027455e-003
1.553176379843265e-009	-2.460427e-003
1.556221451010600e-009	-1.874118e-003
1.557802446647713e-009	-1.577398e-003
1.559341141138070e-009	-1.299277e-003
1.560785040162281e-009	-1.051457e-003
1.562345755005446e-009	-8.016602e-004
1.563804680877547e-009	-5.880653e-004
1.565308507926639e-009	-3.906749e-004
1.566763499581137e-009	-2.235896e-004
1.568362310648267e-009	-6.862898e-005
1.569806365003106e-009	4.487826e-005
1.571420647943497e-009	1.419737e-004
1.572943989720938e-009	2.053341e-004
1.574385973217356e-009	2.410119e-004
1.575937609548634e-009	2.544963e-004
1.578930768978105e-009	2.141400e-004
1.581952607383040e-009	9.608084e-005
1.584959133061372e-009	-8.717266e-005
1.587863806505352e-009	-3.193598e-004
1.591018329489732e-009	-6.275211e-004
1.595534294114999e-009	-1.155944e-003
1.599972549939432e-009	-1.734346e-003
1.602951728974402e-009	-2.114287e-003
1.606042098861131e-009	-2.457612e-003
1.607469204117027e-009	-2.586787e-003
1.609045946675754e-009	-2.700804e-003
1.610513845872381e-009	-2.775629e-003
1.612079847794535e-009	-2.817984e-003
1.613548469553105e-009	-2.819713e-003
1.614998928253935e-009	-2.783449e-003
1.616544498594991e-009	-2.702378e-003
1.618185830120149e-009	-2.568702e-003
1.619673707672312e-009	-2.406608e-003
1.621105551607536e-009	-2.216172e-003
1.622678935042703e-009	-1.971600e-003
1.625688520234404e-009	-1.418221e-003
1.630195028823300e-009	-4.572438e-004
1.633312543846478e-009	2.335113e-004
1.636325880859253e-009	8.731428e-004
1.639495692778719e-009	1.478437e-003
1.640944168352896e-009	1.723220e-003
1.642546325330071e-009	1.966187e-003
1.644036562811921e-009	2.163392e-003
1.645582509482863e-009	2.336115e-003
1.647052120831688e-009	2.468250e-003
1.648523473858614e-009	2.567535e-003
1.650090839112373e-009	2.635448e-003
1.651675936687949e-009	2.663270e-003
1.653121510545863e-009	2.652279e-003
1.654560729192567e-009	2.606894e-003
1.656166408509727e-009	2.516507e-003
1.657687870474420e-009	2.393712e-003
1.660698674967237e-009	2.054526e-003
1.663843582705601e-009	1.591706e-003
1.668917424923938e-009	7.341617e-004
1.670473404522636e-009	4.747786e-004
1.672230915555227e-009	1.995430e-004
1.673975201989565e-009	-4.624186e-005
1.675547634903722e-009	-2.377317e-004
1.677138053942515e-009	-3.970566e-004
1.678865932920438e-009	-5.265261e-004
1.680420977317512e-009	-6.017054e-004
1.681926724277791e-009	-6.360772e-004
1.683534114051087e-009	-6.312231e-004
1.685171726613036e-009	-5.835861e-004
1.686656427554239e-009	-5.052591e-004
1.688133684691903e-009	-3.968767e-004
1.689769516222452e-009	-2.452700e-004
1.691340759728498e-009	-7.252970e-005
1.694489161713042e-009	3.353743e-004
1.695910460210156e-009	5.460240e-004
1.697331758707271e-009	7.565900e-004
1.698753057204386e-009	9.670723e-004
1.700174355701500e-009	1.177471e-003
1.701595654198615e-009	1.387786e-003
1.703016952695730e-009	1.598017e-003
1.704438251192844e-009	1.808164e-003
1.706214490730405e-009	2.048645e-003
1.707899582379137e-009	2.259305e-003
1.709508404268654e-009	2.441247e-003
1.711118978940660e-009	2.601749e-003
1.712905206004572e-009	2.751384e-003
1.714583630170194e-009	2.862393e-003
1.716205324415116e-009	2.940596e-003
1.717815599066403e-009	2.988837e-003
1.719611251976345e-009	3.007424e-003
1.721285946388162e-009	2.991431e-003
1.724525349306162e-009	2.873110e-003
1.728000734085934e-009	2.632798e-003
1.733065283801801e-009	2.130546e-003
1.737991570129512e-009	1.561897e-003
1.741474147009701e-009	1.167253e-003
1.744746323214416e-009	8.318778e-004
1.746576463006977e-009	6.663104e-004
1.748232613244406e-009	5.324350e-004
1.749897919162398e-009	4.142513e-004
1.751519955340253e-009	3.155354e-004
1.753171816119782e-009	2.317368e-004
1.754752973339098e-009	1.670267e-004
1.758053609349360e-009	7.739808e-005
1.761569347359638e-009	3.900129e-005
1.766721768122085e-009	5.183693e-005
1.771779523845420e-009	9.036577e-005
1.775277014084297e-009	1.043597e-004
1.778617729531611e-009	9.407886e-005
1.782109268165202e-009	4.913915e-005
1.785469915212563e-009	-3.397157e-005
1.788966229655395e-009	-1.666993e-004
1.792364987110090e-009	-3.416199e-004
1.797570405450554e-009	-6.826955e-004
1.801112270154450e-009	-9.414012e-004
1.804509455332500e-009	-1.182726e-003
1.808072946952216e-009	-1.401125e-003
1.811489864794893e-009	-1.555420e-003
1.815101563657221e-009	-1.646937e-003
1.818541086834257e-009	-1.666656e-003
1.823862144685628e-009	-1.598772e-003
1.829215949915373e-009	-1.472447e-003
1.832734864967762e-009	-1.385161e-003
1.836303301690049e-009	-1.299695e-003
1.841659799957612e-009	-1.166803e-003
1.847104064517545e-009	-1.006172e-003
1.852410031341388e-009	-8.316247e-004
1.856072016318895e-009	-7.248167e-004
1.859673001560772e-009	-6.530423e-004
1.863292410305648e-009	-6.281767e-004
1.868804997785525e-009	-6.838823e-004
1.871406922314921e-009	-7.499964e-004
1.874008846844318e-009	-8.140969e-004
1.876610771373715e-009	-8.761840e-004
1.879212695903111e-009	-9.362574e-004
1.881814620432508e-009	-9.943174e-004
1.884416544961904e-009	-1.050364e-003
1.887018469491301e-009	-1.104397e-003
1.889048971562696e-009	-1.144977e-003
1.891079473634091e-009	-1.171284e-003
1.893109975705486e-009	-1.183320e-003
1.895140477776881e-009	-1.181084e-003
1.897170979848276e-009	-1.164575e-003
1.899201481919671e-009	-1.133794e-003
1.901231983991066e-009	-1.088741e-003
1.902935944852752e-009	-1.018695e-003
1.904749544922825e-009	-9.179833e-004
1.906613460325442e-009	-7.843527e-004
1.908334161980439e-009	-6.330308e-004
1.910215180620328e-009	-4.372674e-004
1.911948879735317e-009	-2.302605e-004
1.913958368466505e-009	3.796989e-005
1.917603257197753e-009	5.841846e-004
1.922837210063066e-009	1.425143e-003
1.926517399525335e-009	1.988154e-003
1.929948739601711e-009	2.447300e-003
1.933680394741592e-009	2.841461e-003
1.937318530629187e-009	3.098242e-003
1.940881811643390e-009	3.215908e-003
1.944479565300973e-009	3.197435e-003
1.948034693549300e-009	3.049001e-003
1.951622006433497e-009	2.781987e-003
1.955243164671349e-009	2.416370e-003
1.956819601116951e-009	2.226416e-003
1.958396037562553e-009	2.035884e-003
1.959972474008156e-009	1.844775e-003
1.961548910453758e-009	1.653087e-003
1.963125346899360e-009	1.460821e-003
1.964701783344962e-009	1.267978e-003
1.966278219790564e-009	1.074556e-003
1.969804362517830e-009	7.057487e-004
1.971681235542158e-009	5.422951e-004
1.973572215717454e-009	4.049576e-004
1.975321183690738e-009	3.041727e-004
1.977285429777664e-009	2.220557e-004
1.979061260943186e-009	1.760081e-004
1.980929976835627e-009	1.553518e-004
1.982722399722819e-009	1.604774e-004
1.986485990227453e-009	2.385324e-004
1.991941619635626e-009	4.563681e-004
1.997627278806453e-009	6.999038e-004
2.001290863722094e-009	8.025403e-004
2.005018187320505e-009	8.244482e-004
2.006920332631271e-009	7.959342e-004
2.008676839980295e-009	7.437397e-004
2.010468181452785e-009	6.645735e-004
2.012385031218604e-009	5.516305e-004
2.014381975874917e-009	4.051209e-004
2.018266362845600e-009	5.052118e-005
2.024117545113950e-009	-5.779822e-004
2.028068591321388e-009	-9.951191e-004
2.031951696585158e-009	-1.348490e-003
2.035683239188552e-009	-1.606581e-003
2.039461568137211e-009	-1.770896e-003
2.041525226533297e-009	-1.817697e-003
2.045438404569602e-009	-1.826603e-003
2.049282921203794e-009	-1.746444e-003
2.055072836919562e-009	-1.515640e-003
2.060887121114341e-009	-1.255126e-003
2.064777046995660e-009	-1.123141e-003
2.068544149819502e-009	-1.052918e-003
2.072405940608623e-009	-1.042855e-003
2.076268223012424e-009	-1.080543e-003
2.082142502189768e-009	-1.164608e-003
2.086131804285667e-009	-1.191211e-003
2.090358225624859e-009	-1.160597e-003
2.094368358703419e-009	-1.067055e-003
2.100317476028120e-009	-8.302914e-004
2.106332532856775e-009	-5.283229e-004
2.112608096369425e-009	-2.235602e-004
2.116826287379615e-009	-5.858613e-005
2.120886962449575e-009	5.290321e-005
2.125055326742025e-009	1.098476e-004
2.129279830749631e-009	1.065911e-004
2.135524822869687e-009	1.295035e-005
2.141833906695507e-009	-1.151602e-004
2.146004471503329e-009	-1.680861e-004
2.150268601231828e-009	-1.685052e-004
2.154414879464540e-009	-1.104018e-004
2.160768065151086e-009	6.687795e-005
2.163524474414598e-009	1.715385e-004
2.166280883678110e-009	2.673486e-004
2.169037292941622e-009	3.543083e-004
2.171793702205134e-009	4.324175e-004
2.174550111468647e-009	5.016764e-004
2.177306520732159e-009	5.620848e-004
2.180062929995671e-009	6.136428e-004
2.186504239454523e-009	6.443922e-004
2.192980397562416e-009	5.784358e-004
2.194849925085174e-009	5.399196e-004
2.196719452607931e-009	5.058971e-004
2.198588980130688e-009	4.763682e-004
2.200458507653445e-009	4.513330e-004
2.202328035176203e-009	4.307915e-004
2.204197562698960e-009	4.147437e-004
2.206067090221717e-009	4.031895e-004
2.208246828308367e-009	4.152449e-004
2.210584353591012e-009	4.516390e-004
2.214879925708078e-009	5.844376e-004
2.219337834361739e-009	7.986905e-004
2.223836152824637e-009	1.050558e-003
2.228166314463266e-009	1.265784e-003
2.230486424704313e-009	1.347451e-003
2.232665404443942e-009	1.392810e-003
2.234835155297990e-009	1.402136e-003
2.237160200590488e-009	1.368422e-003
2.239354049899811e-009	1.293735e-003
2.241525537354213e-009	1.179741e-003
2.243851287287904e-009	1.017137e-003
2.246065620191866e-009	8.289555e-004
2.250572710899960e-009	3.774317e-004
2.254977326483961e-009	-9.141411e-005
2.257319530134895e-009	-3.250577e-004
2.259553900755353e-009	-5.245520e-004
2.261737589938465e-009	-6.886871e-004
2.264086156639039e-009	-8.225683e-004
2.266323460767493e-009	-9.022797e-004
2.268513515241480e-009	-9.300587e-004
2.270868891474838e-009	-9.008563e-004
2.273113200017093e-009	-8.147766e-004
2.275310706836486e-009	-6.763097e-004
2.277676068507210e-009	-4.711344e-004
2.279916019082213e-009	-2.291624e-004
2.282121985377501e-009	4.625134e-005
2.288962510408482e-009	1.015532e-003
2.291358064577708e-009	1.344908e-003
2.293603679377879e-009	1.623505e-003
2.295844866614226e-009	1.858303e-003
2.298255415863985e-009	2.048896e-003
2.300495628533989e-009	2.158745e-003
2.302756679500936e-009	2.197225e-003
2.305193267774336e-009	2.154171e-003
2.307416849324252e-009	2.039328e-003
2.309705626780044e-009	1.850603e-003
2.311915591927321e-009	1.607937e-003
2.314272889545987e-009	1.294892e-003
2.318583223462547e-009	6.230330e-004
2.323137893826129e-009	-1.379463e-004
2.325273628433128e-009	-4.834618e-004
2.327685219453695e-009	-8.478851e-004
2.329860086407347e-009	-1.143946e-003
2.332015348916610e-009	-1.399088e-003
2.334441338574584e-009	-1.633322e-003
2.336626490223397e-009	-1.791477e-003
2.338793835834750e-009	-1.895685e-003
2.341229596783452e-009	-1.948655e-003
2.343429021802464e-009	-1.938758e-003
2.345601190438868e-009	-1.877845e-003
2.348050215506681e-009	-1.754312e-003
2.350261421825226e-009	-1.600345e-003
2.354883657579138e-009	-1.193061e-003
2.359259075644781e-009	-7.808558e-004
2.361723858655855e-009	-5.744292e-004
2.363950118359558e-009	-4.197927e-004
2.366115023218919e-009	-3.072554e-004
2.368586281441959e-009	-2.314744e-004
2.370832958637771e-009	-2.140689e-004
2.373006190473746e-009	-2.432805e-004
2.375483017251314e-009	-3.268301e-004
2.377750840020946e-009	-4.430718e-004
2.379931581027419e-009	-5.818862e-004
2.389381732896269e-009	-1.256016e-003
2.391713223290633e-009	-1.385483e-003
2.393909715361830e-009	-1.478078e-003
2.396389225024847e-009	-1.542018e-003
2.398754949709075e-009	-1.558824e-003
2.400972825234319e-009	-1.533208e-003
2.403446520184144e-009	-1.456823e-003
2.405866087579879e-009	-1.334574e-003
2.408142459092537e-009	-1.179349e-003
2.410593631449572e-009	-9.735226e-004
2.413080224389891e-009	-7.307329e-004
2.420544295036885e-009	1.048152e-004
2.422900727383706e-009	3.660893e-004
2.425405109067464e-009	6.228490e-004
2.427924282493069e-009	8.488576e-004
2.430325208277332e-009	1.026203e-003
2.432847032144387e-009	1.166825e-003
2.435419522023923e-009	1.259720e-003
2.437783519771739e-009	1.300992e-003
2.440435389334102e-009	1.301802e-003
2.442863879834379e-009	1.266885e-003
2.447894020846390e-009	1.122641e-003
2.452838381269306e-009	9.482183e-004
2.455398181925479e-009	8.670652e-004
2.457799036426740e-009	8.046416e-004
2.460417537357078e-009	7.564148e-004
2.462950231711744e-009	7.323271e-004
2.465393821977998e-009	7.315239e-004
2.468028143984481e-009	7.555500e-004
2.470460232040201e-009	7.998451e-004
2.472998027259712e-009	8.667737e-004
2.478012665663985e-009	1.048401e-003
2.479825158652224e-009	1.131732e-003
2.481637651640464e-009	1.210115e-003
2.483450144628703e-009	1.283551e-003
2.485262637616943e-009	1.352039e-003
2.487075130605183e-009	1.415579e-003
2.488887623593422e-009	1.474172e-003
2.490700116581662e-009	1.527816e-003
2.493144852107417e-009	1.566652e-003
2.495544770680085e-009	1.573620e-003
2.498121476963584e-009	1.543041e-003
2.500644561163431e-009	1.473671e-003
2.503309649440345e-009	1.359592e-003
2.505736232747807e-009	1.222944e-003
2.510861713416880e-009	8.580570e-004
2.518341913192178e-009	2.545707e-004
2.523287044893215e-009	-1.127022e-004
2.525893609573084e-009	-2.827985e-004
2.528539967306076e-009	-4.365001e-004
2.531209525403770e-009	-5.719793e-004
2.536158386218067e-009	-7.736610e-004
2.541391220295709e-009	-9.232992e-004
2.546475137143853e-009	-1.012634e-003
2.554401248244742e-009	-1.064737e-003
2.559542716575735e-009	-1.070871e-003
2.564639964723770e-009	-1.085886e-003
2.567299032702545e-009	-1.104245e-003
2.570112146161152e-009	-1.133411e-003
2.572704438571762e-009	-1.168842e-003
2.577936502430304e-009	-1.258903e-003
2.586079152677757e-009	-1.414236e-003
2.589107330139817e-009	-1.473904e-003
2.592135507601877e-009	-1.528600e-003
2.595163685063937e-009	-1.578325e-003
2.598191862525997e-009	-1.623077e-003
2.601220039988057e-009	-1.662859e-003
2.604248217450117e-009	-1.697669e-003
2.607276394912177e-009	-1.727507e-003
2.612501852707222e-009	-1.703838e-003
2.615232498628001e-009	-1.649386e-003
2.618142529496710e-009	-1.553183e-003
2.620761993086494e-009	-1.431165e-003
2.623580147624067e-009	-1.263262e-003
2.626453369369753e-009	-1.056814e-003
2.631664612937368e-009	-6.134535e-004
2.639740184760000e-009	1.416030e-004
2.645434087093939e-009	6.369489e-004
2.648110487463859e-009	8.423838e-004
2.650952992126852e-009	1.035084e-003
2.653882679626852e-009	1.201975e-003
2.656531348256295e-009	1.322011e-003
2.659461035756295e-009	1.417919e-003
2.662115121894077e-009	1.470270e-003
2.665044809394076e-009	1.490542e-003
2.667884780196387e-009	1.475490e-003
2.673569533532076e-009	1.366323e-003
2.679187191584655e-009	1.209849e-003
2.681995749092200e-009	1.135621e-003
2.684827205826504e-009	1.073389e-003
2.687756893326504e-009	1.027292e-003
2.690484434011590e-009	1.002988e-003
2.693414121511590e-009	9.961220e-004
2.696199245090316e-009	1.005214e-003
2.702057722529899e-009	1.053505e-003
2.710553359514232e-009	1.112333e-003
2.716395442187375e-009	1.090958e-003
2.722195974756148e-009	9.963121e-004
2.727939413863786e-009	8.303163e-004
2.733730075044175e-009	6.112131e-004
2.742469319974139e-009	2.826309e-004
2.745329609414756e-009	2.039249e-004
2.748259296914756e-009	1.487579e-004
2.751188984414756e-009	1.229399e-004
2.754118671914755e-009	1.271589e-004
2.757048359414755e-009	1.588085e-004
2.759136427622554e-009	2.038951e-004
2.761224495830352e-009	2.483426e-004
2.763312564038150e-009	2.921510e-004
2.765400632245949e-009	3.353203e-004
2.767488700453747e-009	3.778506e-004
2.769576768661546e-009	4.197417e-004
2.771664836869344e-009	4.609938e-004
2.774594524369344e-009	4.864616e-004
2.777524211869344e-009	4.840546e-004
2.780453899369344e-009	4.515805e-004
2.783383586869344e-009	3.894374e-004
2.786313274369343e-009	3.002540e-004
2.792172649369343e-009	5.968101e-005
2.800961711869342e-009	-3.582652e-004
2.806821086869342e-009	-5.871232e-004
2.809750774369342e-009	-6.651322e-004
2.812680461869342e-009	-7.120346e-004
2.815610149369341e-009	-7.255181e-004
2.818539836869341e-009	-7.061795e-004
2.821469524369341e-009	-6.577463e-004
2.827328899369341e-009	-5.025539e-004
2.833188274369340e-009	-3.344425e-004
2.836117961869340e-009	-2.698522e-004
2.839047649369340e-009	-2.277812e-004
2.841977336869340e-009	-2.116855e-004
2.844907024369339e-009	-2.217101e-004
2.850766399369339e-009	-3.063906e-004
2.853277560083624e-009	-3.680004e-004
2.855788720797910e-009	-4.252617e-004
2.858299881512196e-009	-4.781747e-004
2.860811042226481e-009	-5.267391e-004
2.863322202940767e-009	-5.709552e-004
2.865833363655053e-009	-6.108228e-004
2.868344524369338e-009	-6.463419e-004
2.874203899369338e-009	-6.690885e-004
2.880063274369337e-009	-6.301460e-004
2.894711711869336e-009	-4.203238e-004
2.900571086869336e-009	-4.043576e-004
2.903500774369336e-009	-4.281220e-004
2.909360149369335e-009	-5.331940e-004
2.918149211869335e-009	-7.386551e-004
2.921078899369334e-009	-7.850544e-004
2.924008586869334e-009	-8.068684e-004
2.926938274369334e-009	-7.987022e-004
2.929867961869334e-009	-7.577257e-004
2.932797649369334e-009	-6.837586e-004
2.935727336869333e-009	-5.790772e-004
2.941586711869333e-009	-2.966397e-004
2.950375774369333e-009	2.044306e-004
2.953305461869332e-009	3.595875e-004
2.956235149369332e-009	4.952967e-004
2.959164836869332e-009	6.046282e-004
2.962094524369332e-009	6.822900e-004
2.965024211869332e-009	7.252779e-004
2.967953899369331e-009	7.334223e-004
2.970883586869331e-009	7.097039e-004
2.976742961869331e-009	5.937628e-004
2.982602336869330e-009	4.531956e-004
2.985532024369330e-009	4.012890e-004
2.988461711869330e-009	3.743056e-004
2.991391399369330e-009	3.785279e-004
2.994321086869330e-009	4.168018e-004
2.997250774369329e-009	4.883036e-004
3.000000000000000e-009	5.819072e-004
