time	V(n_3p)
0.000000000000000e+000	0.000000e+000
5.177675933883144e-011	-1.603888e-006
1.035535186776629e-010	-2.136283e-006
1.553302780164943e-010	-1.597182e-006
2.071070373553258e-010	1.341241e-008
2.588837966941572e-010	2.695501e-006
3.106605560329887e-010	6.449085e-006
3.624373153718199e-010	1.127416e-005
3.673581579780886e-010	9.656263e-006
3.722790005843573e-010	7.573589e-006
3.771998431906259e-010	5.026142e-006
3.821206857968946e-010	2.013922e-006
3.870415284031632e-010	-1.463072e-006
3.919623710094319e-010	-5.404839e-006
3.968832136157006e-010	-9.811380e-006
4.000532542948854e-010	-1.080895e-005
4.032232949740703e-010	-1.222632e-005
4.063933356532551e-010	-1.406349e-005
4.095633763324400e-010	-1.632045e-005
4.127334170116249e-010	-1.899721e-005
4.159034576908097e-010	-2.209376e-005
4.190734983699946e-010	-2.561011e-005
4.219237784687944e-010	-2.786682e-005
4.247740585675942e-010	-2.942677e-005
4.276243386663941e-010	-3.028994e-005
4.304746187651939e-010	-3.045634e-005
4.333248988639938e-010	-2.992598e-005
4.361751789627936e-010	-2.869884e-005
4.390254590615934e-010	-2.677493e-005
4.421747842105128e-010	-3.065463e-005
4.453241093594321e-010	-3.272769e-005
4.484734345083515e-010	-3.299410e-005
4.516227596572708e-010	-3.145387e-005
4.547720848061901e-010	-2.810701e-005
4.579214099551095e-010	-2.295350e-005
4.610707351040288e-010	-1.599334e-005
4.642626724750359e-010	-2.055303e-005
4.674546098460429e-010	-2.276919e-005
4.706465472170500e-010	-2.264181e-005
4.738384845880570e-010	-2.017089e-005
4.770304219590640e-010	-1.535644e-005
4.802223593300711e-010	-8.198458e-006
4.834142967010781e-010	1.303064e-006
4.854409726349887e-010	-4.826900e-006
4.874676485688992e-010	-9.021659e-006
4.894943245028098e-010	-1.128121e-005
4.915210004367203e-010	-1.160556e-005
4.935476763706309e-010	-9.994711e-006
4.955743523045414e-010	-6.448653e-006
4.976010282384520e-010	-9.673911e-007
5.002948169527401e-010	1.236588e-005
5.029886056670281e-010	2.939418e-005
5.056823943813162e-010	5.011750e-005
5.083761830956042e-010	7.453585e-005
5.110699718098923e-010	1.026492e-004
5.137637605241803e-010	1.344576e-004
5.164575492384684e-010	1.699610e-004
5.181884542223391e-010	2.095097e-004
5.199193592062097e-010	2.563697e-004
5.216502641900804e-010	3.105409e-004
5.233811691739511e-010	3.720234e-004
5.251120741578218e-010	4.408172e-004
5.268429791416924e-010	5.169223e-004
5.285738841255631e-010	6.003386e-004
5.318855857692824e-010	8.008896e-004
5.341311339284719e-010	9.906384e-004
5.363544335214973e-010	1.251215e-003
5.374571445132108e-010	1.417300e-003
5.385821029183727e-010	1.618006e-003
5.397040634098188e-010	1.854437e-003
5.408141696940426e-010	2.128800e-003
5.419229230287411e-010	2.447661e-003
5.430228985857715e-010	2.812715e-003
5.441242378725513e-010	3.231035e-003
5.452364975689689e-010	3.711095e-003
5.463563526562236e-010	4.256558e-003
5.474526710725305e-010	4.854075e-003
5.485563163352656e-010	5.521782e-003
5.496472709146872e-010	6.249306e-003
5.507502956684189e-010	7.054934e-003
5.518572792187062e-010	7.935707e-003
5.529772191780955e-010	8.901519e-003
5.540679780021386e-010	9.915082e-003
5.551659246989391e-010	1.100832e-002
5.562398984917705e-010	1.214855e-002
5.573281568477985e-010	1.337516e-002
5.584285308228066e-010	1.468775e-002
5.595460315141259e-010	1.609432e-002
5.606661670772562e-010	1.757740e-002
5.617652615075480e-010	1.910240e-002
5.628690582777170e-010	2.070176e-002
5.650828716855571e-010	2.410593e-002
5.683905808878342e-010	2.964205e-002
5.696558288067372e-010	3.190015e-002
5.709210767256403e-010	3.420876e-002
5.721863246445433e-010	3.656789e-002
5.734515725634463e-010	3.897753e-002
5.747168204823492e-010	4.143769e-002
5.759820684012523e-010	4.394836e-002
5.772473163201553e-010	4.650955e-002
5.794977758773697e-010	5.112637e-002
5.817077239847481e-010	5.574527e-002
5.850441808198342e-010	6.283104e-002
5.864575942614031e-010	6.589361e-002
5.878710077029720e-010	6.891969e-002
5.892844211445409e-010	7.190926e-002
5.906978345861099e-010	7.486232e-002
5.921112480276787e-010	7.777888e-002
5.935246614692476e-010	8.065893e-002
5.949380749108165e-010	8.350248e-002
5.982896775043540e-010	8.967699e-002
6.015719239392210e-010	9.485989e-002
6.049258889760188e-010	9.903283e-002
6.082763726105590e-010	1.019491e-001
6.098571845254626e-010	1.028263e-001
6.114379964403662e-010	1.035145e-001
6.130188083552697e-010	1.040138e-001
6.145996202701734e-010	1.043241e-001
6.161804321850770e-010	1.044455e-001
6.177612440999806e-010	1.043779e-001
6.193420560148841e-010	1.041213e-001
6.226431905414145e-010	1.034877e-001
6.259467388812476e-010	1.026685e-001
6.293087621725051e-010	1.017640e-001
6.326425869108864e-010	1.008377e-001
6.360072156318080e-010	9.985502e-002
6.393079241867507e-010	9.877991e-002
6.427336181181691e-010	9.742932e-002
6.460230688327240e-010	9.574464e-002
6.473029004196148e-010	9.496953e-002
6.485827320065055e-010	9.406844e-002
6.498625635933962e-010	9.304137e-002
6.511423951802869e-010	9.188831e-002
6.524222267671777e-010	9.060926e-002
6.537020583540684e-010	8.920423e-002
6.549818899409592e-010	8.767321e-002
6.571856100453006e-010	8.464988e-002
6.593554313682411e-010	8.124648e-002
6.604818816308879e-010	7.932116e-002
6.616091143669434e-010	7.729381e-002
6.627067177799842e-010	7.523021e-002
6.649056788299945e-010	7.086374e-002
6.671351975671524e-010	6.618428e-002
6.704684750662389e-010	5.889257e-002
6.717339662160741e-010	5.604623e-002
6.729994573659093e-010	5.323176e-002
6.742649485157446e-010	5.044916e-002
6.755304396655797e-010	4.769843e-002
6.767959308154150e-010	4.497957e-002
6.780614219652502e-010	4.229258e-002
6.793269131150854e-010	3.963746e-002
6.815244908685993e-010	3.528981e-002
6.837184032902057e-010	3.128031e-002
6.859429909512674e-010	2.764558e-002
6.881888359091922e-010	2.451214e-002
6.892844592617495e-010	2.320560e-002
6.903991961944674e-010	2.203766e-002
6.914983562929273e-010	2.105178e-002
6.926033519465933e-010	2.023063e-002
6.937118572947210e-010	1.957944e-002
6.948224222055910e-010	1.909865e-002
6.959075732499972e-010	1.879005e-002
6.970114409029815e-010	1.863148e-002
6.981383260304633e-010	1.861938e-002
7.003391534493206e-010	1.897128e-002
7.014425333652064e-010	1.929767e-002
7.025448977169438e-010	1.969591e-002
7.036383722882950e-010	2.014000e-002
7.047665737941161e-010	2.062535e-002
7.058896280809980e-010	2.111195e-002
7.069866889870589e-010	2.156835e-002
7.080871006589829e-010	2.198679e-002
7.091825998968832e-010	2.234616e-002
7.102870115287179e-010	2.263490e-002
7.113922314020040e-010	2.283713e-002
7.125125312235923e-010	2.294369e-002
7.136337802776548e-010	2.294464e-002
7.147310393978577e-010	2.284023e-002
7.158375441350504e-010	2.262964e-002
7.169353991065734e-010	2.231917e-002
7.180359351697034e-010	2.191184e-002
7.191385380096715e-010	2.141458e-002
7.202463962337074e-010	2.083392e-002
7.213459717081774e-010	2.018691e-002
7.235869043723793e-010	1.869189e-002
7.248562595506862e-010	1.774382e-002
7.261256147289930e-010	1.677691e-002
7.273949699072998e-010	1.579117e-002
7.286643250856067e-010	1.478658e-002
7.299336802639135e-010	1.376315e-002
7.312030354422203e-010	1.272089e-002
7.324723906205271e-010	1.165978e-002
7.357513487964826e-010	8.980050e-003
7.379597103144515e-010	7.224716e-003
7.401743320861176e-010	5.553405e-003
7.412776635212880e-010	4.772675e-003
7.423792087093809e-010	4.039758e-003
7.434759288042357e-010	3.366318e-003
7.445757079984996e-010	2.758023e-003
7.456808766571835e-010	2.225327e-003
7.467872289756123e-010	1.781835e-003
7.478873673202645e-010	1.440128e-003
7.490026205502077e-010	1.204275e-003
7.501353801037216e-010	1.087016e-003
7.512316944423757e-010	1.097123e-003
7.523340024724649e-010	1.234079e-003
7.534348189080944e-010	1.499658e-003
7.545425672592697e-010	1.896446e-003
7.556508434467601e-010	2.420629e-003
7.567716109784580e-010	3.074750e-003
7.579048546994593e-010	3.855025e-003
7.590051160346071e-010	4.717296e-003
7.601224380852425e-010	5.686739e-003
7.612210812831763e-010	6.719315e-003
7.634246846658246e-010	8.970419e-003
7.656314543336796e-010	1.136378e-002
7.678473454940097e-010	1.378132e-002
7.711417251231042e-010	1.714487e-002
7.733432650781144e-010	1.908826e-002
7.755779607642283e-010	2.071137e-002
7.778058557962249e-010	2.191672e-002
7.800112833367756e-010	2.266628e-002
7.822211571802349e-010	2.296257e-002
7.844553802134011e-010	2.281407e-002
7.866786487856087e-010	2.226048e-002
7.888767260265997e-010	2.137941e-002
7.922022789062232e-010	1.960135e-002
7.933069882185272e-010	1.891519e-002
7.944116975308314e-010	1.823859e-002
7.955164068431355e-010	1.757154e-002
7.966211161554396e-010	1.691405e-002
7.977258254677437e-010	1.626611e-002
7.988305347800478e-010	1.562773e-002
7.999352440923519e-010	1.499890e-002
8.021927518198277e-010	1.386888e-002
8.043893744743050e-010	1.292715e-002
8.065840293970246e-010	1.213993e-002
8.088045742076175e-010	1.148235e-002
8.121635948770813e-010	1.069767e-002
8.140645111999915e-010	1.035926e-002
8.159654275229018e-010	1.005061e-002
8.178663438458121e-010	9.771730e-003
8.197672601687225e-010	9.522616e-003
8.216681764916327e-010	9.303270e-003
8.235690928145430e-010	9.113690e-003
8.254700091374533e-010	8.953878e-003
8.287856219081691e-010	8.520611e-003
8.309792005805484e-010	8.067434e-003
8.320741510337148e-010	7.763848e-003
8.331688408381502e-010	7.396766e-003
8.342662659655183e-010	6.956837e-003
8.353843648607170e-010	6.427444e-003
8.364847047511942e-010	5.821227e-003
8.375647021566044e-010	5.140920e-003
8.386754849128729e-010	4.352270e-003
8.398088336887892e-010	3.456504e-003
8.409084787042461e-010	2.503867e-003
8.420172576086408e-010	1.467200e-003
8.431077207261882e-010	3.823632e-004
8.442141492136612e-010	-7.728640e-004
8.464465220414858e-010	-3.214282e-003
8.497688908433624e-010	-6.885101e-003
8.519742233676624e-010	-9.163116e-003
8.531014468599442e-010	-1.023531e-002
8.542196799029549e-010	-1.122179e-002
8.553421324860725e-010	-1.212548e-002
8.564426216041303e-010	-1.292056e-002
8.575638428461429e-010	-1.363327e-002
8.586542929927307e-010	-1.422958e-002
8.597676106825044e-010	-1.473905e-002
8.619530615960745e-010	-1.545141e-002
8.641617915430337e-010	-1.580238e-002
8.664066257812387e-010	-1.581213e-002
8.686039490040553e-010	-1.552062e-002
8.708052189117576e-010	-1.496890e-002
8.730181150644492e-010	-1.419257e-002
8.763586789668372e-010	-1.269889e-002
8.797041775014843e-010	-1.097986e-002
8.819373696013334e-010	-9.816567e-003
8.841585009486959e-010	-8.727356e-003
8.852625299152516e-010	-8.230899e-003
8.863733849015823e-010	-7.770421e-003
8.874760634512215e-010	-7.357124e-003
8.885787853331287e-010	-6.990968e-003
8.896842608015728e-010	-6.673032e-003
8.908314534888254e-010	-6.395041e-003
8.919239235025163e-010	-6.177581e-003
8.930347123149492e-010	-5.999957e-003
8.952264205837099e-010	-5.755727e-003
8.985247480870502e-010	-5.541068e-003
9.018494086212076e-010	-5.308450e-003
9.029507903884266e-010	-5.193217e-003
9.040561472705930e-010	-5.049811e-003
9.051767302238078e-010	-4.873069e-003
9.062862158137644e-010	-4.665670e-003
9.073948255417356e-010	-4.426496e-003
9.085087342546649e-010	-4.155728e-003
9.096144417104802e-010	-3.859603e-003
9.118261169870995e-010	-3.200721e-003
9.151256666046694e-010	-2.114451e-003
9.184516698980969e-010	-9.705703e-004
9.217398972074924e-010	1.906093e-004
9.239537201883984e-010	1.013997e-003
9.261585789178166e-010	1.893920e-003
9.272809164383872e-010	2.370555e-003
9.283978192122034e-010	2.865340e-003
9.294968245812895e-010	3.371391e-003
9.306150483303176e-010	3.903521e-003
9.317137065530723e-010	4.439455e-003
9.328196479007043e-010	4.986646e-003
9.339217593183614e-010	5.532846e-003
9.350355124838149e-010	6.077555e-003
9.372457390988946e-010	7.100386e-003
9.394397493116961e-010	7.976227e-003
9.416470457117537e-010	8.646267e-003
9.427495245217559e-010	8.883880e-003
9.438552249178560e-010	9.050804e-003
9.449556093876081e-010	9.143478e-003
9.460812463470940e-010	9.161994e-003
9.471689078851373e-010	9.108109e-003
9.482753371395814e-010	8.984416e-003
9.494027152469250e-010	8.792388e-003
9.504965698191812e-010	8.549117e-003
9.516002525414007e-010	8.254820e-003
9.527040222497164e-010	7.920234e-003
9.538252383238855e-010	7.548773e-003
9.549215175552143e-010	7.164221e-003
9.560346646105097e-010	6.761638e-003
9.571218454867507e-010	6.365196e-003
9.593175907537491e-010	5.585465e-003
9.615249850583077e-010	4.871189e-003
9.637228447586744e-010	4.262933e-003
9.659583212611351e-010	3.765774e-003
9.681675452927238e-010	3.395208e-003
9.703648664205665e-010	3.134590e-003
9.726495175460292e-010	2.957602e-003
9.759873321126017e-010	2.816060e-003
9.781974272294751e-010	2.757118e-003
9.804347608376008e-010	2.688473e-003
9.815507090748436e-010	2.640227e-003
9.826593519433250e-010	2.577334e-003
9.837548410910499e-010	2.496422e-003
9.848503052690837e-010	2.392935e-003
9.859632964776354e-010	2.260916e-003
9.870603478840917e-010	2.100982e-003
9.881646820620825e-010	1.907263e-003
9.892618220007917e-010	1.680110e-003
9.903857004030580e-010	1.410012e-003
9.915305415861537e-010	1.095185e-003
9.926330647918828e-010	7.542400e-004
9.937540784908611e-010	3.705806e-004
9.948566444379131e-010	-4.141266e-005
9.959600662589785e-010	-4.856743e-004
9.970624083786433e-010	-9.583922e-004
9.993124191247496e-010	-1.998012e-003
1.002632726534179e-009	-3.656762e-003
1.003895630263253e-009	-4.314617e-003
1.005158533992326e-009	-4.970423e-003
1.006421437721400e-009	-5.624180e-003
1.007684341450474e-009	-6.275888e-003
1.008947245179547e-009	-6.925548e-003
1.010210148908621e-009	-7.573159e-003
1.011473052637694e-009	-8.218721e-003
1.012747674093037e-009	-8.868018e-003
1.014022295548380e-009	-9.499572e-003
1.015296917003722e-009	-1.011338e-002
1.016571538459065e-009	-1.070945e-002
1.017846159914408e-009	-1.128778e-002
1.019120781369751e-009	-1.184837e-002
1.020395402825093e-009	-1.239122e-002
1.022595334567257e-009	-1.321014e-002
1.024820900377564e-009	-1.387455e-002
1.027038879644319e-009	-1.432661e-002
1.029272776013125e-009	-1.453023e-002
1.031489092558239e-009	-1.445684e-002
1.033695051449396e-009	-1.410335e-002
1.035951170549483e-009	-1.346322e-002
1.038157486873007e-009	-1.259108e-002
1.040355824277816e-009	-1.151635e-002
1.042580464685617e-009	-1.026033e-002
1.045927309614281e-009	-8.135328e-003
1.049221021173446e-009	-5.855822e-003
1.052539944355140e-009	-3.440275e-003
1.053651392505285e-009	-2.605935e-003
1.054762840655430e-009	-1.776137e-003
1.055874288805575e-009	-9.508823e-004
1.056985736955720e-009	-1.301702e-004
1.058097185105865e-009	6.859993e-004
1.059208633256010e-009	1.497626e-003
1.060320081406155e-009	2.304710e-003
1.062556975246609e-009	3.845166e-003
1.064812732257636e-009	5.280196e-003
1.067003310277467e-009	6.528886e-003
1.069221410112691e-009	7.627642e-003
1.071443052658652e-009	8.555608e-003
1.073699274267509e-009	9.331332e-003
1.075915058033121e-009	9.951882e-003
1.078110474004254e-009	1.045652e-002
1.080390422821261e-009	1.089263e-002
1.082587573633209e-009	1.124644e-002
1.084770000926168e-009	1.153792e-002
1.088040101837578e-009	1.183695e-002
1.091380328223509e-009	1.189204e-002
1.093634586592357e-009	1.173179e-002
1.095843516701121e-009	1.139082e-002
1.098057286217731e-009	1.085642e-002
1.100352468773051e-009	1.010672e-002
1.103659130192003e-009	8.733994e-003
1.107014844444205e-009	7.108818e-003
1.108285391064932e-009	6.454831e-003
1.109555937685660e-009	5.804602e-003
1.110826484306387e-009	5.158133e-003
1.112097030927114e-009	4.515423e-003
1.113367577547842e-009	3.876473e-003
1.114638124168569e-009	3.241281e-003
1.115908670789296e-009	2.609849e-003
1.119240543607172e-009	9.889347e-004
1.122530513123963e-009	-6.133747e-004
1.125847044066745e-009	-2.259973e-003
1.129220583484485e-009	-3.950092e-003
1.132581861439871e-009	-5.570165e-003
1.134801700001723e-009	-6.544194e-003
1.137039521475323e-009	-7.399722e-003
1.139292576890456e-009	-8.092253e-003
1.141495077741729e-009	-8.573178e-003
1.143716683019872e-009	-8.839825e-003
1.146008183393754e-009	-8.874642e-003
1.148228274358016e-009	-8.678417e-003
1.150473290937850e-009	-8.264344e-003
1.152703935916160e-009	-7.661823e-003
1.154914285064097e-009	-6.906409e-003
1.157154462085442e-009	-6.013053e-003
1.160462506225198e-009	-4.528260e-003
1.162700383717220e-009	-3.453399e-003
1.164944765997532e-009	-2.344426e-003
1.167138253356560e-009	-1.244984e-003
1.169365077012011e-009	-1.216452e-004
1.171621892303570e-009	1.019466e-003
1.173838111043527e-009	2.138959e-003
1.176056450311923e-009	3.252269e-003
1.178269914491143e-009	4.344047e-003
1.180456908702387e-009	5.384768e-003
1.182715076038835e-009	6.390759e-003
1.184915737812280e-009	7.269108e-003
1.187117270667773e-009	8.009114e-003
1.189379947923917e-009	8.587633e-003
1.191626771037959e-009	8.949948e-003
1.193920867334914e-009	9.085469e-003
1.196132078187340e-009	8.994081e-003
1.198334379807372e-009	8.706620e-003
1.200597174444565e-009	8.244758e-003
1.203947693883219e-009	7.360084e-003
1.207323118342941e-009	6.389102e-003
1.209592724949654e-009	5.770733e-003
1.211803303524236e-009	5.230878e-003
1.214153522904762e-009	4.738905e-003
1.216381295568220e-009	4.348892e-003
1.218561015480484e-009	4.026801e-003
1.220808458352805e-009	3.737449e-003
1.223007814642375e-009	3.477037e-003
1.225234760442527e-009	3.220142e-003
1.226360039311825e-009	3.088115e-003
1.227485318181123e-009	2.955752e-003
1.228610597050421e-009	2.823053e-003
1.229735875919718e-009	2.690017e-003
1.230861154789016e-009	2.556645e-003
1.231986433658314e-009	2.422937e-003
1.233111712527612e-009	2.288893e-003
1.235335458920701e-009	2.040320e-003
1.237523627375232e-009	1.820343e-003
1.239781201297612e-009	1.628895e-003
1.241989127943819e-009	1.483388e-003
1.245338839107444e-009	1.348633e-003
1.248748616853489e-009	1.317716e-003
1.252106645336765e-009	1.384773e-003
1.255453607707939e-009	1.538649e-003
1.258871202556545e-009	1.775899e-003
1.260793871933955e-009	1.951287e-003
1.262716541311364e-009	2.136228e-003
1.264639210688774e-009	2.330724e-003
1.266561880066184e-009	2.534773e-003
1.268484549443593e-009	2.748375e-003
1.270407218821003e-009	2.971532e-003
1.272329888198413e-009	3.204242e-003
1.275659193780658e-009	3.562195e-003
1.279074640242473e-009	3.863872e-003
1.282390046561565e-009	4.050089e-003
1.284666645460956e-009	4.092109e-003
1.286873549668362e-009	4.048564e-003
1.289083276846308e-009	3.907776e-003
1.291343940441244e-009	3.651024e-003
1.293577451295453e-009	3.277323e-003
1.295835577322871e-009	2.775285e-003
1.298100054224787e-009	2.149536e-003
1.300307760198356e-009	1.430249e-003
1.302541062181138e-009	6.064799e-004
1.304798260402016e-009	-3.069999e-004
1.308106981094798e-009	-1.752365e-003
1.311428302115574e-009	-3.274946e-003
1.314817146095033e-009	-4.842501e-003
1.318230481612179e-009	-6.378310e-003
1.321573042515966e-009	-7.784419e-003
1.324930193402673e-009	-9.040149e-003
1.328273289140047e-009	-1.007522e-002
1.331601553083602e-009	-1.084020e-002
1.333894754032868e-009	-1.119413e-002
1.337307218992164e-009	-1.144755e-002
1.340654467139751e-009	-1.138518e-002
1.344038887898924e-009	-1.103348e-002
1.347442118297159e-009	-1.042137e-002
1.350752499512421e-009	-9.612427e-003
1.354136751055981e-009	-8.606646e-003
1.357426754467883e-009	-7.502188e-003
1.359679774840206e-009	-6.704985e-003
1.361936450738155e-009	-5.900671e-003
1.364240423755699e-009	-5.101314e-003
1.366503820111779e-009	-4.365123e-003
1.368716751915338e-009	-3.716310e-003
1.370991329267412e-009	-3.141854e-003
1.373244388261938e-009	-2.677013e-003
1.375449428745325e-009	-2.325800e-003
1.377722982765471e-009	-2.066320e-003
1.379955429878069e-009	-1.901622e-003
1.382177443014110e-009	-1.810785e-003
1.385685274968738e-009	-1.773724e-003
1.388972255521838e-009	-1.807034e-003
1.391341141614674e-009	-1.845730e-003
1.393606002756357e-009	-1.879912e-003
1.395959215728012e-009	-1.900946e-003
1.398241066344680e-009	-1.896596e-003
1.400447342480020e-009	-1.859197e-003
1.402787166788284e-009	-1.773208e-003
1.405070429417707e-009	-1.633871e-003
1.407267549434326e-009	-1.441480e-003
1.409609821307702e-009	-1.170056e-003
1.411873038959384e-009	-8.440590e-004
1.414075349617472e-009	-4.721325e-004
1.416496437049640e-009	-1.122019e-005
1.419830928349098e-009	6.892091e-004
1.423355270741269e-009	1.481801e-003
1.426673765413373e-009	2.261284e-003
1.430129007217167e-009	3.111128e-003
1.431788693681503e-009	3.539073e-003
1.433448380145839e-009	3.982270e-003
1.435108066610175e-009	4.440718e-003
1.436767753074511e-009	4.914418e-003
1.438427439538848e-009	5.403370e-003
1.440087126003184e-009	5.907573e-003
1.441746812467520e-009	6.427028e-003
1.445108138697520e-009	7.483740e-003
1.447470874239323e-009	8.216741e-003
1.449713753414737e-009	8.889595e-003
1.451918396207991e-009	9.519052e-003
1.453029658965148e-009	9.822136e-003
1.454247522209685e-009	1.014251e-002
1.455404799566583e-009	1.043521e-002
1.456525941320437e-009	1.070774e-002
1.458723563200738e-009	1.121066e-002
1.459966495849287e-009	1.147708e-002
1.462375978205207e-009	1.195717e-002
1.464597785249997e-009	1.235699e-002
1.467140192657824e-009	1.276018e-002
1.469372555938834e-009	1.305928e-002
1.471603207010168e-009	1.329629e-002
1.473945424273600e-009	1.346403e-002
1.476190324082998e-009	1.353053e-002
1.478510014703653e-009	1.348394e-002
1.480779016875490e-009	1.330727e-002
1.482973163924047e-009	1.299773e-002
1.485341883813170e-009	1.249598e-002
1.486480724631741e-009	1.218940e-002
1.487635179991718e-009	1.183405e-002
1.488721208255826e-009	1.145837e-002
1.489831330455770e-009	1.103280e-002
1.490975449487700e-009	1.055059e-002
1.492284027160998e-009	9.945866e-003
1.493511194573390e-009	9.328842e-003
1.494641809434298e-009	8.719605e-003
1.495755192096499e-009	8.083787e-003
1.496940668361082e-009	7.370769e-003
1.499191845523440e-009	5.928193e-003
1.502539799924633e-009	3.628985e-003
1.505953205800458e-009	1.211384e-003
1.508161398540160e-009	-3.252587e-004
1.510420513304407e-009	-1.827830e-003
1.511640678167909e-009	-2.596814e-003
1.513863589612718e-009	-3.899924e-003
1.516090508476654e-009	-5.055319e-003
1.518363469417885e-009	-6.057158e-003
1.520593972027533e-009	-6.850643e-003
1.522836041542835e-009	-7.450368e-003
1.525087105049932e-009	-7.851175e-003
1.527299670359145e-009	-8.053389e-003
1.529701840156509e-009	-8.070952e-003
1.532018474427083e-009	-7.909074e-003
1.534220285513789e-009	-7.617132e-003
1.537845436731129e-009	-6.919288e-003
1.538839578437875e-009	-6.689240e-003
1.539833720144621e-009	-6.457610e-003
1.540827861851367e-009	-6.224398e-003
1.541822003558112e-009	-5.989605e-003
1.542816145264858e-009	-5.753229e-003
1.543810286971604e-009	-5.515272e-003
1.544804428678350e-009	-5.275734e-003
1.546997538232996e-009	-4.786029e-003
1.548284986885542e-009	-4.519396e-003
1.550726085356523e-009	-4.064057e-003
1.552940210015487e-009	-3.710754e-003
1.555344500277259e-009	-3.387661e-003
1.558836542309467e-009	-3.008883e-003
1.562513318647780e-009	-2.682703e-003
1.564831707441430e-009	-2.506415e-003
1.567150096235079e-009	-2.316793e-003
1.569468485028729e-009	-2.113837e-003
1.571786873822378e-009	-1.897547e-003
1.574105262616028e-009	-1.667923e-003
1.576423651409677e-009	-1.424966e-003
1.578742040203327e-009	-1.168674e-003
1.582391987798593e-009	-6.982672e-004
1.583857319725136e-009	-4.845608e-004
1.585322651651679e-009	-2.722074e-004
1.586787983578221e-009	-6.120714e-005
1.588253315504764e-009	1.484401e-004
1.589718647431306e-009	3.567343e-004
1.591183979357849e-009	5.636755e-004
1.592649311284392e-009	7.692636e-004
1.595058358714691e-009	1.049712e-003
1.597289796703073e-009	1.247754e-003
1.599684323690083e-009	1.376330e-003
1.602010549376105e-009	1.406056e-003
1.604235459991273e-009	1.341852e-003
1.606611250561007e-009	1.175372e-003
1.608853962146310e-009	9.334015e-004
1.611063849655381e-009	6.264700e-004
1.613388492900479e-009	2.461038e-004
1.616653951057090e-009	-3.539709e-004
1.618133305058814e-009	-6.481447e-004
1.619612659060539e-009	-9.361525e-004
1.621092013062264e-009	-1.217994e-003
1.622571367063989e-009	-1.493669e-003
1.624050721065714e-009	-1.763179e-003
1.625530075067439e-009	-2.026522e-003
1.627009429069163e-009	-2.283699e-003
1.630327314973569e-009	-2.777986e-003
1.633769687723762e-009	-3.172616e-003
1.637127437201917e-009	-3.419390e-003
1.639564373466007e-009	-3.506364e-003
1.642914694812315e-009	-3.501233e-003
1.646250946146144e-009	-3.368435e-003
1.649569764467852e-009	-3.140315e-003
1.652929985960249e-009	-2.852694e-003
1.655236377392274e-009	-2.645767e-003
1.657507517280936e-009	-2.450735e-003
1.659717942492861e-009	-2.281580e-003
1.661950939644850e-009	-2.142269e-003
1.664245666393237e-009	-2.041656e-003
1.666481386469087e-009	-1.992021e-003
1.669869705845666e-009	-2.015658e-003
1.673153352295068e-009	-2.149154e-003
1.674593701105032e-009	-2.248947e-003
1.676034049914997e-009	-2.351396e-003
1.677474398724961e-009	-2.456501e-003
1.678914747534926e-009	-2.564263e-003
1.680355096344890e-009	-2.674681e-003
1.681795445154854e-009	-2.787755e-003
1.683235793964819e-009	-2.903486e-003
1.685458125821321e-009	-3.027703e-003
1.687730982601282e-009	-3.092885e-003
1.690010624026286e-009	-3.076296e-003
1.692217252422838e-009	-2.968036e-003
1.694443831175390e-009	-2.758347e-003
1.696712777209541e-009	-2.438449e-003
1.698905749638256e-009	-2.031198e-003
1.701126447558526e-009	-1.530248e-003
1.703358575865015e-009	-9.517128e-004
1.706752580517304e-009	2.905953e-005
1.708027259372933e-009	4.250156e-004
1.709301938228561e-009	8.149893e-004
1.710576617084190e-009	1.198981e-003
1.711851295939818e-009	1.576990e-003
1.713125974795447e-009	1.949016e-003
1.714400653651075e-009	2.315061e-003
1.715675332506704e-009	2.675123e-003
1.717875247925988e-009	3.239925e-003
1.720106796387176e-009	3.750569e-003
1.722344908726504e-009	4.193272e-003
1.724570451556317e-009	4.562221e-003
1.726806803391619e-009	4.862757e-003
1.729073506755665e-009	5.100076e-003
1.731322681414626e-009	5.275316e-003
1.733618016569399e-009	5.400646e-003
1.735864957681418e-009	5.479599e-003
1.739233294193713e-009	5.534838e-003
1.742558791372904e-009	5.535525e-003
1.745906513226760e-009	5.498732e-003
1.749214657404845e-009	5.432598e-003
1.752615149568099e-009	5.329608e-003
1.755948655848494e-009	5.177109e-003
1.758264842559077e-009	5.025765e-003
1.760494952186628e-009	4.831357e-003
1.762752817663466e-009	4.572711e-003
1.765069695342747e-009	4.228983e-003
1.767292325555670e-009	3.813298e-003
1.768397413922696e-009	3.572635e-003
1.769547184956414e-009	3.297339e-003
1.771790989877256e-009	2.686186e-003
1.774005755978407e-009	1.989553e-003
1.776252600586734e-009	1.196738e-003
1.778481689204279e-009	3.396884e-004
1.781812751864913e-009	-1.024321e-003
1.785239451986911e-009	-2.444509e-003
1.787457875443820e-009	-3.320188e-003
1.789850377666076e-009	-4.183011e-003
1.792099973255975e-009	-4.884619e-003
1.794347474684990e-009	-5.451261e-003
1.796679292335573e-009	-5.873279e-003
1.798899053901502e-009	-6.101590e-003
1.801145463434804e-009	-6.150552e-003
1.803465925188861e-009	-6.005627e-003
1.805688028708010e-009	-5.684172e-003
1.807923048931912e-009	-5.190143e-003
1.810214748103560e-009	-4.521397e-003
1.812412894110669e-009	-3.744840e-003
1.814727049804479e-009	-2.808994e-003
1.817006729312211e-009	-1.795976e-003
1.820604384119707e-009	-8.615414e-005
1.821786484033415e-009	4.980928e-004
1.822968583947122e-009	1.071073e-003
1.824150683860830e-009	1.632785e-003
1.825332783774538e-009	2.183230e-003
1.826514883688246e-009	2.722408e-003
1.827696983601953e-009	3.250319e-003
1.828879083515661e-009	3.766963e-003
1.831099822663833e-009	4.651352e-003
1.833600064563535e-009	5.521268e-003
1.835952491866067e-009	6.200582e-003
1.838167134710087e-009	6.706768e-003
1.840664028876319e-009	7.118036e-003
1.842862763482675e-009	7.342428e-003
1.845047200492103e-009	7.444399e-003
1.847606738642708e-009	7.424376e-003
1.850997970961868e-009	7.199019e-003
1.854610427821205e-009	6.761963e-003
1.858006774870662e-009	6.213337e-003
1.861587340818305e-009	5.528807e-003
1.865181074811873e-009	4.757805e-003
1.868618068530878e-009	3.957704e-003
1.870286031638448e-009	3.546742e-003
1.871953994746019e-009	3.130693e-003
1.873621957853590e-009	2.709557e-003
1.875289920961161e-009	2.283335e-003
1.876957884068732e-009	1.852027e-003
1.878625847176303e-009	1.415632e-003
1.880293810283874e-009	9.741500e-004
1.882126504864434e-009	4.927019e-004
1.883959199444994e-009	1.616455e-005
1.885791894025555e-009	-4.554619e-004
1.887624588606116e-009	-9.221776e-004
1.889457283186676e-009	-1.383982e-003
1.891289977767236e-009	-1.840876e-003
1.893122672347797e-009	-2.292859e-003
1.895333642283591e-009	-2.820850e-003
1.897593876953731e-009	-3.338763e-003
1.899775088103572e-009	-3.809643e-003
1.901965870666188e-009	-4.244482e-003
1.904223299104526e-009	-4.641713e-003
1.906452819302575e-009	-4.972578e-003
1.908714666029364e-009	-5.235869e-003
1.911007191180885e-009	-5.420246e-003
1.914336242572862e-009	-5.529860e-003
1.916740010584143e-009	-5.490166e-003
1.920159056291883e-009	-5.266685e-003
1.923514598091927e-009	-4.870164e-003
1.926857333112914e-009	-4.321472e-003
1.930326471210895e-009	-3.617939e-003
1.931780584535738e-009	-3.280963e-003
1.933234697860581e-009	-2.938930e-003
1.934688811185423e-009	-2.591840e-003
1.936142924510266e-009	-2.239694e-003
1.937597037835108e-009	-1.882492e-003
1.939051151159951e-009	-1.520234e-003
1.940505264484794e-009	-1.152919e-003
1.943935153862710e-009	-3.577115e-004
1.946137598302813e-009	9.808577e-005
1.948535706623529e-009	5.278995e-004
1.950780358728987e-009	8.566088e-004
1.953010334959324e-009	1.105651e-003
1.955285870381985e-009	1.276703e-003
1.957499331669867e-009	1.362463e-003
1.959722647820133e-009	1.371114e-003
1.961994712371178e-009	1.304453e-003
1.964190075976077e-009	1.173420e-003
1.966477690181056e-009	9.743952e-004
1.969837945252481e-009	5.833089e-004
1.973412625214699e-009	6.696810e-005
1.975754403014780e-009	-3.094175e-004
1.977953935458079e-009	-6.777354e-004
1.980151033680961e-009	-1.048772e-003
1.982393667984559e-009	-1.418877e-003
1.984652864894918e-009	-1.770744e-003
1.986976959764622e-009	-2.098531e-003
1.989191932695278e-009	-2.368679e-003
1.991429859121404e-009	-2.591936e-003
1.993745639478086e-009	-2.764889e-003
1.995971094588638e-009	-2.872998e-003
1.998202730009283e-009	-2.924529e-003
2.001514554638191e-009	-2.902312e-003
2.004885361656328e-009	-2.774178e-003
2.006483145715030e-009	-2.676014e-003
2.008080929773731e-009	-2.568534e-003
2.009678713832433e-009	-2.451740e-003
2.011276497891135e-009	-2.325630e-003
2.012874281949837e-009	-2.190206e-003
2.014472066008539e-009	-2.045466e-003
2.016069850067241e-009	-1.891411e-003
2.018334365250810e-009	-1.682322e-003
2.020556116532212e-009	-1.482413e-003
2.022813226782258e-009	-1.290139e-003
2.025041176363064e-009	-1.115774e-003
2.027236383717091e-009	-9.628527e-004
2.029468523812494e-009	-8.297808e-004
2.031737771271534e-009	-7.201818e-004
2.033996041309106e-009	-6.384816e-004
2.036216435884303e-009	-5.854723e-004
2.039599695950827e-009	-5.558140e-004
2.043000489220865e-009	-5.824345e-004
2.044601394058981e-009	-6.173442e-004
2.046202298897096e-009	-6.542886e-004
2.047803203735212e-009	-6.932677e-004
2.049404108573328e-009	-7.342816e-004
2.051005013411445e-009	-7.773302e-004
2.052605918249560e-009	-8.224135e-004
2.054206823087676e-009	-8.695317e-004
2.057572095634812e-009	-9.290889e-004
2.060907560971848e-009	-9.390579e-004
2.064287282362267e-009	-8.902992e-004
2.067650135373729e-009	-7.860429e-004
2.069887778660251e-009	-6.813564e-004
2.072125421946772e-009	-5.762617e-004
2.074363065233293e-009	-4.707590e-004
2.076600708519815e-009	-3.648481e-004
2.078838351806336e-009	-2.585292e-004
2.081075995092858e-009	-1.518021e-004
2.083313638379379e-009	-4.466698e-005
2.086717453034446e-009	1.035771e-004
2.090042675027929e-009	2.581323e-004
2.093364058369445e-009	4.396219e-004
2.096743228476321e-009	6.663293e-004
2.100119843715160e-009	9.412490e-004
2.103534895523904e-009	1.264518e-003
2.106852099142568e-009	1.610417e-003
2.110151282299875e-009	1.970251e-003
2.111429023368472e-009	2.112537e-003
2.112706764437070e-009	2.251821e-003
2.113984505505668e-009	2.388102e-003
2.115262246574266e-009	2.521381e-003
2.116539987642864e-009	2.651658e-003
2.117817728711462e-009	2.778933e-003
2.119095469780060e-009	2.903206e-003
2.122501529804744e-009	3.196868e-003
2.125829914648064e-009	3.423676e-003
2.128038887378072e-009	3.530927e-003
2.130229757832774e-009	3.595538e-003
2.132448673289241e-009	3.612102e-003
2.134644406278539e-009	3.574485e-003
2.136894321972291e-009	3.475891e-003
2.139101269536805e-009	3.317961e-003
2.141331733497604e-009	3.097050e-003
2.143654918896121e-009	2.804722e-003
2.145916378919189e-009	2.465199e-003
2.149314143942289e-009	1.872180e-003
2.152618801474383e-009	1.230374e-003
2.154079983539957e-009	9.289880e-004
2.155541165605530e-009	6.323120e-004
2.157002347671104e-009	3.403464e-004
2.158463529736678e-009	5.309131e-005
2.159924711802252e-009	-2.294534e-004
2.161385893867826e-009	-5.072877e-004
2.162847075933400e-009	-7.804115e-004
2.166205463040769e-009	-1.344429e-003
2.168389622307555e-009	-1.668747e-003
2.170630388089931e-009	-1.963395e-003
2.172848201634612e-009	-2.215617e-003
2.175075148449720e-009	-2.428831e-003
2.177271017815107e-009	-2.599684e-003
2.179477227298184e-009	-2.732030e-003
2.181789347806808e-009	-2.828423e-003
2.184007169011225e-009	-2.879925e-003
2.186182858201814e-009	-2.890941e-003
2.188489634160638e-009	-2.859133e-003
2.190751789142866e-009	-2.783814e-003
2.194097288107195e-009	-2.592123e-003
2.197406201501193e-009	-2.311421e-003
2.200796745924740e-009	-1.939645e-003
2.204093202650103e-009	-1.513214e-003
2.214405430858778e-009	-2.691265e-005
2.217718800061039e-009	4.148268e-004
2.221050062755939e-009	8.102066e-004
2.224329726491604e-009	1.142138e-003
2.227671031408219e-009	1.415765e-003
2.231110515096691e-009	1.624279e-003
2.234450785852148e-009	1.750083e-003
2.237745706858581e-009	1.793670e-003
2.241264860829065e-009	1.745280e-003
2.244595132780563e-009	1.606322e-003
2.247919947449898e-009	1.380837e-003
2.251303415283140e-009	1.074713e-003
2.254606713524492e-009	7.216598e-004
2.257938935118953e-009	3.384644e-004
2.259376512003513e-009	1.671085e-004
2.260814088888074e-009	4.280389e-006
2.262251665772635e-009	-1.500200e-004
2.263689242657196e-009	-2.957927e-004
2.265126819541757e-009	-4.330377e-004
2.266564396426318e-009	-5.617550e-004
2.268001973310878e-009	-6.819445e-004
2.271317781183204e-009	-8.919718e-004
2.274755076962294e-009	-1.019970e-003
2.278118952515647e-009	-1.055291e-003
2.281563124282257e-009	-1.004641e-003
2.284877034191633e-009	-8.826462e-004
2.288221963237236e-009	-6.992294e-004
2.290144576617802e-009	-5.636719e-004
2.292067189998368e-009	-4.241562e-004
2.293989803378934e-009	-2.806822e-004
2.295912416759501e-009	-1.332501e-004
2.297835030140067e-009	1.814031e-005
2.299757643520633e-009	1.734889e-004
2.301680256901199e-009	3.327957e-004
2.304240615084529e-009	5.260439e-004
2.306800973267858e-009	6.925183e-004
2.309361331451188e-009	8.322188e-004
2.311921689634517e-009	9.451456e-004
2.314482047817847e-009	1.031299e-003
2.317042406001176e-009	1.090678e-003
2.319602764184506e-009	1.123283e-003
2.322515397740672e-009	1.128364e-003
2.325428031296838e-009	1.118884e-003
2.328340664853004e-009	1.094844e-003
2.331253298409170e-009	1.056244e-003
2.334165931965336e-009	1.003085e-003
2.337078565521503e-009	9.353647e-004
2.339991199077669e-009	8.530848e-004
2.343374818983282e-009	7.270511e-004
2.346753251096202e-009	5.584463e-004
2.350124403085174e-009	3.384611e-004
2.353468943359656e-009	6.533116e-005
2.356816540362493e-009	-2.585739e-004
2.367063231135381e-009	-1.377721e-003
2.370389831107399e-009	-1.690005e-003
2.373768365039820e-009	-1.932831e-003
2.377079463074010e-009	-2.077362e-003
2.379395667599803e-009	-2.116711e-003
2.381730760094658e-009	-2.103089e-003
2.385124731242068e-009	-1.990077e-003
2.388473770813382e-009	-1.779728e-003
2.391944935818181e-009	-1.476518e-003
2.393566703445793e-009	-1.303528e-003
2.395188471073405e-009	-1.128579e-003
2.396810238701017e-009	-9.516711e-004
2.398432006328630e-009	-7.728034e-004
2.400053773956242e-009	-5.919763e-004
2.401675541583854e-009	-4.091898e-004
2.403297309211466e-009	-2.244439e-004
2.406784247245293e-009	1.160295e-004
2.410279111821958e-009	3.810738e-004
2.412516357561419e-009	5.000398e-004
2.414779101189850e-009	5.753316e-004
2.417136713192869e-009	6.036822e-004
2.420541898749871e-009	5.555880e-004
2.424050855255764e-009	4.057389e-004
2.427431465886377e-009	1.837028e-004
2.430906771520496e-009	-9.770862e-005
2.432378026788308e-009	-2.315629e-004
2.433849282056120e-009	-3.610837e-004
2.435320537323932e-009	-4.862712e-004
2.436791792591745e-009	-6.071253e-004
2.438263047859557e-009	-7.236459e-004
2.439734303127369e-009	-8.358332e-004
2.441205558395181e-009	-9.436871e-004
2.444680437761786e-009	-1.136809e-003
2.448121889603867e-009	-1.248350e-003
2.451644701856108e-009	-1.272276e-003
2.455217827216150e-009	-1.203943e-003
2.458681299547952e-009	-1.055726e-003
2.462099001489764e-009	-8.402460e-004
2.465431539975774e-009	-5.738355e-004
2.468893864066297e-009	-2.482906e-004
2.472278319748771e-009	1.077670e-004
2.475722664484899e-009	4.963315e-004
2.477520239271219e-009	7.116636e-004
2.479317814057540e-009	9.205730e-004
2.481115388843860e-009	1.123060e-003
2.482912963630180e-009	1.319124e-003
2.484710538416500e-009	1.508765e-003
2.486508113202821e-009	1.691983e-003
2.488305687989141e-009	1.868779e-003
2.492113785734088e-009	2.174942e-003
2.495676245311388e-009	2.384614e-003
2.499112392155247e-009	2.510401e-003
2.502468986970421e-009	2.560063e-003
2.505944909117161e-009	2.537845e-003
2.509473873245487e-009	2.443316e-003
2.512944076585501e-009	2.285258e-003
2.516312154562705e-009	2.076006e-003
2.519799164194015e-009	1.808194e-003
2.523379240269208e-009	1.487094e-003
2.526909876628499e-009	1.133281e-003
2.528932548766115e-009	9.127626e-004
2.530955220903732e-009	6.892781e-004
2.532977893041348e-009	4.628282e-004
2.535000565178965e-009	2.334126e-004
2.537023237316582e-009	1.031436e-006
2.539045909454198e-009	-2.343153e-004
2.541068581591815e-009	-4.726276e-004
2.543109017767710e-009	-7.111392e-004
2.545149453943605e-009	-9.345312e-004
2.547189890119499e-009	-1.142804e-003
2.549230326295394e-009	-1.335956e-003
2.551270762471289e-009	-1.513990e-003
2.553311198647184e-009	-1.676903e-003
2.555351634823078e-009	-1.824697e-003
2.558973054771413e-009	-2.006402e-003
2.562640810233017e-009	-2.090733e-003
2.566303848445459e-009	-2.061951e-003
2.569866098910813e-009	-1.917466e-003
2.573358893356941e-009	-1.661949e-003
2.576881249947643e-009	-1.295031e-003
2.580558853417308e-009	-8.098554e-004
2.584101079966911e-009	-2.683236e-004
2.585620283731906e-009	-1.398444e-005
2.587139487496900e-009	2.372969e-004
2.588658691261894e-009	4.855203e-004
2.590177895026888e-009	7.306859e-004
2.591697098791883e-009	9.727936e-004
2.593216302556877e-009	1.211843e-003
2.594735506321871e-009	1.447835e-003
2.598327538684056e-009	1.931081e-003
2.601907519980550e-009	2.309900e-003
2.605422743714427e-009	2.561922e-003
2.608930334953627e-009	2.684390e-003
2.611576544120068e-009	2.690230e-003
2.615081752904070e-009	2.587881e-003
2.618640363807285e-009	2.367595e-003
2.622099226949641e-009	2.059359e-003
2.624003874289916e-009	1.848467e-003
2.625908521630190e-009	1.629875e-003
2.627813168970465e-009	1.403584e-003
2.629717816310740e-009	1.169593e-003
2.631622463651015e-009	9.279031e-004
2.633527110991289e-009	6.785139e-004
2.635431758331564e-009	4.214254e-004
2.637950175242267e-009	9.377364e-005
2.640468592152970e-009	-2.158177e-004
2.642987009063674e-009	-5.073486e-004
2.645505425974377e-009	-7.808191e-004
2.648023842885080e-009	-1.036229e-003
2.650542259795783e-009	-1.273579e-003
2.653060676706487e-009	-1.492868e-003
2.656930057568306e-009	-1.779668e-003
2.660416825067567e-009	-1.990462e-003
2.664133841535578e-009	-2.162114e-003
2.667658500827757e-009	-2.270407e-003
2.671309540486891e-009	-2.322030e-003
2.674932660875397e-009	-2.307845e-003
2.676977650393513e-009	-2.268322e-003
2.679022639911629e-009	-2.207594e-003
2.681067629429744e-009	-2.125663e-003
2.683112618947859e-009	-2.022529e-003
2.685157608465975e-009	-1.898190e-003
2.687202597984091e-009	-1.752648e-003
2.689247587502206e-009	-1.585902e-003
2.691268149879413e-009	-1.398564e-003
2.693288712256620e-009	-1.206168e-003
2.695309274633826e-009	-1.008715e-003
2.697329837011033e-009	-8.062045e-004
2.699350399388240e-009	-5.986369e-004
2.701370961765447e-009	-3.860121e-004
2.703391524142654e-009	-1.683301e-004
2.707096400505584e-009	1.857744e-004
2.710751661868817e-009	4.790814e-004
2.714470058490130e-009	6.982604e-004
2.718112143578908e-009	8.213548e-004
2.721609026440502e-009	8.500638e-004
2.725123691679538e-009	7.957482e-004
2.728733547607492e-009	6.671779e-004
2.730443131894809e-009	5.795420e-004
2.732152716182126e-009	4.895142e-004
2.733862300469443e-009	3.970943e-004
2.735571884756760e-009	3.022825e-004
2.737281469044077e-009	2.050786e-004
2.738991053331393e-009	1.054828e-004
2.740700637618710e-009	3.495013e-006
2.744125210127575e-009	-1.641633e-004
2.747718415147421e-009	-2.924946e-004
2.751441728184623e-009	-3.602301e-004
2.754931424818023e-009	-3.581642e-004
2.758608989140963e-009	-2.909893e-004
2.762085515153323e-009	-1.776458e-004
2.763817753195174e-009	-1.021228e-004
2.765549991237026e-009	-2.763652e-005
2.767282229278877e-009	4.581305e-005
2.769014467320728e-009	1.182259e-004
2.770746705362579e-009	1.896021e-004
2.772478943404431e-009	2.599416e-004
2.774211181446282e-009	3.292444e-004
2.777131564515889e-009	4.128415e-004
2.780051947585495e-009	4.661317e-004
2.782972330655102e-009	4.891149e-004
2.785892713724708e-009	4.817911e-004
2.788813096794315e-009	4.441603e-004
2.791733479863921e-009	3.762225e-004
2.794653862933528e-009	2.779777e-004
2.797227973991313e-009	1.791292e-004
2.799802085049098e-009	8.587788e-005
2.802376196106884e-009	-1.776257e-006
2.804950307164669e-009	-8.383323e-005
2.807524418222454e-009	-1.602930e-004
2.810098529280240e-009	-2.311557e-004
2.812672640338025e-009	-2.964211e-004
2.815828196143977e-009	-3.490208e-004
2.818983751949930e-009	-3.809835e-004
2.822139307755882e-009	-3.923091e-004
2.825294863561834e-009	-3.829976e-004
2.828450419367787e-009	-3.530491e-004
2.831605975173739e-009	-3.024636e-004
2.834761530979692e-009	-2.312410e-004
2.837013913769028e-009	-1.710859e-004
2.839266296558366e-009	-1.033027e-004
2.841518679347703e-009	-2.789144e-005
2.843771062137040e-009	5.514799e-005
2.846023444926377e-009	1.458155e-004
2.848275827715714e-009	2.441112e-004
2.850528210505051e-009	3.500350e-004
2.854427731341890e-009	5.570930e-004
2.858231331431857e-009	7.874747e-004
2.861844000218617e-009	1.029072e-003
2.865895763870962e-009	1.315307e-003
2.869516844492877e-009	1.569314e-003
2.871307261884420e-009	1.693339e-003
2.873097679275964e-009	1.805639e-003
2.874888096667507e-009	1.906214e-003
2.876678514059050e-009	1.995063e-003
2.878468931450594e-009	2.072188e-003
2.880259348842137e-009	2.137587e-003
2.882049766233681e-009	2.191262e-003
2.884468585884223e-009	2.230118e-003
2.886887405534765e-009	2.236565e-003
2.889306225185308e-009	2.210603e-003
2.891725044835850e-009	2.152232e-003
2.894143864486393e-009	2.061451e-003
2.896562684136935e-009	1.938260e-003
2.898981503787477e-009	1.782661e-003
2.902988886841007e-009	1.476488e-003
2.906373594847597e-009	1.178301e-003
2.910297520473182e-009	8.061258e-004
2.912238480389588e-009	6.119519e-004
2.914179440305994e-009	4.248917e-004
2.916120400222400e-009	2.449454e-004
2.918061360138806e-009	7.211295e-005
2.920002320055212e-009	-9.360572e-005
2.921943279971618e-009	-2.522106e-004
2.923884239888024e-009	-4.037016e-004
2.927803971051395e-009	-6.547191e-004
2.930916999910906e-009	-7.991384e-004
2.934030028770418e-009	-9.114363e-004
2.937143057629929e-009	-9.916128e-004
2.940256086489440e-009	-1.039668e-003
2.943369115348951e-009	-1.055602e-003
2.946482144208463e-009	-1.039414e-003
2.949595173067974e-009	-9.911057e-004
2.953470864477879e-009	-9.103301e-004
2.957346555887784e-009	-8.090076e-004
2.961222247297689e-009	-6.871382e-004
2.965097938707594e-009	-5.447218e-004
2.968973630117499e-009	-3.817585e-004
2.972849321527404e-009	-1.982482e-004
2.976725012937310e-009	5.808959e-006
2.979006230698849e-009	1.299301e-004
2.981287448460388e-009	2.436353e-004
2.983568666221927e-009	3.469248e-004
2.985849883983466e-009	4.397984e-004
2.988131101745005e-009	5.222561e-004
2.990412319506544e-009	5.942980e-004
2.992693537268083e-009	6.559240e-004
2.996464885127263e-009	6.899364e-004
2.999004669952175e-009	6.711318e-004
3.000000000000000e-009	6.540592e-004
