time	V(n_3p)
0.000000000000000e+000	0.000000e+000
4.700340897331141e-011	-1.157533e-006
9.400681794662282e-011	-1.593280e-006
1.410102269199342e-010	-1.307241e-006
1.880136358932456e-010	-2.994169e-007
2.350170448665571e-010	1.430193e-006
2.820204538398684e-010	3.881588e-006
3.290238628131797e-010	7.054769e-006
3.369509146028663e-010	9.475363e-006
3.448779663925528e-010	1.080920e-005
3.528050181822393e-010	1.105628e-005
3.607320699719258e-010	1.021661e-005
3.686591217616123e-010	8.290182e-006
3.765861735512988e-010	5.276998e-006
3.845132253409853e-010	1.177058e-006
3.876447624609468e-010	-1.164541e-006
3.907762995809084e-010	-3.587606e-006
3.939078367008699e-010	-6.092137e-006
3.970393738208315e-010	-8.678133e-006
4.001709109407930e-010	-1.134559e-005
4.033024480607545e-010	-1.409452e-005
4.064339851807160e-010	-1.692491e-005
4.094417068864791e-010	-1.761215e-005
4.124494285922422e-010	-1.891827e-005
4.154571502980052e-010	-2.084327e-005
4.184648720037682e-010	-2.338715e-005
4.214725937095313e-010	-2.654992e-005
4.244803154152943e-010	-3.033156e-005
4.274880371210574e-010	-3.473209e-005
4.306551337212169e-010	-3.104455e-005
4.338222303213764e-010	-2.869313e-005
4.369893269215359e-010	-2.767782e-005
4.401564235216954e-010	-2.799863e-005
4.433235201218549e-010	-2.965555e-005
4.464906167220144e-010	-3.264858e-005
4.496577133221739e-010	-3.697773e-005
4.528007898116033e-010	-2.813443e-005
4.559438663010327e-010	-2.177189e-005
4.590869427904621e-010	-1.789012e-005
4.622300192798915e-010	-1.648911e-005
4.653730957693208e-010	-1.756887e-005
4.685161722587502e-010	-2.112940e-005
4.716592487481796e-010	-2.717069e-005
4.737129654447646e-010	-1.899329e-005
4.757666821413495e-010	-1.224742e-005
4.778203988379345e-010	-6.933081e-006
4.798741155345194e-010	-3.050281e-006
4.819278322311044e-010	-5.990173e-007
4.839815489276894e-010	4.207108e-007
4.860352656242744e-010	8.903185e-009
4.888508205312995e-010	-9.965577e-006
4.916663754383248e-010	-1.424982e-005
4.944819303453499e-010	-1.284384e-005
4.972974852523752e-010	-5.747621e-006
5.001130401594003e-010	7.038829e-006
5.029285950664256e-010	2.551551e-005
5.057441499734507e-010	4.968243e-005
5.074750346160565e-010	5.558539e-005
5.092059192586621e-010	6.531042e-005
5.109368039012678e-010	7.885752e-005
5.126676885438735e-010	9.622669e-005
5.143985731864793e-010	1.174179e-004
5.161294578290849e-010	1.424312e-004
5.178603424716906e-010	1.712666e-004
5.194313583400921e-010	2.098294e-004
5.210023742084936e-010	2.540441e-004
5.225733900768951e-010	3.039107e-004
5.241444059452966e-010	3.594291e-004
5.257154218136981e-010	4.205994e-004
5.272864376820996e-010	4.874215e-004
5.288574535505011e-010	5.598955e-004
5.321655570811815e-010	7.505720e-004
5.344048717130336e-010	9.335502e-004
5.366294057378902e-010	1.190615e-003
5.377307866440308e-010	1.356443e-003
5.388583317775934e-010	1.559260e-003
5.399726924535253e-010	1.797657e-003
5.410765778237537e-010	2.076078e-003
5.421807900115542e-010	2.401605e-003
5.432777139560713e-010	2.776225e-003
5.443819780785789e-010	3.209390e-003
5.454948457021634e-010	3.706981e-003
5.466131780806545e-010	4.272573e-003
5.477055765596681e-010	4.891725e-003
5.488066678427229e-010	5.585264e-003
5.498980371862327e-010	6.343747e-003
5.509988765961767e-010	7.182324e-003
5.521084945301347e-010	8.103727e-003
5.532327134979700e-010	9.116258e-003
5.543542801163073e-010	1.020629e-002
5.554644710575591e-010	1.136414e-002
5.565496464979245e-010	1.257167e-002
5.576428042590752e-010	1.386348e-002
5.587192880395820e-010	1.520890e-002
5.598274892294061e-010	1.666903e-002
5.609341579981832e-010	1.820190e-002
5.620360888108682e-010	1.980087e-002
5.631352668279459e-010	2.146624e-002
5.653363630596843e-010	2.500345e-002
5.686341818392528e-010	3.076644e-002
5.719836139445530e-010	3.710547e-002
5.752725499051404e-010	4.370536e-002
5.774897873611732e-010	4.831544e-002
5.797336072652669e-010	5.308133e-002
5.819504250560832e-010	5.786567e-002
5.852510424842213e-010	6.507822e-002
5.866655612238223e-010	6.822269e-002
5.880800799634233e-010	7.132348e-002
5.894945987030242e-010	7.438059e-002
5.909091174426252e-010	7.739401e-002
5.923236361822262e-010	8.036376e-002
5.937381549218272e-010	8.328982e-002
5.951526736614282e-010	8.617221e-002
5.984753370866171e-010	9.233768e-002
6.017618570151993e-010	9.751010e-002
6.050914396228949e-010	1.015666e-001
6.084455799785391e-010	1.043302e-001
6.100225710321346e-010	1.051035e-001
6.115995620857301e-010	1.056827e-001
6.131765531393256e-010	1.060679e-001
6.147535441929212e-010	1.062591e-001
6.163305352465167e-010	1.062564e-001
6.179075263001122e-010	1.060596e-001
6.194845173537077e-010	1.056688e-001
6.227689544974806e-010	1.047783e-001
6.260490770704229e-010	1.037246e-001
6.293563338705577e-010	1.026148e-001
6.326879811867784e-010	1.014881e-001
6.360098336822846e-010	1.003352e-001
6.393150015590831e-010	9.909233e-002
6.426415979792635e-010	9.763142e-002
6.459404206156878e-010	9.581108e-002
6.470523392701046e-010	9.509778e-002
6.481642579245215e-010	9.429109e-002
6.492761765789383e-010	9.339103e-002
6.503880952333551e-010	9.239758e-002
6.515000138877719e-010	9.131075e-002
6.526119325421888e-010	9.013055e-002
6.537238511966056e-010	8.885696e-002
6.559320227614387e-010	8.595345e-002
6.581240268757013e-010	8.261653e-002
6.592225963782671e-010	8.077748e-002
6.603053352395282e-010	7.886131e-002
6.613864602320541e-010	7.685117e-002
6.624851163830529e-010	7.471670e-002
6.635835208508274e-010	7.249884e-002
6.646783866088998e-010	7.021420e-002
6.668885099409763e-010	6.541946e-002
6.691152654970525e-010	6.041522e-002
6.702241274386696e-010	5.786209e-002
6.713329893802867e-010	5.532239e-002
6.724418513219039e-010	5.279611e-002
6.735507132635210e-010	5.028327e-002
6.746595752051382e-010	4.778386e-002
6.757684371467553e-010	4.529787e-002
6.768772990883724e-010	4.282532e-002
6.790941163720010e-010	3.807518e-002
6.812897938136158e-010	3.362683e-002
6.834976454168949e-010	2.949606e-002
6.857123442164027e-010	2.579134e-002
6.868231464006227e-010	2.412966e-002
6.879263052499097e-010	2.262536e-002
6.890236874711534e-010	2.128423e-002
6.901232103531284e-010	2.010555e-002
6.912350394531069e-010	1.908985e-002
6.923504335977416e-010	1.825482e-002
6.934846637491663e-010	1.759791e-002
6.945767354067841e-010	1.714856e-002
6.956838687082985e-010	1.687299e-002
6.967884598902762e-010	1.677166e-002
6.978869926671148e-010	1.683239e-002
6.989809180856161e-010	1.703915e-002
7.000931951099366e-010	1.738160e-002
7.012076286702688e-010	1.783789e-002
7.023100696332910e-010	1.837810e-002
7.034123881410111e-010	1.898239e-002
7.045098613877634e-010	1.962285e-002
7.056064804735440e-010	2.027651e-002
7.067069167666226e-010	2.092163e-002
7.078110959561086e-010	2.153458e-002
7.089106568775545e-010	2.208932e-002
7.100095017090650e-010	2.256942e-002
7.111348317024836e-010	2.296765e-002
7.122381009418591e-010	2.325374e-002
7.133382809642412e-010	2.342726e-002
7.144341265148638e-010	2.348407e-002
7.155293490728153e-010	2.342359e-002
7.166413064542062e-010	2.324394e-002
7.177497241273163e-010	2.295092e-002
7.188584864521018e-010	2.255112e-002
7.199845838244028e-010	2.204512e-002
7.210849162488997e-010	2.146365e-002
7.233038485607622e-010	2.007362e-002
7.266277699636749e-010	1.760568e-002
7.278827150131820e-010	1.658349e-002
7.291376600626892e-010	1.554844e-002
7.303926051121963e-010	1.450053e-002
7.316475501617035e-010	1.343975e-002
7.329024952112106e-010	1.236612e-002
7.341574402607178e-010	1.127962e-002
7.354123853102249e-010	1.018026e-002
7.376223156453010e-010	8.279417e-003
7.398173465410226e-010	6.448417e-003
7.420258180568478e-010	4.728248e-003
7.431275580988604e-010	3.941783e-003
7.442512013571841e-010	3.205323e-003
7.453742985421824e-010	2.548718e-003
7.464774222079717e-010	1.994158e-003
7.475915149662486e-010	1.537706e-003
7.486962612344242e-010	1.199476e-003
7.497921719049531e-010	9.865472e-004
7.508972735937154e-010	9.038057e-004
7.520031459957890e-010	9.598329e-004
7.530936935444891e-010	1.154713e-003
7.542040710738386e-010	1.496630e-003
7.553018350961516e-010	1.975260e-003
7.564213859145040e-010	2.602698e-003
7.575160763851942e-010	3.345083e-003
7.586230716796358e-010	4.215578e-003
7.597150809605163e-010	5.180583e-003
7.608186573782611e-010	6.249219e-003
7.619128610041107e-010	7.386376e-003
7.641451832511982e-010	9.877170e-003
7.663493716378375e-010	1.244361e-002
7.685479957245195e-010	1.496961e-002
7.707855836565711e-010	1.737138e-002
7.729977249903773e-010	1.946191e-002
7.751889426108158e-010	2.116110e-002
7.773932045460795e-010	2.242774e-002
7.795923870371466e-010	2.320510e-002
7.818277065165618e-010	2.347993e-002
7.840280129754076e-010	2.325442e-002
7.862306891895492e-010	2.257561e-002
7.884606783950255e-010	2.149483e-002
7.907027641977446e-010	2.010214e-002
7.929226184966211e-010	1.852889e-002
7.940244639025806e-010	1.768431e-002
7.951263093085401e-010	1.686141e-002
7.962281547144995e-010	1.606019e-002
7.973300001204591e-010	1.528066e-002
7.984318455264185e-010	1.452281e-002
7.995336909323781e-010	1.378665e-002
8.006355363383375e-010	1.307217e-002
8.028360738530295e-010	1.184180e-002
8.039263242061510e-010	1.131077e-002
8.050283068570328e-010	1.082736e-002
8.061230415563289e-010	1.039883e-002
8.083409860308608e-010	9.677424e-003
8.105475113406886e-010	9.130044e-003
8.138606880429979e-010	8.557688e-003
8.171991717129129e-010	8.205859e-003
8.194046609009285e-010	8.067943e-003
8.216222798157197e-010	7.987111e-003
8.249503575477900e-010	7.918721e-003
8.282641259549627e-010	7.773913e-003
8.304543923313213e-010	7.520759e-003
8.315458254725542e-010	7.316536e-003
8.326642652556944e-010	7.038481e-003
8.337933587044022e-010	6.676360e-003
8.348892784946230e-010	6.237481e-003
8.359957767301037e-010	5.699502e-003
8.370886635243016e-010	5.069450e-003
8.381893495629700e-010	4.333112e-003
8.392893745334784e-010	3.495347e-003
8.404201709290005e-010	2.531411e-003
8.415150646386096e-010	1.505154e-003
8.426187114804226e-010	3.876044e-004
8.437200832315601e-010	-7.987182e-004
8.448144398991911e-010	-2.033473e-003
8.492383004659309e-010	-7.243598e-003
8.514641432824693e-010	-9.733712e-003
8.525592287399665e-010	-1.086548e-002
8.536683713926188e-010	-1.192955e-002
8.547780971649019e-010	-1.289957e-002
8.558896521135132e-010	-1.376699e-002
8.569878920254985e-010	-1.451501e-002
8.581032034020784e-010	-1.515962e-002
8.592253736329625e-010	-1.568948e-002
8.603256655419169e-010	-1.609385e-002
8.614070292799390e-010	-1.638236e-002
8.635926012318140e-010	-1.665151e-002
8.658052272900500e-010	-1.653190e-002
8.679947882909824e-010	-1.607383e-002
8.702127714397284e-010	-1.531631e-002
8.724270169364346e-010	-1.431545e-002
8.757731886445670e-010	-1.245323e-002
8.768805836659805e-010	-1.174898e-002
8.779879786873941e-010	-1.104934e-002
8.790953737088076e-010	-1.035432e-002
8.802027687302212e-010	-9.663920e-003
8.813101637516347e-010	-8.978134e-003
8.824175587730483e-010	-8.296965e-003
8.835249537944618e-010	-7.620413e-003
8.846659915173942e-010	-6.988267e-003
8.857559852800562e-010	-6.430693e-003
8.868664485572515e-010	-5.916500e-003
8.879614588451518e-010	-5.468207e-003
8.890571579312668e-010	-5.081782e-003
8.901535266803193e-010	-4.759089e-003
8.912794880960312e-010	-4.493857e-003
8.923723410209294e-010	-4.297979e-003
8.934749398844982e-010	-4.157059e-003
8.945673788129507e-010	-4.067101e-003
8.967838232031610e-010	-4.001709e-003
8.975708999228196e-010	-4.013441e-003
8.983579766424782e-010	-4.023185e-003
8.991450533621368e-010	-4.030941e-003
8.999321300817955e-010	-4.036708e-003
9.007192068014541e-010	-4.040487e-003
9.015062835211128e-010	-4.042278e-003
9.022933602407714e-010	-4.042080e-003
9.033915064625213e-010	-4.007470e-003
9.044956848415306e-010	-3.941468e-003
9.056017767979859e-010	-3.840116e-003
9.067096028705613e-010	-3.701305e-003
9.078064078070460e-010	-3.527008e-003
9.089088310486332e-010	-3.316422e-003
9.111089883295587e-010	-2.802792e-003
9.133136006092420e-010	-2.192445e-003
9.166168359766993e-010	-1.176473e-003
9.199044487093924e-010	-1.082638e-004
9.221330998665867e-010	6.499556e-004
9.243403988220748e-010	1.452207e-003
9.265486990077111e-010	2.332269e-003
9.276606909872905e-010	2.810939e-003
9.287726640531094e-010	3.314445e-003
9.298732246710040e-010	3.836087e-003
9.309802119810939e-010	4.381172e-003
9.320794553751489e-010	4.937883e-003
9.331768985485236e-010	5.502443e-003
9.342750462068782e-010	6.067914e-003
9.353862694322482e-010	6.630859e-003
9.375889784179431e-010	7.675756e-003
9.397816119524643e-010	8.547493e-003
9.408766731449783e-010	8.893699e-003
9.419845214595269e-010	9.171464e-003
9.430830342448021e-010	9.368089e-003
9.441861897407447e-010	9.481818e-003
9.452880019379834e-010	9.509262e-003
9.464080517235347e-010	9.448973e-003
9.475256944788612e-010	9.302788e-003
9.486270998012260e-010	9.079533e-003
9.497210933018358e-010	8.786794e-003
9.508275767671173e-010	8.427448e-003
9.519164244140204e-010	8.021483e-003
9.530154112907890e-010	7.569937e-003
9.541311648675649e-010	7.080190e-003
9.552232372155083e-010	6.581629e-003
9.563295483965377e-010	6.068427e-003
9.574173158797785e-010	5.565946e-003
9.596052945251359e-010	4.597150e-003
9.618129393246576e-010	3.723160e-003
9.629182525012268e-010	3.336885e-003
9.640103893851767e-010	2.992452e-003
9.651126506601212e-010	2.683478e-003
9.662540337504315e-010	2.404451e-003
9.673631473021472e-010	2.172233e-003
9.684699074094019e-010	1.977026e-003
9.695802087174033e-010	1.815563e-003
9.706800696747548e-010	1.686911e-003
9.729416443873149e-010	1.507670e-003
9.751645326403226e-010	1.421366e-003
9.773639804313461e-010	1.396439e-003
9.795958260414154e-010	1.402942e-003
9.818047732784321e-010	1.408707e-003
9.829122651830533e-010	1.400397e-003
9.840451502885839e-010	1.377771e-003
9.851352764476514e-010	1.337957e-003
9.862546870622467e-010	1.273993e-003
9.873455894117132e-010	1.184978e-003
9.884503826468103e-010	1.064075e-003
9.895469749107977e-010	9.101561e-004
9.906632000134021e-010	7.160198e-004
9.918720722894402e-010	4.608734e-004
9.929725082425526e-010	1.869589e-004
9.941047265671292e-010	-1.363923e-004
9.951995034351234e-010	-4.882305e-004
9.963030793028526e-010	-8.801261e-004
9.973984742193146e-010	-1.303602e-003
9.985614774643164e-010	-1.787300e-003
1.000766880582802e-009	-2.785791e-003
1.004053561754164e-009	-4.411777e-003
1.007383181245532e-009	-6.141489e-003
1.009605005618349e-009	-7.307676e-003
1.011883709832404e-009	-8.498923e-003
1.015205448656563e-009	-1.020632e-002
1.016305155738744e-009	-1.076917e-002
1.017404862820925e-009	-1.130972e-002
1.018504569903107e-009	-1.182798e-002
1.019604276985288e-009	-1.232395e-002
1.020703984067469e-009	-1.279762e-002
1.021803691149651e-009	-1.324900e-002
1.022903398231832e-009	-1.367809e-002
1.025139480714637e-009	-1.438555e-002
1.027356759100282e-009	-1.486089e-002
1.029587304777619e-009	-1.506683e-002
1.031804446106715e-009	-1.497172e-002
1.034009155113381e-009	-1.457189e-002
1.036297607039472e-009	-1.384804e-002
1.038515475038264e-009	-1.287734e-002
1.040717016907790e-009	-1.169350e-002
1.042940117663290e-009	-1.032064e-002
1.046251547616253e-009	-8.033105e-003
1.049625256823942e-009	-5.495887e-003
1.052921334822550e-009	-2.881798e-003
1.056237920672971e-009	-1.774293e-004
1.059547812150327e-009	2.502071e-003
1.061769793721411e-009	4.221550e-003
1.063974395816131e-009	5.808460e-003
1.066183762509654e-009	7.233829e-003
1.068412711276581e-009	8.469033e-003
1.070628118909091e-009	9.477661e-003
1.072845741326712e-009	1.027293e-002
1.075087549246877e-009	1.088421e-002
1.077284998527521e-009	1.133433e-002
1.079473893491085e-009	1.167910e-002
1.081732857352987e-009	1.196595e-002
1.083943722069627e-009	1.220245e-002
1.087309331449489e-009	1.247810e-002
1.090616778547346e-009	1.257338e-002
1.092868704555404e-009	1.246847e-002
1.095093290346395e-009	1.218092e-002
1.097292296096134e-009	1.168989e-002
1.099522298584940e-009	1.097554e-002
1.101759780908793e-009	1.005707e-002
1.105036249322677e-009	8.431573e-003
1.106320945040630e-009	7.716973e-003
1.107605640758583e-009	7.004813e-003
1.108890336476536e-009	6.295093e-003
1.110175032194490e-009	5.587812e-003
1.111459727912443e-009	4.882972e-003
1.112744423630396e-009	4.180572e-003
1.114029119348349e-009	3.480612e-003
1.117315844090807e-009	1.785700e-003
1.120687418406797e-009	9.088525e-005
1.123963351919065e-009	-1.587762e-003
1.127359179366808e-009	-3.404928e-003
1.130714157153446e-009	-5.241612e-003
1.134033986839605e-009	-6.981022e-003
1.136235577310285e-009	-8.009610e-003
1.138451166783502e-009	-8.883049e-003
1.140653561186519e-009	-9.544946e-003
1.142840330827052e-009	-9.964928e-003
1.145048136778886e-009	-1.012954e-002
1.147240123130376e-009	-1.003083e-002
1.149477319174300e-009	-9.671061e-003
1.151704243226577e-009	-9.075765e-003
1.153924708289737e-009	-8.278207e-003
1.156154413907134e-009	-7.309358e-003
1.159459790549665e-009	-5.645475e-003
1.162789639493636e-009	-3.798326e-003
1.165038104194962e-009	-2.501774e-003
1.167233429506392e-009	-1.220186e-003
1.169451762447770e-009	7.854797e-005
1.171711698726597e-009	1.398153e-003
1.173922316357136e-009	2.680412e-003
1.176196916926134e-009	3.983773e-003
1.178419047553478e-009	5.228763e-003
1.180603963592640e-009	6.405188e-003
1.182866470832535e-009	7.542088e-003
1.185066850613780e-009	8.529459e-003
1.187292722757827e-009	9.365075e-003
1.189514452299452e-009	9.992061e-003
1.191744420706977e-009	1.037751e-002
1.194030718525156e-009	1.049737e-002
1.196241982939309e-009	1.034782e-002
1.198448457791646e-009	9.960511e-003
1.200699244866800e-009	9.364548e-003
1.203986615816345e-009	8.258549e-003
1.206197735787080e-009	7.453556e-003
1.208449600379490e-009	6.657388e-003
1.210652678474938e-009	5.949251e-003
1.211747776853044e-009	5.632971e-003
1.212893767866852e-009	5.330178e-003
1.213996045400330e-009	5.066544e-003
1.215118196162283e-009	4.825192e-003
1.216239163668765e-009	4.609509e-003
1.217334607842814e-009	4.420724e-003
1.218432970479233e-009	4.250124e-003
1.219572949177919e-009	4.089113e-003
1.220668593414492e-009	3.946112e-003
1.222876860806600e-009	3.678640e-003
1.225087238169024e-009	3.418769e-003
1.228424145246966e-009	3.008426e-003
1.229535885599412e-009	2.860624e-003
1.230647625951858e-009	2.714012e-003
1.231759366304304e-009	2.568589e-003
1.232871106656750e-009	2.424355e-003
1.233982847009196e-009	2.281310e-003
1.235094587361642e-009	2.139454e-003
1.236206327714088e-009	1.998788e-003
1.238422152110878e-009	1.749849e-003
1.240620737545688e-009	1.540183e-003
1.242824801580026e-009	1.371743e-003
1.245039256947769e-009	1.244375e-003
1.248349970618036e-009	1.124616e-003
1.251683442895275e-009	1.077801e-003
1.255018620195428e-009	1.100583e-003
1.258328237972760e-009	1.200481e-003
1.261671459595734e-009	1.394259e-003
1.264980879154513e-009	1.686137e-003
1.268311959279536e-009	2.071992e-003
1.271679067398031e-009	2.527216e-003
1.274996822991016e-009	2.996421e-003
1.277207347759066e-009	3.295317e-003
1.279456135619895e-009	3.569106e-003
1.282748466845434e-009	3.879715e-003
1.284946417349248e-009	4.003708e-003
1.287165820050113e-009	4.041750e-003
1.289367980234842e-009	3.976638e-003
1.291540053288691e-009	3.797403e-003
1.293756854476729e-009	3.484282e-003
1.295950361200511e-009	3.036799e-003
1.297091703819395e-009	2.748654e-003
1.298186971259148e-009	2.436759e-003
1.299294263783416e-009	2.086915e-003
1.300390416724131e-009	1.707498e-003
1.301520160199360e-009	1.283600e-003
1.302627675330640e-009	8.376094e-004
1.303758715994398e-009	3.534412e-004
1.304891788138130e-009	-1.579597e-004
1.307083432169701e-009	-1.210705e-003
1.309304420708871e-009	-2.342591e-003
1.311529447558978e-009	-3.516842e-003
1.313827521118977e-009	-4.745330e-003
1.317136021381587e-009	-6.489822e-003
1.320443230446791e-009	-8.139030e-003
1.323810858747250e-009	-9.647523e-003
1.327123262267278e-009	-1.089127e-002
1.330468262321575e-009	-1.183735e-002
1.332770762076009e-009	-1.227849e-002
1.335014359115037e-009	-1.253089e-002
1.337216947844241e-009	-1.260512e-002
1.340513173331145e-009	-1.240454e-002
1.343815826458792e-009	-1.186297e-002
1.347153761172174e-009	-1.102541e-002
1.350518323771522e-009	-9.950059e-003
1.353853754335315e-009	-8.717155e-003
1.357165029554782e-009	-7.389181e-003
1.360531126651768e-009	-6.001057e-003
1.362727061661995e-009	-5.112856e-003
1.364967481915681e-009	-4.251381e-003
1.367193060159021e-009	-3.466960e-003
1.369421663280733e-009	-2.777274e-003
1.371661030681628e-009	-2.200400e-003
1.372781156481534e-009	-1.959601e-003
1.373892818054831e-009	-1.753118e-003
1.374997127106382e-009	-1.580047e-003
1.376098623138564e-009	-1.438639e-003
1.377234299340251e-009	-1.324246e-003
1.379437058846182e-009	-1.185991e-003
1.381629245031534e-009	-1.141934e-003
1.383884801445827e-009	-1.170021e-003
1.384678012154446e-009	-1.195287e-003
1.385471222863066e-009	-1.222797e-003
1.386264433571686e-009	-1.252551e-003
1.387057644280305e-009	-1.284548e-003
1.387850854988925e-009	-1.318790e-003
1.388644065697545e-009	-1.355275e-003
1.389437276406165e-009	-1.394005e-003
1.391688057119644e-009	-1.489941e-003
1.393909295735891e-009	-1.563384e-003
1.396165924858533e-009	-1.605532e-003
1.398384226359625e-009	-1.607331e-003
1.400582417574759e-009	-1.564504e-003
1.402831578550009e-009	-1.469754e-003
1.405035478044606e-009	-1.323018e-003
1.407225012776616e-009	-1.121940e-003
1.409458273260976e-009	-8.597891e-004
1.411720714840113e-009	-5.383525e-004
1.413934805963722e-009	-1.756316e-004
1.417346559768680e-009	4.545709e-004
1.420637044078796e-009	1.111148e-003
1.424012018035713e-009	1.802382e-003
1.427363433558345e-009	2.494730e-003
1.430726718506571e-009	3.208951e-003
1.432343571315249e-009	3.564196e-003
1.433960424123927e-009	3.940628e-003
1.435577276932605e-009	4.338249e-003
1.437194129741283e-009	4.757059e-003
1.438810982549962e-009	5.197056e-003
1.440427835358640e-009	5.658241e-003
1.442044688167318e-009	6.140615e-003
1.445383802526051e-009	7.186760e-003
1.447606912085877e-009	7.900623e-003
1.449945719876254e-009	8.647277e-003
1.452154107640273e-009	9.334339e-003
1.453338498852083e-009	9.691949e-003
1.454425851195952e-009	1.001238e-002
1.455611296408223e-009	1.035249e-002
1.457819055608478e-009	1.095921e-002
1.460088361666135e-009	1.154668e-002
1.462419973016924e-009	1.211313e-002
1.464636060930094e-009	1.261636e-002
1.466951186504086e-009	1.310143e-002
1.469153915456553e-009	1.351561e-002
1.471347981503479e-009	1.386838e-002
1.473609391377506e-009	1.415015e-002
1.475796265005133e-009	1.432167e-002
1.478042367018808e-009	1.437029e-002
1.480288426669053e-009	1.426611e-002
1.482515860017080e-009	1.399138e-002
1.484762024302748e-009	1.352552e-002
1.486970598936920e-009	1.287287e-002
1.489167716358844e-009	1.202895e-002
1.490263525229717e-009	1.153632e-002
1.491406431160240e-009	1.097304e-002
1.492660636703714e-009	1.029879e-002
1.493861579469357e-009	9.600716e-003
1.494977685099886e-009	8.908686e-003
1.496085873700013e-009	8.183354e-003
1.497238152624447e-009	7.392397e-003
1.499472208316470e-009	5.767869e-003
1.502793277577503e-009	3.198184e-003
1.505062236201684e-009	1.397120e-003
1.507264704212066e-009	-3.354736e-004
1.509500026244493e-009	-2.032666e-003
1.510642609886218e-009	-2.862019e-003
1.511854549301361e-009	-3.705204e-003
1.513068845724849e-009	-4.506251e-003
1.515284049375576e-009	-5.836263e-003
1.516484738579170e-009	-6.477471e-003
1.518670792886528e-009	-7.486132e-003
1.520888117419701e-009	-8.286145e-003
1.523189511102137e-009	-8.870287e-003
1.525435461441498e-009	-9.199829e-003
1.527637999488631e-009	-9.302556e-003
1.529897164919173e-009	-9.200436e-003
1.532181175640377e-009	-8.911381e-003
1.534381543687566e-009	-8.488555e-003
1.537855330354435e-009	-7.619727e-003
1.541242803250591e-009	-6.655670e-003
1.543555667938552e-009	-5.995797e-003
1.544721778507225e-009	-5.675097e-003
1.545822436603011e-009	-5.383812e-003
1.546923487491878e-009	-5.105804e-003
1.548126897855128e-009	-4.819253e-003
1.550406343239995e-009	-4.330505e-003
1.552633239945162e-009	-3.923065e-003
1.554921823706020e-009	-3.571601e-003
1.557211129346722e-009	-3.277178e-003
1.560633492320125e-009	-2.910996e-003
1.562731157466926e-009	-2.725705e-003
1.564828822613726e-009	-2.528260e-003
1.566926487760527e-009	-2.318660e-003
1.569024152907327e-009	-2.096906e-003
1.571121818054128e-009	-1.862998e-003
1.573219483200928e-009	-1.616935e-003
1.575317148347729e-009	-1.358717e-003
1.578712940818107e-009	-8.698075e-004
1.582233744127276e-009	-2.944934e-004
1.583538148606500e-009	-5.870416e-005
1.584842553085725e-009	1.771126e-004
1.586146957564949e-009	4.129570e-004
1.587451362044173e-009	6.488289e-004
1.588755766523398e-009	8.847284e-004
1.590060171002622e-009	1.120655e-003
1.591364575481846e-009	1.356610e-003
1.593646248188241e-009	1.721036e-003
1.595887089844923e-009	2.016571e-003
1.598123104040002e-009	2.227463e-003
1.599287099586217e-009	2.297588e-003
1.600552929678129e-009	2.339768e-003
1.602788034076021e-009	2.322316e-003
1.605000810742304e-009	2.186292e-003
1.606240786965616e-009	2.059519e-003
1.608592865945254e-009	1.726710e-003
1.610831573458177e-009	1.312262e-003
1.613248516337978e-009	7.827671e-004
1.616674441883199e-009	-5.614213e-005
1.620083777267784e-009	-9.177393e-004
1.623463018575017e-009	-1.727411e-003
1.627019208255918e-009	-2.474604e-003
1.630355313709830e-009	-3.041331e-003
1.632660388435561e-009	-3.343907e-003
1.634884129550719e-009	-3.560535e-003
1.637145321933143e-009	-3.701156e-003
1.639683882804366e-009	-3.761051e-003
1.643027364381811e-009	-3.684734e-003
1.646354604361913e-009	-3.450612e-003
1.649664509594343e-009	-3.096713e-003
1.651900506819227e-009	-2.815075e-003
1.654107639216911e-009	-2.524751e-003
1.656380008081540e-009	-2.233627e-003
1.657549719867790e-009	-2.093625e-003
1.658763144594558e-009	-1.959282e-003
1.659863596459193e-009	-1.849305e-003
1.660974522785510e-009	-1.751767e-003
1.662099451628654e-009	-1.668576e-003
1.664319756664211e-009	-1.556076e-003
1.666544968995926e-009	-1.518787e-003
1.668798785303044e-009	-1.561503e-003
1.670998523120428e-009	-1.679243e-003
1.673189344578187e-009	-1.863744e-003
1.676546450862745e-009	-2.246545e-003
1.677835157019464e-009	-2.426652e-003
1.679123863176183e-009	-2.598976e-003
1.680412569332901e-009	-2.763515e-003
1.681701275489620e-009	-2.920271e-003
1.682989981646339e-009	-3.069243e-003
1.684278687803057e-009	-3.210430e-003
1.685567393959776e-009	-3.343834e-003
1.687833331016237e-009	-3.491749e-003
1.690106319006426e-009	-3.538621e-003
1.692308009063475e-009	-3.470396e-003
1.694518267875841e-009	-3.279330e-003
1.696781436716892e-009	-2.953481e-003
1.698981197679086e-009	-2.515131e-003
1.701210310045455e-009	-1.960612e-003
1.703463358769171e-009	-1.306092e-003
1.705661372350179e-009	-5.995064e-004
1.709113026281605e-009	5.833106e-004
1.710224381215487e-009	9.757363e-004
1.711335736149369e-009	1.357695e-003
1.712447091083250e-009	1.729187e-003
1.713558446017132e-009	2.090211e-003
1.714669800951014e-009	2.440769e-003
1.715781155884896e-009	2.780860e-003
1.716892510818778e-009	3.110483e-003
1.719102278145264e-009	3.698277e-003
1.720223171495983e-009	3.965950e-003
1.722449396582960e-009	4.433278e-003
1.724682447498048e-009	4.815122e-003
1.727025629100361e-009	5.125178e-003
1.729197366329141e-009	5.335869e-003
1.731421050922061e-009	5.483974e-003
1.733684504413100e-009	5.575205e-003
1.735913643327599e-009	5.617925e-003
1.739274521577709e-009	5.619675e-003
1.742594234347649e-009	5.579527e-003
1.745918555587502e-009	5.526672e-003
1.749226935147701e-009	5.477767e-003
1.752714181208051e-009	5.428325e-003
1.756051387070482e-009	5.358651e-003
1.758395907484303e-009	5.272771e-003
1.760634461936524e-009	5.141468e-003
1.762890119715321e-009	4.940663e-003
1.765239221212781e-009	4.637873e-003
1.766373291959113e-009	4.451924e-003
1.767477847447943e-009	4.243623e-003
1.768588501248743e-009	4.005852e-003
1.769734771613151e-009	3.729751e-003
1.770845610091102e-009	3.431958e-003
1.773065930293432e-009	2.747977e-003
1.775262489897922e-009	1.960128e-003
1.777589946488181e-009	1.018869e-003
1.779807187647298e-009	4.117925e-005
1.780778096013801e-009	-4.123412e-004
1.781749004380305e-009	-8.662423e-004
1.782719912746808e-009	-1.320524e-003
1.783690821113312e-009	-1.775186e-003
1.784661729479815e-009	-2.230229e-003
1.785632637846319e-009	-2.685653e-003
1.786603546212823e-009	-3.141457e-003
1.788883490704676e-009	-4.149169e-003
1.791160008446175e-009	-5.060358e-003
1.793359978142084e-009	-5.816239e-003
1.795690749816911e-009	-6.450346e-003
1.797961902329642e-009	-6.876781e-003
1.800179488365758e-009	-7.092399e-003
1.801320316533997e-009	-7.122377e-003
1.802476810010122e-009	-7.095695e-003
1.804725839340306e-009	-6.879702e-003
1.806925703883624e-009	-6.464254e-003
1.809214863418537e-009	-5.831262e-003
1.811438190210271e-009	-5.040259e-003
1.813711489859293e-009	-4.077788e-003
1.816089706186834e-009	-2.937423e-003
1.818317013330998e-009	-1.778676e-003
1.819309910015700e-009	-1.235326e-003
1.820302806700403e-009	-6.913664e-004
1.821295703385106e-009	-1.467957e-004
1.822288600069808e-009	3.983857e-004
1.823281496754511e-009	9.441777e-004
1.824274393439214e-009	1.490580e-003
1.825267290123916e-009	2.037594e-003
1.827689382766233e-009	3.311245e-003
1.829987465059334e-009	4.435834e-003
1.832196208543789e-009	5.412755e-003
1.834735317244155e-009	6.381743e-003
1.837020930067359e-009	7.093619e-003
1.839396906951934e-009	7.659452e-003
1.841742998627538e-009	8.039190e-003
1.843944770723340e-009	8.236409e-003
1.846325479248104e-009	8.286269e-003
1.848626594097030e-009	8.188418e-003
1.850852964596376e-009	7.975077e-003
1.853426015359230e-009	7.608013e-003
1.856881725267108e-009	6.958236e-003
1.860398137010726e-009	6.166898e-003
1.863727012419841e-009	5.336762e-003
1.867373450670465e-009	4.366973e-003
1.870684096156321e-009	3.450407e-003
1.872338708300836e-009	2.980627e-003
1.873993320445351e-009	2.512135e-003
1.875647932589866e-009	2.044932e-003
1.877302544734382e-009	1.579017e-003
1.878957156878898e-009	1.114392e-003
1.880611769023413e-009	6.510552e-004
1.882266381167928e-009	1.890074e-004
1.885811105430202e-009	-7.791567e-004
1.889145072559952e-009	-1.672955e-003
1.891591358203586e-009	-2.319250e-003
1.893854330460101e-009	-2.908181e-003
1.896111501383483e-009	-3.482427e-003
1.898516295698690e-009	-4.070842e-003
1.900735131054833e-009	-4.581169e-003
1.902984639972037e-009	-5.053255e-003
1.905258627057844e-009	-5.469777e-003
1.907467818046318e-009	-5.802734e-003
1.909708866406664e-009	-6.056795e-003
1.911931405547631e-009	-6.216972e-003
1.914159441609081e-009	-6.280471e-003
1.916504217923595e-009	-6.240029e-003
1.919800538117168e-009	-5.999163e-003
1.923182308953779e-009	-5.538894e-003
1.926531876466503e-009	-4.888180e-003
1.929881817213323e-009	-4.068574e-003
1.933215106207111e-009	-3.120454e-003
1.934518476654329e-009	-2.713143e-003
1.935821847101547e-009	-2.306881e-003
1.937125217548765e-009	-1.901666e-003
1.938428587995983e-009	-1.497499e-003
1.939731958443201e-009	-1.094379e-003
1.941035328890419e-009	-6.923078e-004
1.942338699337637e-009	-2.912840e-004
1.944578276388872e-009	3.381331e-004
1.946810001588042e-009	8.962011e-004
1.949137053014905e-009	1.385982e-003
1.951347739212398e-009	1.751394e-003
1.953673012958814e-009	2.022799e-003
1.955988852051825e-009	2.175889e-003
1.958248874142903e-009	2.215434e-003
1.960478978909921e-009	2.154632e-003
1.962742861495158e-009	2.000623e-003
1.964964694752382e-009	1.769289e-003
1.967190455585247e-009	1.468618e-003
1.970547712970296e-009	9.084879e-004
1.973923166422520e-009	2.498809e-004
1.976163623997204e-009	-2.204303e-004
1.978400968566700e-009	-7.016835e-004
1.980946818531746e-009	-1.246027e-003
1.983173906181671e-009	-1.703982e-003
1.985387037661889e-009	-2.127980e-003
1.987599991756153e-009	-2.508502e-003
1.989893328217275e-009	-2.845636e-003
1.992184494777757e-009	-3.115397e-003
1.994401400296636e-009	-3.307239e-003
1.996618497391884e-009	-3.429032e-003
1.998861048278879e-009	-3.482026e-003
2.001100264943042e-009	-3.468322e-003
2.004417739368921e-009	-3.338938e-003
2.007741282758131e-009	-3.101962e-003
2.011106626278627e-009	-2.782363e-003
2.014393936836028e-009	-2.421987e-003
2.016636522746725e-009	-2.162743e-003
2.018952652202621e-009	-1.893031e-003
2.021154584156900e-009	-1.641494e-003
2.023387466968267e-009	-1.397140e-003
2.025613549535639e-009	-1.169212e-003
2.027899432995445e-009	-9.558547e-004
2.030128251683104e-009	-7.716123e-004
2.032323652792627e-009	-6.160113e-004
2.034548354046418e-009	-4.869500e-004
2.036786523868013e-009	-3.880576e-004
2.040144564408587e-009	-3.001269e-004
2.043477127935693e-009	-2.832481e-004
2.046916509523749e-009	-3.298862e-004
2.048511865684740e-009	-3.766303e-004
2.050107221845731e-009	-4.222719e-004
2.051702578006722e-009	-4.668108e-004
2.053297934167714e-009	-5.102472e-004
2.054893290328705e-009	-5.525810e-004
2.056488646489696e-009	-5.938122e-004
2.058084002650688e-009	-6.339409e-004
2.061464623420781e-009	-6.614480e-004
2.064789039329591e-009	-6.272354e-004
2.066532973165505e-009	-5.771129e-004
2.068276907001419e-009	-5.222722e-004
2.070020840837332e-009	-4.627132e-004
2.071764774673246e-009	-3.984361e-004
2.073508708509159e-009	-3.294407e-004
2.075252642345073e-009	-2.557272e-004
2.076996576180987e-009	-1.772954e-004
2.080388356039820e-009	-5.863830e-005
2.083726170797111e-009	3.634195e-005
2.087043949802145e-009	1.227829e-004
2.090358745558612e-009	2.247886e-004
2.093716094617621e-009	3.704171e-004
2.095924685228977e-009	4.998185e-004
2.098161445975668e-009	6.622821e-004
2.100383974268567e-009	8.557253e-004
2.102606351228504e-009	1.079322e-003
2.104806733512715e-009	1.326760e-003
2.108175191895194e-009	1.744185e-003
2.111567690686835e-009	2.193211e-003
2.112864690138301e-009	2.370983e-003
2.114161689589766e-009	2.545572e-003
2.115458689041231e-009	2.716980e-003
2.116755688492696e-009	2.885205e-003
2.118052687944162e-009	3.050247e-003
2.119349687395627e-009	3.212107e-003
2.120646686847092e-009	3.370785e-003
2.123927306484542e-009	3.725365e-003
2.126144839306317e-009	3.923233e-003
2.128337997427223e-009	4.075679e-003
2.130613686430379e-009	4.178894e-003
2.132883097002433e-009	4.216899e-003
2.135157268818495e-009	4.181975e-003
2.137390274227943e-009	4.071004e-003
2.139620746064292e-009	3.881613e-003
2.141868712301707e-009	3.611882e-003
2.144064090039524e-009	3.275909e-003
2.146275663434255e-009	2.872007e-003
2.149625111358138e-009	2.157794e-003
2.152952442875533e-009	1.364477e-003
2.154411372653659e-009	9.936246e-004
2.155870302431786e-009	6.290839e-004
2.157329232209913e-009	2.708544e-004
2.158788161988040e-009	-8.106396e-005
2.160247091766166e-009	-4.266711e-004
2.161706021544293e-009	-7.659671e-004
2.163164951322420e-009	-1.098952e-003
2.165379631317320e-009	-1.560406e-003
2.167630471360367e-009	-1.984846e-003
2.169809089062394e-009	-2.349253e-003
2.172030793332941e-009	-2.672058e-003
2.174253474759430e-009	-2.945372e-003
2.176549469269827e-009	-3.176223e-003
2.178756454107878e-009	-3.349788e-003
2.180945244449591e-009	-3.475917e-003
2.183217850648242e-009	-3.558690e-003
2.185413113168826e-009	-3.591659e-003
2.187672512415255e-009	-3.576366e-003
2.189877780582726e-009	-3.511997e-003
2.192207227479971e-009	-3.389692e-003
2.194502588473949e-009	-3.214077e-003
2.197802063141212e-009	-2.867858e-003
2.201152900371015e-009	-2.412220e-003
2.204555419226902e-009	-1.861728e-003
2.206009372541107e-009	-1.599724e-003
2.207463325855313e-009	-1.335703e-003
2.208917279169519e-009	-1.069664e-003
2.210371232483725e-009	-8.016080e-004
2.211825185797930e-009	-5.315347e-004
2.213279139112137e-009	-2.594440e-004
2.214733092426342e-009	1.466413e-005
2.218021392483065e-009	5.938835e-004
2.221438016083107e-009	1.139640e-003
2.224869224799374e-009	1.613538e-003
2.228279539251865e-009	1.998479e-003
2.230594403061539e-009	2.205504e-003
2.233915592030904e-009	2.418425e-003
2.236200817978764e-009	2.502734e-003
2.239564230483151e-009	2.527275e-003
2.241761646625353e-009	2.476163e-003
2.244079609816374e-009	2.363608e-003
2.246457173726880e-009	2.186719e-003
2.249878134105968e-009	1.831051e-003
2.253150908469139e-009	1.397486e-003
2.256601194294225e-009	8.737965e-004
2.258034000446809e-009	6.381227e-004
2.259466806599392e-009	4.088041e-004
2.260899612751976e-009	1.858406e-004
2.262332418904559e-009	-3.076772e-005
2.263765225057143e-009	-2.410209e-004
2.265198031209726e-009	-4.449189e-004
2.266630837362310e-009	-6.424618e-004
2.270050683429609e-009	-1.030155e-003
2.273326010524183e-009	-1.299393e-003
2.275574921035581e-009	-1.421945e-003
2.278904416568066e-009	-1.510561e-003
2.282296720520497e-009	-1.493889e-003
2.285635305696001e-009	-1.384578e-003
2.289037968414340e-009	-1.194395e-003
2.292318772826489e-009	-9.527208e-004
2.294066051756899e-009	-7.994323e-004
2.295813330687309e-009	-6.453789e-004
2.297560609617719e-009	-4.905608e-004
2.299307888548128e-009	-3.349780e-004
2.301055167478538e-009	-1.786304e-004
2.302802446408948e-009	-2.151800e-005
2.304549725339357e-009	1.363591e-004
2.306951766523891e-009	3.288964e-004
2.309353807708424e-009	4.977021e-004
2.311755848892958e-009	6.427764e-004
2.314157890077491e-009	7.641192e-004
2.316559931262025e-009	8.617305e-004
2.318961972446558e-009	9.356104e-004
2.321364013631092e-009	9.857587e-004
2.323771332374440e-009	1.023445e-003
2.326178651117789e-009	1.050713e-003
2.328585969861137e-009	1.067563e-003
2.330993288604486e-009	1.073995e-003
2.333400607347834e-009	1.070009e-003
2.335807926091183e-009	1.055605e-003
2.338215244834531e-009	1.030782e-003
2.341658421443066e-009	9.538565e-004
2.345003071682380e-009	8.231378e-004
2.348325232164175e-009	6.239222e-004
2.351692093511312e-009	3.417569e-004
2.355073860576607e-009	-2.338766e-005
2.358496221922849e-009	-4.636916e-004
2.359934416531571e-009	-6.721056e-004
2.361372611140292e-009	-8.778169e-004
2.362810805749014e-009	-1.080825e-003
2.364249000357735e-009	-1.281131e-003
2.365687194966457e-009	-1.478734e-003
2.367125389575179e-009	-1.673634e-003
2.368563584183901e-009	-1.865832e-003
2.371932998903032e-009	-2.234586e-003
2.374176823423289e-009	-2.418448e-003
2.376536296330378e-009	-2.548222e-003
2.378770684449413e-009	-2.605810e-003
2.380997906052032e-009	-2.597730e-003
2.383214669894767e-009	-2.525234e-003
2.385493163080365e-009	-2.386701e-003
2.387736617132793e-009	-2.192010e-003
2.391150923192827e-009	-1.800791e-003
2.394505705987057e-009	-1.331624e-003
2.395950137148245e-009	-1.104416e-003
2.397394568309433e-009	-8.789773e-004
2.398838999470620e-009	-6.553074e-004
2.400283430631808e-009	-4.334063e-004
2.401727861792996e-009	-2.132740e-004
2.403172292954184e-009	5.089450e-006
2.404616724115371e-009	2.216841e-004
2.408059357545242e-009	6.627511e-004
2.410293169058284e-009	8.937056e-004
2.412534369838415e-009	1.072590e-003
2.414957793563210e-009	1.200484e-003
2.417243555712930e-009	1.255904e-003
2.419557849680425e-009	1.247757e-003
2.421880021576442e-009	1.177848e-003
2.425210166224294e-009	9.821859e-004
2.428833709559760e-009	6.698128e-004
2.432354714411667e-009	3.059528e-004
2.433824171917915e-009	1.400384e-004
2.435293629424163e-009	-1.875619e-005
2.436763086930411e-009	-1.704309e-004
2.438232544436660e-009	-3.149857e-004
2.439702001942908e-009	-4.524207e-004
2.441171459449156e-009	-5.827358e-004
2.442640916955404e-009	-7.059310e-004
2.446192555180294e-009	-9.252314e-004
2.449639296876811e-009	-1.042331e-003
2.453067769164098e-009	-1.062842e-003
2.456460319018829e-009	-9.952366e-004
2.460135701968479e-009	-8.363096e-004
2.463487995227021e-009	-6.263615e-004
2.466926373473494e-009	-3.577473e-004
2.470560467468734e-009	-2.518511e-005
2.473901160643608e-009	3.158598e-004
2.477251643710629e-009	6.813289e-004
2.479036324909515e-009	8.878584e-004
2.480821006108399e-009	1.087686e-003
2.482605687307284e-009	1.280812e-003
2.484390368506169e-009	1.467237e-003
2.486175049705055e-009	1.646960e-003
2.487959730903939e-009	1.819982e-003
2.489744412102824e-009	1.986302e-003
2.491879220471710e-009	2.158516e-003
2.494014028840595e-009	2.304741e-003
2.496148837209480e-009	2.424979e-003
2.498283645578366e-009	2.519229e-003
2.500418453947251e-009	2.587491e-003
2.502553262316136e-009	2.629765e-003
2.504688070685022e-009	2.646051e-003
2.508160291418449e-009	2.618996e-003
2.511579939121041e-009	2.528800e-003
2.515011496414290e-009	2.375482e-003
2.518372768887665e-009	2.164841e-003
2.521828412835594e-009	1.887543e-003
2.525251299917103e-009	1.555636e-003
2.528944391979215e-009	1.140096e-003
2.532314032873857e-009	7.167929e-004
2.535884234958562e-009	2.329768e-004
2.537573435130078e-009	-1.038944e-005
2.539262635301594e-009	-2.517882e-004
2.540951835473110e-009	-4.912194e-004
2.542641035644626e-009	-7.286831e-004
2.544330235816142e-009	-9.641793e-004
2.546019435987658e-009	-1.197708e-003
2.547708636159174e-009	-1.429269e-003
2.551125907949427e-009	-1.850141e-003
2.554819066774350e-009	-2.229620e-003
2.558216510436994e-009	-2.487195e-003
2.562016576413261e-009	-2.648447e-003
2.565438054200078e-009	-2.663302e-003
2.567879022781950e-009	-2.592606e-003
2.570193675668070e-009	-2.461116e-003
2.572698597776768e-009	-2.248226e-003
2.575106145769220e-009	-1.976637e-003
2.578570845462785e-009	-1.480289e-003
2.582198552146507e-009	-8.505424e-004
2.583709877029012e-009	-5.542062e-004
2.585221201911516e-009	-2.575475e-004
2.586732526794021e-009	3.943363e-005
2.588243851676526e-009	3.367373e-004
2.589755176559031e-009	6.343633e-004
2.591266501441536e-009	9.323119e-004
2.592777826324040e-009	1.230583e-003
2.596187139257463e-009	1.830214e-003
2.599749085409237e-009	2.349074e-003
2.603173013575435e-009	2.716285e-003
2.605455802003707e-009	2.880715e-003
2.607813877073516e-009	2.979900e-003
2.610314839921142e-009	3.006326e-003
2.612791243071824e-009	2.954719e-003
2.616301073437079e-009	2.758169e-003
2.619813733712040e-009	2.435089e-003
2.623295005561661e-009	2.016435e-003
2.625132559440104e-009	1.756051e-003
2.626970113318548e-009	1.491692e-003
2.628807667196991e-009	1.223358e-003
2.630645221075435e-009	9.510491e-004
2.632482774953878e-009	6.747657e-004
2.634320328832321e-009	3.945076e-004
2.636157882710765e-009	1.102747e-004
2.638649541226366e-009	-2.546654e-004
2.641141199741968e-009	-5.981187e-004
2.643632858257570e-009	-9.200851e-004
2.646124516773171e-009	-1.220565e-003
2.648616175288772e-009	-1.499557e-003
2.651107833804374e-009	-1.757063e-003
2.653599492319976e-009	-1.993082e-003
2.657021169142513e-009	-2.274244e-003
2.660526308884385e-009	-2.511000e-003
2.664253900185511e-009	-2.699624e-003
2.667774785953936e-009	-2.810422e-003
2.671137150912360e-009	-2.847468e-003
2.674649214857817e-009	-2.806666e-003
2.677971444280627e-009	-2.687487e-003
2.681461411649989e-009	-2.474695e-003
2.684832489747409e-009	-2.185217e-003
2.688569245152827e-009	-1.776257e-003
2.690222565102458e-009	-1.562996e-003
2.691875885052089e-009	-1.343523e-003
2.693529205001720e-009	-1.117839e-003
2.695182524951351e-009	-8.859432e-004
2.696835844900982e-009	-6.478359e-004
2.698489164850613e-009	-4.035171e-004
2.700142484800243e-009	-1.529868e-004
2.703659832445848e-009	3.445257e-004
2.707162771655582e-009	7.870822e-004
2.710515631309240e-009	1.133841e-003
2.712952646958662e-009	1.326011e-003
2.715338399652162e-009	1.458686e-003
2.717754590012569e-009	1.533727e-003
2.721118032613945e-009	1.537859e-003
2.724587047724660e-009	1.427203e-003
2.728012915548823e-009	1.221195e-003
2.729536332390831e-009	1.098174e-003
2.731059749232839e-009	9.709521e-004
2.732583166074846e-009	8.395291e-004
2.734106582916855e-009	7.039048e-004
2.735629999758862e-009	5.640793e-004
2.737153416600870e-009	4.200526e-004
2.738676833442878e-009	2.718247e-004
2.742145308389437e-009	-2.616373e-005
2.745777910360279e-009	-2.800257e-004
2.749132576418299e-009	-4.422251e-004
2.751602906062266e-009	-5.107290e-004
2.754963961319150e-009	-5.321275e-004
2.758517171698092e-009	-4.700016e-004
2.761971195394306e-009	-3.405152e-004
2.765556927437250e-009	-1.575041e-004
2.767259344345302e-009	-5.479777e-005
2.768961761253354e-009	4.239716e-005
2.770664178161407e-009	1.340807e-004
2.772366595069459e-009	2.202530e-004
2.774069011977511e-009	3.009138e-004
2.775771428885563e-009	3.760633e-004
2.777473845793616e-009	4.457015e-004
2.780923545923862e-009	5.360557e-004
2.784507606855936e-009	5.720065e-004
2.788070112668027e-009	5.528480e-004
2.791672750545389e-009	4.883850e-004
2.794072334691211e-009	4.180212e-004
2.796471918837033e-009	3.492707e-004
2.798871502982854e-009	2.821338e-004
2.801271087128676e-009	2.166103e-004
2.803670671274498e-009	1.527002e-004
2.806070255420319e-009	9.040367e-005
2.808469839566141e-009	2.972055e-005
2.812125943065517e-009	-2.609758e-005
2.815782046564894e-009	-6.694781e-005
2.819438150064270e-009	-9.283014e-005
2.823094253563647e-009	-1.037446e-004
2.826750357063023e-009	-9.969111e-005
2.830406460562400e-009	-8.066975e-005
2.834062564061776e-009	-4.668050e-005
2.836110741749757e-009	-2.825595e-005
2.838158919437739e-009	-4.280120e-006
2.840207097125720e-009	2.524701e-005
2.842255274813701e-009	6.032542e-005
2.844303452501683e-009	1.009551e-004
2.846351630189664e-009	1.471361e-004
2.848399807877645e-009	1.988684e-004
2.852353627852180e-009	3.362825e-004
2.855829566587241e-009	4.992751e-004
2.859447354233035e-009	7.158140e-004
2.862925572246559e-009	9.668532e-004
2.865621204731637e-009	1.184090e-003
2.869257009273687e-009	1.493670e-003
2.872857895250754e-009	1.796775e-003
2.874411185194687e-009	1.924237e-003
2.875964475138621e-009	2.039419e-003
2.877517765082554e-009	2.142321e-003
2.879071055026487e-009	2.232943e-003
2.880624344970420e-009	2.311285e-003
2.882177634914354e-009	2.377347e-003
2.883730924858287e-009	2.431129e-003
2.887113716092825e-009	2.479658e-003
2.889906215407282e-009	2.454328e-003
2.893273118767185e-009	2.344165e-003
2.896074816893945e-009	2.188765e-003
2.899404448653112e-009	1.935860e-003
2.902302686958919e-009	1.664470e-003
2.905697041681037e-009	1.300013e-003
2.909793336201485e-009	8.189832e-004
2.911586453353606e-009	5.959995e-004
2.913379570505726e-009	3.802586e-004
2.915172687657846e-009	1.717604e-004
2.916965804809966e-009	-2.949506e-005
2.918758921962087e-009	-2.235078e-004
2.920552039114207e-009	-4.102777e-004
2.922345156266327e-009	-5.898050e-004
2.925903491981321e-009	-8.898432e-004
2.929717691212169e-009	-1.138258e-003
2.933696717708950e-009	-1.313979e-003
2.936630559343056e-009	-1.379467e-003
2.939564400977163e-009	-1.418878e-003
2.942498242611269e-009	-1.432213e-003
2.945432084245375e-009	-1.419471e-003
2.948365925879482e-009	-1.380653e-003
2.951299767513589e-009	-1.315758e-003
2.954233609147695e-009	-1.224786e-003
2.957850181589884e-009	-1.100418e-003
2.961466754032074e-009	-9.554090e-004
2.965083326474263e-009	-7.897603e-004
2.968699898916453e-009	-6.034714e-004
2.972316471358642e-009	-3.965424e-004
2.975933043800832e-009	-1.689732e-004
2.979549616243021e-009	7.923618e-005
2.981602323381843e-009	2.249228e-004
2.983655030520664e-009	3.582093e-004
2.985707737659485e-009	4.790955e-004
2.987760444798307e-009	5.875814e-004
2.989813151937128e-009	6.836671e-004
2.991865859075949e-009	7.673526e-004
2.993918566214771e-009	8.386379e-004
2.997697156201854e-009	8.845241e-004
2.999952363084855e-009	8.648919e-004
3.000000000000000e-009	8.640779e-004
