time	V(n_3p)
0.000000000000000e+000	0.000000e+000
3.749366503548940e-011	-1.661992e-006
7.498733007097881e-011	-2.312619e-006
1.124809951064682e-010	-1.951882e-006
1.499746601419576e-010	-5.797808e-007
1.874683251774470e-010	1.803685e-006
2.249619902129364e-010	5.198515e-006
2.624556552484257e-010	9.604709e-006
2.669706872233735e-010	1.149868e-005
2.714857191983213e-010	1.290162e-005
2.760007511732691e-010	1.381354e-005
2.805157831482169e-010	1.423444e-005
2.850308151231647e-010	1.416432e-005
2.895458470981125e-010	1.360318e-005
2.940608790730603e-010	1.255101e-005
2.969578181737059e-010	1.519501e-005
2.998547572743515e-010	1.640412e-005
3.027516963749971e-010	1.617836e-005
3.056486354756427e-010	1.451773e-005
3.085455745762883e-010	1.142221e-005
3.114425136769340e-010	6.891813e-006
3.143394527775796e-010	9.265397e-007
3.173745331821297e-010	4.589836e-006
3.204096135866798e-010	5.787862e-006
3.234446939912299e-010	4.520618e-006
3.264797743957800e-010	7.881038e-007
3.295148548003301e-010	-5.409681e-006
3.325499352048802e-010	-1.407274e-005
3.355850156094303e-010	-2.520106e-005
3.376696307744273e-010	-2.358091e-005
3.397542459394243e-010	-2.258029e-005
3.418388611044213e-010	-2.219921e-005
3.439234762694184e-010	-2.243767e-005
3.460080914344154e-010	-2.329566e-005
3.480927065994124e-010	-2.477319e-005
3.501773217644094e-010	-2.687025e-005
3.527409762013504e-010	-3.961072e-005
3.553046306382914e-010	-4.851639e-005
3.578682850752324e-010	-5.358726e-005
3.604319395121734e-010	-5.482334e-005
3.629955939491144e-010	-5.222461e-005
3.655592483860553e-010	-4.579108e-005
3.681229028229963e-010	-3.552276e-005
3.698943236566062e-010	-3.523203e-005
3.716657444902161e-010	-3.615220e-005
3.734371653238260e-010	-3.828328e-005
3.752085861574358e-010	-4.162526e-005
3.769800069910457e-010	-4.617814e-005
3.787514278246556e-010	-5.194193e-005
3.805228486582655e-010	-5.891662e-005
3.822883384376601e-010	-5.509293e-005
3.840538282170547e-010	-5.008615e-005
3.858193179964493e-010	-4.389626e-005
3.875848077758439e-010	-3.652328e-005
3.893502975552385e-010	-2.796719e-005
3.911157873346331e-010	-1.822801e-005
3.928812771140278e-010	-7.305723e-006
3.944961368703253e-010	-8.367658e-006
3.961109966266228e-010	-1.014333e-005
3.977258563829204e-010	-1.263275e-005
3.993407161392180e-010	-1.583590e-005
4.009555758955155e-010	-1.975280e-005
4.025704356518131e-010	-2.438343e-005
4.041852954081106e-010	-2.972781e-005
4.057909050580477e-010	-2.339924e-005
4.073965147079849e-010	-1.609996e-005
4.090021243579220e-010	-7.829973e-006
4.106077340078591e-010	1.410731e-006
4.122133436577962e-010	1.162215e-005
4.138189533077334e-010	2.280428e-005
4.154245629576705e-010	3.495712e-005
4.168684039890180e-010	3.528443e-005
4.183122450203654e-010	3.356183e-005
4.197560860517129e-010	2.978933e-005
4.211999270830604e-010	2.396693e-005
4.226437681144079e-010	1.609463e-005
4.240876091457554e-010	6.172422e-006
4.255314501771029e-010	-5.799684e-006
4.289986339822954e-010	-1.251314e-005
4.304442913403328e-010	-4.035232e-006
4.318899486983701e-010	4.147359e-006
4.333356060564075e-010	1.203463e-005
4.347812634144449e-010	1.962659e-005
4.362269207724822e-010	2.692324e-005
4.376725781305196e-010	3.392457e-005
4.391182354885569e-010	4.063058e-005
4.425219802174755e-010	2.567759e-005
4.439685116568824e-010	6.938930e-006
4.454150430962894e-010	-9.495506e-006
4.468615745356963e-010	-2.362572e-005
4.483081059751033e-010	-3.545171e-005
4.497546374145103e-010	-4.497348e-005
4.512011688539172e-010	-5.219103e-005
4.526477002933242e-010	-5.710436e-005
4.539372562908457e-010	-4.955471e-005
4.552268122883671e-010	-4.222865e-005
4.565163682858886e-010	-3.512618e-005
4.578059242834102e-010	-2.824731e-005
4.590954802809317e-010	-2.159203e-005
4.603850362784531e-010	-1.516035e-005
4.616745922759746e-010	-8.952258e-006
4.650480176795010e-010	-2.777612e-005
4.663455455088617e-010	-4.978682e-005
4.676430733382225e-010	-6.900675e-005
4.689406011675832e-010	-8.543593e-005
4.702381289969440e-010	-9.907434e-005
4.715356568263048e-010	-1.099220e-004
4.728331846556655e-010	-1.179789e-004
4.741307124850263e-010	-1.232450e-004
4.763504068314385e-010	-9.475236e-005
4.786070365685460e-010	-2.295925e-005
4.808713072338139e-010	1.025190e-004
4.831231516051319e-010	2.957749e-004
4.842612893147267e-010	4.274503e-004
4.853822273034562e-010	5.857073e-004
4.865176298535846e-010	7.813464e-004
4.876256006173938e-010	1.014030e-003
4.887541591433950e-010	1.302616e-003
4.898760016221304e-010	1.651479e-003
4.910029352487700e-010	2.075994e-003
4.921445539246698e-010	2.594998e-003
4.932702473574979e-010	3.208262e-003
4.943775749965999e-010	3.923722e-003
4.954884497505369e-010	4.767179e-003
4.966438507507858e-010	5.792703e-003
4.977654450875223e-010	6.946352e-003
4.989177287912102e-010	8.307113e-003
5.000386634143505e-010	9.812851e-003
5.011825387594809e-010	1.154455e-002
5.022825344701211e-010	1.340338e-002
5.034297736908508e-010	1.555047e-002
5.045515379318971e-010	1.785974e-002
5.056960618257304e-010	2.043201e-002
5.068041977429974e-010	2.313086e-002
5.079327020122514e-010	2.608865e-002
5.090458407391933e-010	2.921028e-002
5.101794812436250e-010	3.259344e-002
5.113003129300270e-010	3.613535e-002
5.124367142241370e-010	3.991974e-002
5.135392606937784e-010	4.377020e-002
5.146521214759695e-010	4.782716e-002
5.157863566713197e-010	5.212915e-002
5.169119382126615e-010	5.655512e-002
5.191880823644952e-010	6.593696e-002
5.203188406086538e-010	7.083216e-002
5.214495988528123e-010	7.579085e-002
5.225803570969709e-010	8.081302e-002
5.237111153411294e-010	8.589868e-002
5.248418735852880e-010	9.104784e-002
5.259726318294465e-010	9.626047e-002
5.271033900736051e-010	1.015366e-001
5.293671755324591e-010	1.119476e-001
5.316350947391104e-010	1.221325e-001
5.338445489859662e-010	1.316075e-001
5.360899328856377e-010	1.405611e-001
5.383465659982081e-010	1.486462e-001
5.406003352456777e-010	1.555855e-001
5.428583223312202e-010	1.611938e-001
5.450998050006460e-010	1.652533e-001
5.473410370771085e-010	1.676697e-001
5.496013211415801e-010	1.683485e-001
5.518506627296176e-010	1.672347e-001
5.540800419981561e-010	1.643996e-001
5.574811909575830e-010	1.569994e-001
5.608588738761468e-010	1.465637e-001
5.621490671319333e-010	1.418156e-001
5.634392603877196e-010	1.369407e-001
5.647294536435060e-010	1.319388e-001
5.660196468992925e-010	1.268101e-001
5.673098401550789e-010	1.215545e-001
5.686000334108652e-010	1.161721e-001
5.698902266666516e-010	1.106628e-001
5.720959361270897e-010	1.015558e-001
5.743503406661824e-010	9.249699e-002
5.766024198304077e-010	8.379484e-002
5.788601159927511e-010	7.546902e-002
5.811239097618983e-010	6.753992e-002
5.833571375940696e-010	6.013684e-002
5.855915216212146e-010	5.315959e-002
5.878644898224220e-010	4.653347e-002
5.901007721162112e-010	4.052854e-002
5.923272364932978e-010	3.512180e-002
5.946030093031319e-010	3.025899e-002
5.957261693438332e-010	2.812817e-002
5.968555625066255e-010	2.617495e-002
5.979791260864254e-010	2.442614e-002
5.991204845211989e-010	2.285251e-002
6.002533407417956e-010	2.149544e-002
6.013868992969126e-010	2.034263e-002
6.024934808808121e-010	1.941417e-002
6.036038996778479e-010	1.867541e-002
6.047375216843398e-010	1.811616e-002
6.058653914974618e-010	1.774932e-002
6.069957240756586e-010	1.756400e-002
6.081212881101009e-010	1.755232e-002
6.092224242805795e-010	1.769868e-002
6.103258905064722e-010	1.799202e-002
6.114555405650963e-010	1.843341e-002
6.125787010401377e-010	1.900222e-002
6.137056539319214e-010	1.969095e-002
6.159547039612996e-010	2.136842e-002
6.182108530359401e-010	2.337070e-002
6.215823218102339e-010	2.673608e-002
6.228645272723203e-010	2.810852e-002
6.241467327344066e-010	2.945200e-002
6.254289381964930e-010	3.076653e-002
6.267111436585792e-010	3.205210e-002
6.279933491206656e-010	3.330872e-002
6.292755545827519e-010	3.453638e-002
6.305577600448383e-010	3.573509e-002
6.328258056960053e-010	3.761995e-002
6.350796921862268e-010	3.921483e-002
6.373465506875852e-010	4.047298e-002
6.396089806749128e-010	4.130499e-002
6.418315770104572e-010	4.162218e-002
6.440976195610993e-010	4.133661e-002
6.463562443382326e-010	4.034369e-002
6.485651275730851e-010	3.861351e-002
6.508168445744522e-010	3.603719e-002
6.519782722221660e-010	3.438974e-002
6.542335830341041e-010	3.061159e-002
6.565297967731615e-010	2.608952e-002
6.588056633760133e-010	2.112715e-002
6.596086028321131e-010	1.927586e-002
6.604115422882129e-010	1.743970e-002
6.612144817443127e-010	1.561865e-002
6.620174212004124e-010	1.381273e-002
6.628203606565122e-010	1.202193e-002
6.636233001126120e-010	1.024625e-002
6.644262395687118e-010	8.485686e-003
6.655586108551727e-010	6.149915e-003
6.666787613317251e-010	3.984574e-003
6.677842198863001e-010	2.015783e-003
6.689142754901061e-010	1.993516e-004
6.700406346890713e-010	-1.394728e-003
6.711645636886388e-010	-2.755632e-003
6.722826929243338e-010	-3.872587e-003
6.734100944432683e-010	-4.755350e-003
6.745382006701702e-010	-5.394839e-003
6.756705047690127e-010	-5.797216e-003
6.767950892682023e-010	-5.969566e-003
6.779760353159824e-010	-5.922528e-003
6.790781865612386e-010	-5.685325e-003
6.802004085075578e-010	-5.272815e-003
6.813513535785710e-010	-4.694203e-003
6.824812804006597e-010	-3.997776e-003
6.836297030140346e-010	-3.186270e-003
6.847632809564754e-010	-2.308919e-003
6.869931968424176e-010	-4.600701e-004
6.881515879030773e-010	5.159533e-004
6.892767932646837e-010	1.445577e-003
6.904263697574161e-010	2.356893e-003
6.915346409078928e-010	3.182873e-003
6.926590684678116e-010	3.954607e-003
6.937863109632490e-010	4.650530e-003
6.949317759842100e-010	5.269593e-003
6.960531464202860e-010	5.784114e-003
6.971993360206868e-010	6.213323e-003
6.983010716161335e-010	6.533011e-003
6.994147636648404e-010	6.764816e-003
7.005380991650344e-010	6.908399e-003
7.016814773232681e-010	6.965777e-003
7.027999160549610e-010	6.940376e-003
7.039368705339748e-010	6.837837e-003
7.050618231506315e-010	6.666349e-003
7.061975357570579e-010	6.428811e-003
7.073259953170898e-010	6.134648e-003
7.084697540049409e-010	5.783079e-003
7.107371175259806e-010	4.947156e-003
7.118581102685527e-010	4.474162e-003
7.129922614667630e-010	3.960443e-003
7.141710380465692e-010	3.392761e-003
7.152987040835903e-010	2.821006e-003
7.164684589932227e-010	2.202298e-003
7.175659077082767e-010	1.602119e-003
7.186817575251211e-010	9.770789e-004
7.198075288741838e-010	3.370039e-004
7.209837310457559e-010	-3.345175e-004
7.221066115188471e-010	-9.701866e-004
7.232393678016834e-010	-1.596743e-003
7.243650266043059e-010	-2.194625e-003
7.255580684271538e-010	-2.788986e-003
7.266816410110698e-010	-3.299869e-003
7.278491453228764e-010	-3.767403e-003
7.289717265620735e-010	-4.144231e-003
7.300864892049504e-010	-4.436759e-003
7.311921520853354e-010	-4.636778e-003
7.323453467190456e-010	-4.740786e-003
7.334684026329746e-010	-4.732588e-003
7.346099794425959e-010	-4.608709e-003
7.357445499876937e-010	-4.368015e-003
7.368896610838760e-010	-4.006845e-003
7.379891317848827e-010	-3.551527e-003
7.391342830267859e-010	-2.970567e-003
7.403378838205548e-010	-2.252714e-003
7.414627540003381e-010	-1.494188e-003
7.425883528067250e-010	-6.642466e-004
7.436984298731263e-010	2.090314e-004
7.448875022091743e-010	1.186615e-003
7.460134290539028e-010	2.134960e-003
7.471875980253010e-010	3.127964e-003
7.483106544281868e-010	4.064129e-003
7.505243660370752e-010	5.807117e-003
7.517509976974957e-010	6.681372e-003
7.528692039542881e-010	7.404365e-003
7.540323314376607e-010	8.070311e-003
7.551446551248917e-010	8.617193e-003
7.562788412066350e-010	9.078285e-003
7.573974822337705e-010	9.433927e-003
7.585520225910952e-010	9.695964e-003
7.596764117500753e-010	9.848770e-003
7.608145196278546e-010	9.902403e-003
7.619195799980265e-010	9.860326e-003
7.630316952826800e-010	9.728577e-003
7.641586519826066e-010	9.508817e-003
7.652972813190196e-010	9.204687e-003
7.664789655031488e-010	8.808932e-003
7.676027761445203e-010	8.363698e-003
7.687506670686745e-010	7.846775e-003
7.698453704331049e-010	7.301622e-003
7.710294699273111e-010	6.661663e-003
7.721506368850166e-010	6.013682e-003
7.744232579668320e-010	4.598358e-003
7.766696374928601e-010	3.099503e-003
7.789689658594981e-010	1.500493e-003
7.823233049874192e-010	-8.783606e-004
7.857257362530271e-010	-3.250225e-003
7.879898518322844e-010	-4.748051e-003
7.902633536138883e-010	-6.141823e-003
7.914120929750286e-010	-6.790540e-003
7.925847900744300e-010	-7.406458e-003
7.936980456353632e-010	-7.942351e-003
7.948192632527684e-010	-8.428589e-003
7.959432711918126e-010	-8.856958e-003
7.970945531365904e-010	-9.229183e-003
7.982277799249109e-010	-9.525065e-003
7.993843835330867e-010	-9.750475e-003
8.004827603773395e-010	-9.889465e-003
8.015919613647139e-010	-9.952799e-003
8.027120980376102e-010	-9.936168e-003
8.039430958093494e-010	-9.823048e-003
8.050665174285896e-010	-9.632833e-003
8.062002808522350e-010	-9.357431e-003
8.073123124220385e-010	-9.007563e-003
8.084734198604435e-010	-8.560884e-003
8.095985558276961e-010	-8.052513e-003
8.107664728420205e-010	-7.451340e-003
8.118888830695602e-010	-6.808793e-003
8.140984474251091e-010	-5.384361e-003
8.163700554491812e-010	-3.751538e-003
8.175187873868137e-010	-2.883290e-003
8.186423300200405e-010	-2.019048e-003
8.197761411260610e-010	-1.141740e-003
8.209162914695233e-010	-2.643615e-004
8.220511681933610e-010	5.941064e-004
8.231814901252199e-010	1.424581e-003
8.243171383928734e-010	2.224698e-003
8.254252944493571e-010	2.963556e-003
8.265367584426747e-010	3.654789e-003
8.277663522384458e-010	4.352045e-003
8.288829754956341e-010	4.916486e-003
8.299962059585641e-010	5.407495e-003
8.311209500631584e-010	5.825348e-003
8.322246062473537e-010	6.154447e-003
8.333310815963939e-010	6.400330e-003
8.344825375788514e-010	6.563995e-003
8.356112051884568e-010	6.631347e-003
8.368014606385400e-010	6.601708e-003
8.379167168291167e-010	6.480446e-003
8.390497458556051e-010	6.265982e-003
8.402469170378504e-010	5.942118e-003
8.413806617449049e-010	5.546825e-003
8.425246110302200e-010	5.065300e-003
8.436671300431049e-010	4.507078e-003
8.447698808880182e-010	3.901152e-003
8.458720351391586e-010	3.236524e-003
8.470961879803281e-010	2.438519e-003
8.482183732904003e-010	1.660763e-003
8.493732749142725e-010	8.246494e-004
8.516273132979185e-010	-8.696111e-004
8.539661970007435e-010	-2.635149e-003
8.563215542047471e-010	-4.318883e-003
8.574251041156969e-010	-5.046344e-003
8.585484180148657e-010	-5.732271e-003
8.597609871032629e-010	-6.399786e-003
8.608903915518302e-010	-6.944297e-003
8.620406760003631e-010	-7.414068e-003
8.631644706439600e-010	-7.784063e-003
8.642936025357220e-010	-8.062379e-003
8.654395356608005e-010	-8.245717e-003
8.666860537919349e-010	-8.329826e-003
8.678098698357116e-010	-8.302691e-003
8.689858777936630e-010	-8.171659e-003
8.700721104078530e-010	-7.960418e-003
8.711850467908862e-010	-7.658601e-003
8.724205549713958e-010	-7.229202e-003
8.735739545862760e-010	-6.746223e-003
8.747360937775871e-010	-6.188021e-003
8.758651751467051e-010	-5.585450e-003
8.781564375978784e-010	-4.216772e-003
8.805195617461301e-010	-2.665944e-003
8.815147387070844e-010	-1.977084e-003
8.825099156680385e-010	-1.295364e-003
8.835050926289928e-010	-6.207838e-004
8.845002695899471e-010	4.665654e-005
8.854954465509014e-010	7.069569e-004
8.864906235118556e-010	1.360117e-003
8.874858004728098e-010	2.006138e-003
8.886225311203050e-010	2.701273e-003
8.897501495096451e-010	3.354585e-003
8.909300978063834e-010	3.993134e-003
8.921646815698286e-010	4.604987e-003
8.933144038047207e-010	5.117018e-003
8.944706863778190e-010	5.570055e-003
8.955907555502955e-010	5.944831e-003
8.967164250099150e-010	6.253510e-003
8.978885217464738e-010	6.498334e-003
8.990052603308219e-010	6.655672e-003
9.001329865221515e-010	6.736878e-003
9.012623854690314e-010	6.738441e-003
9.023588029723474e-010	6.663098e-003
9.034694709068774e-010	6.510140e-003
9.046259514732795e-010	6.270759e-003
9.058468940215591e-010	5.932957e-003
9.069701766569357e-010	5.549475e-003
9.080725551477709e-010	5.110817e-003
9.091678380768058e-010	4.619989e-003
9.103311784107973e-010	4.046491e-003
9.115966394859374e-010	3.372280e-003
9.127527260802131e-010	2.720709e-003
9.139139189305112e-010	2.042832e-003
9.161777957686282e-010	6.939157e-004
9.185806717215148e-010	-7.038490e-004
9.197211411592581e-010	-1.330282e-003
9.208507714053592e-010	-1.915637e-003
9.219515798545521e-010	-2.445232e-003
9.230835678358728e-010	-2.941065e-003
9.243126597684665e-010	-3.416432e-003
9.255479852535314e-010	-3.821670e-003
9.266893636876839e-010	-4.126597e-003
9.278152364190086e-010	-4.358307e-003
9.289504013107555e-010	-4.519748e-003
9.301600867276058e-010	-4.609871e-003
9.314244313950638e-010	-4.612403e-003
9.325666808671791e-010	-4.533908e-003
9.337330050151452e-010	-4.375398e-003
9.348204378038276e-010	-4.157771e-003
9.359659332468457e-010	-3.858172e-003
9.371878211376012e-010	-3.463012e-003
9.383979337759079e-010	-3.000033e-003
9.395279526892857e-010	-2.509066e-003
9.406426302146820e-010	-1.975585e-003
9.417918990857147e-010	-1.381735e-003
9.429439715545230e-010	-7.500128e-004
9.452310467189885e-010	5.760193e-004
9.485820820698969e-010	2.553963e-003
9.498058261737631e-010	3.244800e-003
9.509397409432019e-010	3.854425e-003
9.520862619029903e-010	4.432437e-003
9.531925986123554e-010	4.946737e-003
9.542923890673542e-010	5.409939e-003
9.554431455150920e-010	5.838279e-003
9.566573088501432e-010	6.223430e-003
9.578994735532859e-010	6.543276e-003
9.590289475575576e-010	6.767472e-003
9.601411177694216e-010	6.925947e-003
9.612634741254624e-010	7.023956e-003
9.624954362555141e-010	7.061831e-003
9.637868977557410e-010	7.026376e-003
9.649551375977912e-010	6.931406e-003
9.661002468441352e-010	6.783884e-003
9.672596382453436e-010	6.583260e-003
9.684036756064613e-010	6.338309e-003
9.697396081995940e-010	5.998020e-003
9.709489951992910e-010	5.643632e-003
9.721030256888666e-010	5.268069e-003
9.733868483161437e-010	4.811371e-003
9.757162673995614e-010	3.891276e-003
9.780595745250845e-010	2.869571e-003
9.790636778518889e-010	2.400845e-003
9.800677811786934e-010	1.931236e-003
9.810718845054978e-010	1.460744e-003
9.820759878323024e-010	9.893683e-004
9.830800911591068e-010	5.171093e-004
9.840841944859113e-010	4.396709e-005
9.850882978127157e-010	-4.300584e-004
9.873592216552732e-010	-1.423812e-003
9.886030097854215e-010	-1.919435e-003
9.898285766930096e-010	-2.363223e-003
9.909592480460514e-010	-2.726487e-003
9.920799429973463e-010	-3.036879e-003
9.932487864478383e-010	-3.302539e-003
9.944244638573626e-010	-3.505412e-003
9.955957993141300e-010	-3.639961e-003
9.966667292351861e-010	-3.702194e-003
9.978050282931048e-010	-3.704109e-003
9.989260250821510e-010	-3.642035e-003
1.000113005386512e-009	-3.509402e-003
1.001271971829282e-009	-3.317083e-003
1.002385223845683e-009	-3.078418e-003
1.003526315779842e-009	-2.784591e-003
1.004647302406931e-009	-2.453678e-003
1.005867634857290e-009	-2.053983e-003
1.008235620450422e-009	-1.194930e-003
1.011826127567431e-009	1.865293e-004
1.012957216549919e-009	6.120260e-004
1.014202349242972e-009	1.063523e-003
1.015393284495299e-009	1.473745e-003
1.016545756622209e-009	1.846702e-003
1.017638710319175e-009	2.176057e-003
1.018817975517962e-009	2.502932e-003
1.020017452602187e-009	2.803897e-003
1.021209114311673e-009	3.070917e-003
1.022323501610940e-009	3.291808e-003
1.024560416714538e-009	3.652816e-003
1.026948985684793e-009	3.921245e-003
1.029265035611483e-009	4.070108e-003
1.031649604011130e-009	4.108935e-003
1.033919798887150e-009	4.033361e-003
1.036248851128903e-009	3.833032e-003
1.038667819013659e-009	3.482536e-003
1.040946063085126e-009	3.012122e-003
1.042126219891266e-009	2.714195e-003
1.043243463682429e-009	2.398733e-003
1.044394208177572e-009	2.041221e-003
1.045655490515356e-009	1.613984e-003
1.046859891655114e-009	1.174917e-003
1.049219177054023e-009	2.447374e-004
1.050072652399836e-009	-1.151296e-004
1.050926127745649e-009	-4.728200e-004
1.051779603091462e-009	-8.283338e-004
1.052633078437274e-009	-1.181671e-003
1.053486553783087e-009	-1.532831e-003
1.054340029128899e-009	-1.881815e-003
1.055193504474712e-009	-2.228623e-003
1.056372170634486e-009	-2.675762e-003
1.057695271186290e-009	-3.138472e-003
1.058894219926671e-009	-3.513377e-003
1.059992420334765e-009	-3.812928e-003
1.061188528571917e-009	-4.084909e-003
1.062301305521816e-009	-4.282222e-003
1.063524606094613e-009	-4.432335e-003
1.064793231887409e-009	-4.510379e-003
1.066035958156272e-009	-4.507991e-003
1.067191989841473e-009	-4.435318e-003
1.068341215079306e-009	-4.296884e-003
1.069549172005656e-009	-4.083037e-003
1.070856549584452e-009	-3.777890e-003
1.072084139321762e-009	-3.428091e-003
1.073284359370840e-009	-3.034440e-003
1.075555146404953e-009	-2.180234e-003
1.076421256174745e-009	-1.818306e-003
1.077287365944537e-009	-1.456369e-003
1.078153475714328e-009	-1.094423e-003
1.079019585484120e-009	-7.324675e-004
1.079885695253912e-009	-3.705031e-004
1.080751805023703e-009	-8.529634e-006
1.081617914793495e-009	3.534529e-004
1.082948949692531e-009	8.722903e-004
1.084179741805793e-009	1.319001e-003
1.085318986416365e-009	1.698306e-003
1.086511835373622e-009	2.055561e-003
1.087666345798080e-009	2.359275e-003
1.088798678802438e-009	2.614894e-003
1.089998242389205e-009	2.838872e-003
1.091299274724538e-009	3.027159e-003
1.092515575816272e-009	3.152511e-003
1.093658225475586e-009	3.226999e-003
1.094793660819798e-009	3.261198e-003
1.096137810014514e-009	3.253122e-003
1.098502361925056e-009	3.120834e-003
1.100813090108985e-009	2.861060e-003
1.102043863870739e-009	2.675322e-003
1.103410355857293e-009	2.433577e-003
1.105822329570048e-009	1.922477e-003
1.108125307404174e-009	1.344110e-003
1.110426551734943e-009	6.919231e-004
1.113992035631574e-009	-4.171912e-004
1.117540182821641e-009	-1.539688e-003
1.119878323419860e-009	-2.217566e-003
1.121040068404618e-009	-2.518272e-003
1.122359654052648e-009	-2.820892e-003
1.123655407973759e-009	-3.070696e-003
1.124841146867916e-009	-3.252647e-003
1.126014476184119e-009	-3.384593e-003
1.127159925807470e-009	-3.464397e-003
1.128357261700291e-009	-3.494157e-003
1.129500392482904e-009	-3.470764e-003
1.130595600435365e-009	-3.401332e-003
1.131805164125113e-009	-3.272987e-003
1.132928664662834e-009	-3.107825e-003
1.134062385709611e-009	-2.899965e-003
1.135360520644319e-009	-2.617006e-003
1.136692784120625e-009	-2.284395e-003
1.139081600875109e-009	-1.610031e-003
1.140089624344875e-009	-1.297466e-003
1.141097647814640e-009	-9.896193e-004
1.142105671284406e-009	-6.864897e-004
1.143113694754171e-009	-3.880777e-004
1.144121718223937e-009	-9.438309e-005
1.145129741693702e-009	1.945940e-004
1.146137765163468e-009	4.788536e-004
1.147343098676131e-009	7.884922e-004
1.148500279259874e-009	1.062260e-003
1.149650259673537e-009	1.309405e-003
1.150869582508935e-009	1.542859e-003
1.152133649457619e-009	1.753067e-003
1.153283076154254e-009	1.916085e-003
1.154593548988217e-009	2.069964e-003
1.156863218768987e-009	2.259862e-003
1.159186311135743e-009	2.362638e-003
1.161662155149476e-009	2.383018e-003
1.165096331775223e-009	2.280896e-003
1.168584176884722e-009	2.042032e-003
1.170909330664111e-009	1.813057e-003
1.173245561963904e-009	1.529486e-003
1.175480145571988e-009	1.211084e-003
1.177857911261270e-009	8.276034e-004
1.180228263020316e-009	4.097253e-004
1.183665954509236e-009	-2.264835e-004
1.187140323004676e-009	-8.428385e-004
1.189525389373103e-009	-1.205661e-003
1.191861413890847e-009	-1.480020e-003
1.193044151021663e-009	-1.579668e-003
1.194147268844099e-009	-1.645210e-003
1.195280756900499e-009	-1.682721e-003
1.196498858324609e-009	-1.687294e-003
1.197637874468026e-009	-1.656791e-003
1.198802205856762e-009	-1.590211e-003
1.199933538552265e-009	-1.491341e-003
1.201078821417799e-009	-1.357780e-003
1.202312637118932e-009	-1.178093e-003
1.203487051594240e-009	-9.751453e-004
1.205757648621180e-009	-5.076365e-004
1.208010675285437e-009	2.767855e-005
1.209017550180134e-009	2.887685e-004
1.210024425074830e-009	5.447958e-004
1.211031299969526e-009	7.957604e-004
1.212038174864223e-009	1.041662e-003
1.213045049758919e-009	1.282502e-003
1.214051924653615e-009	1.518279e-003
1.215058799548311e-009	1.748993e-003
1.217329666557038e-009	2.191501e-003
1.218503104551033e-009	2.381858e-003
1.219645502940180e-009	2.539329e-003
1.220922256976844e-009	2.681263e-003
1.222081321541033e-009	2.778330e-003
1.223191634351733e-009	2.842885e-003
1.224392725325159e-009	2.881881e-003
1.225669336802488e-009	2.889237e-003
1.226896733836592e-009	2.864540e-003
1.229302699605372e-009	2.731826e-003
1.231594160156889e-009	2.510712e-003
1.234071110484381e-009	2.178365e-003
1.236457944751527e-009	1.774255e-003
1.238909958414532e-009	1.280192e-003
1.241345579751671e-009	7.180030e-004
1.243707308625160e-009	1.161028e-004
1.245970128019055e-009	-4.973754e-004
1.247218523796775e-009	-8.437182e-004
1.248521120052374e-009	-1.205435e-003
1.249657951295891e-009	-1.517487e-003
1.250861454421384e-009	-1.839719e-003
1.252143688341715e-009	-2.168871e-003
1.253342214852525e-009	-2.458754e-003
1.254622249176886e-009	-2.744399e-003
1.255777678416640e-009	-2.977252e-003
1.256991596000409e-009	-3.192786e-003
1.258169906948493e-009	-3.370767e-003
1.259443310568331e-009	-3.526097e-003
1.260619919258751e-009	-3.634047e-003
1.262926242377284e-009	-3.744733e-003
1.265386687733510e-009	-3.720029e-003
1.267921210986771e-009	-3.556948e-003
1.270284469208636e-009	-3.302463e-003
1.272767439444309e-009	-2.958355e-003
1.275422519064308e-009	-2.538876e-003
1.277758179261689e-009	-2.153731e-003
1.279023046754362e-009	-1.946943e-003
1.280407749465362e-009	-1.726256e-003
1.281716912102459e-009	-1.525646e-003
1.284132315264957e-009	-1.182613e-003
1.286671189776314e-009	-8.667324e-004
1.289282651277991e-009	-5.916235e-004
1.291728543802418e-009	-3.749854e-004
1.295272263827011e-009	-1.091146e-004
1.296527785367855e-009	-2.679238e-005
1.297783306908699e-009	6.227284e-005
1.299038828449543e-009	1.580811e-004
1.300294349990387e-009	2.606323e-004
1.301549871531231e-009	3.699266e-004
1.302805393072075e-009	4.859639e-004
1.304060914612918e-009	6.087442e-004
1.306574645814401e-009	9.060460e-004
1.308975622036873e-009	1.243443e-003
1.311423733132024e-009	1.637922e-003
1.312694667360855e-009	1.865061e-003
1.313965601589687e-009	2.095898e-003
1.315236535818518e-009	2.330434e-003
1.316507470047349e-009	2.568667e-003
1.317778404276180e-009	2.810600e-003
1.319049338505011e-009	3.056230e-003
1.320320272733842e-009	3.305559e-003
1.322685648736482e-009	3.750305e-003
1.325282189643625e-009	4.218050e-003
1.327775790737398e-009	4.642767e-003
1.331584939848189e-009	5.237982e-003
1.335369694229972e-009	5.740953e-003
1.337888083601997e-009	5.996672e-003
1.340470465655146e-009	6.157220e-003
1.342892643664142e-009	6.179758e-003
1.344193634363880e-009	6.128922e-003
1.345599034184398e-009	6.018077e-003
1.347914544499414e-009	5.698776e-003
1.349129223993939e-009	5.460599e-003
1.350369925749220e-009	5.167382e-003
1.351662402291325e-009	4.810347e-003
1.353975574744294e-009	4.052746e-003
1.356449671069876e-009	3.110288e-003
1.359181073448084e-009	1.983272e-003
1.361610383100261e-009	9.793405e-004
1.362831852588439e-009	4.971242e-004
1.364097437496737e-009	2.512974e-005
1.365532426016523e-009	-4.658781e-004
1.366826940048906e-009	-8.610160e-004
1.368034914052596e-009	-1.183565e-003
1.369307845338127e-009	-1.471554e-003
1.370580886457554e-009	-1.704309e-003
1.371861922253376e-009	-1.882338e-003
1.373005836537949e-009	-1.994582e-003
1.374287569983985e-009	-2.070470e-003
1.375506024567617e-009	-2.097086e-003
1.376810759163883e-009	-2.081387e-003
1.378246156400877e-009	-2.018503e-003
1.380591914910885e-009	-1.835043e-003
1.381816289406925e-009	-1.711318e-003
1.383214089550860e-009	-1.556254e-003
1.384617523260454e-009	-1.393399e-003
1.385797377412973e-009	-1.256367e-003
1.386941815111065e-009	-1.127621e-003
1.388173385107330e-009	-9.976387e-004
1.389607706811339e-009	-8.623405e-004
1.391000589013638e-009	-7.520037e-004
1.392182232552752e-009	-6.776977e-004
1.393329324214247e-009	-6.247582e-004
1.394567576615063e-009	-5.909014e-004
1.396028012671605e-009	-5.846636e-004
1.397415244116503e-009	-6.148566e-004
1.398610594551544e-009	-6.707456e-004
1.399764953492393e-009	-7.521592e-004
1.401006325733596e-009	-8.708235e-004
1.402485858779565e-009	-1.055442e-003
1.403871029864684e-009	-1.271408e-003
1.405070260929072e-009	-1.492033e-003
1.406227589416436e-009	-1.734031e-003
1.407472459927763e-009	-2.025035e-003
1.408989878754621e-009	-2.419829e-003
1.411553114803119e-009	-3.172847e-003
1.415456163757424e-009	-4.448988e-003
1.418064426782948e-009	-5.309607e-003
1.420480333477043e-009	-6.046867e-003
1.421975868560700e-009	-6.450277e-003
1.423374346312254e-009	-6.778845e-003
1.425777282534893e-009	-7.210131e-003
1.427028626110194e-009	-7.359233e-003
1.428512244045776e-009	-7.464114e-003
1.429921082274472e-009	-7.490186e-003
1.431272245682565e-009	-7.448634e-003
1.433748556707669e-009	-7.213608e-003
1.436405753127099e-009	-6.767024e-003
1.440108188486308e-009	-5.924514e-003
1.442718184567934e-009	-5.275025e-003
1.445122478084721e-009	-4.706050e-003
1.446388554727182e-009	-4.435208e-003
1.447870757140528e-009	-4.153733e-003
1.449309815320897e-009	-3.923621e-003
1.450638248500972e-009	-3.753317e-003
1.451922177518845e-009	-3.629567e-003
1.453142251462686e-009	-3.550062e-003
1.454474994759043e-009	-3.505345e-003
1.455742884550028e-009	-3.502281e-003
1.456967868567229e-009	-3.533679e-003
1.458292292343708e-009	-3.602154e-003
1.459488149423262e-009	-3.691234e-003
1.460870639013958e-009	-3.820919e-003
1.462150206590718e-009	-3.961041e-003
1.463381143455751e-009	-4.108430e-003
1.464709155072267e-009	-4.274690e-003
1.468841894979087e-009	-4.760946e-003
1.471457243333641e-009	-4.967242e-003
1.472692565047994e-009	-5.016838e-003
1.474000307711842e-009	-5.026906e-003
1.475282000233059e-009	-4.988333e-003
1.476653310965097e-009	-4.887382e-003
1.477900971507145e-009	-4.736903e-003
1.479175522561947e-009	-4.521014e-003
1.480495247338487e-009	-4.227522e-003
1.481775964232469e-009	-3.871977e-003
1.483147521870993e-009	-3.412142e-003
1.484395538279511e-009	-2.922272e-003
1.485674506836592e-009	-2.350475e-003
1.486977892957708e-009	-1.697344e-003
1.488249798846117e-009	-9.949523e-004
1.489619632258850e-009	-1.722532e-004
1.490869686310805e-009	6.323821e-004
1.492152273245467e-009	1.503828e-003
1.493460922832469e-009	2.432056e-003
1.496099665871719e-009	4.381923e-003
1.498636162250607e-009	6.282697e-003
1.501213594439509e-009	8.148738e-003
1.503836228039636e-009	9.885718e-003
1.506439451326431e-009	1.136135e-002
1.507855552853824e-009	1.203293e-002
1.509135305107223e-009	1.254962e-002
1.510468191270659e-009	1.298968e-002
1.511691714432961e-009	1.330090e-002
1.512952965881041e-009	1.352512e-002
1.514218238123552e-009	1.364906e-002
1.515577293793515e-009	1.366798e-002
1.516848134104844e-009	1.357845e-002
1.518137030771467e-009	1.338281e-002
1.519456088397502e-009	1.307559e-002
1.520862611691060e-009	1.263294e-002
1.522146851921315e-009	1.212991e-002
1.523367386263032e-009	1.156975e-002
1.524667914047659e-009	1.089170e-002
1.526120652606935e-009	1.004535e-002
1.527446633240186e-009	9.201251e-003
1.528795075509355e-009	8.284761e-003
1.530094627909957e-009	7.357849e-003
1.531366180774105e-009	6.421449e-003
1.532631619313248e-009	5.472870e-003
1.533894228106383e-009	4.522391e-003
1.535244985250717e-009	3.515877e-003
1.536543611139475e-009	2.572557e-003
1.537825644342858e-009	1.678795e-003
1.539099573387516e-009	8.408805e-004
1.540366862539737e-009	6.950780e-005
1.541717707216451e-009	-6.711431e-004
1.543024299652046e-009	-1.295708e-003
1.544306799167568e-009	-1.810739e-003
1.545583369030490e-009	-2.218585e-003
1.546994656325661e-009	-2.539735e-003
1.548264990934594e-009	-2.707297e-003
1.549486495599802e-009	-2.756961e-003
1.550798983290023e-009	-2.687558e-003
1.552106554867890e-009	-2.492996e-003
1.553509888090489e-009	-2.148602e-003
1.554790673276656e-009	-1.716954e-003
1.556021536374923e-009	-1.203087e-003
1.557335647354982e-009	-5.560274e-004
1.558642633356499e-009	1.780664e-004
1.560040498045526e-009	1.049353e-003
1.561326024219215e-009	1.915974e-003
1.562562452023482e-009	2.795504e-003
1.563878337670804e-009	3.766417e-003
1.566635687137957e-009	5.848059e-003
1.569303364875565e-009	7.807720e-003
1.571887960561876e-009	9.529507e-003
1.573270462891111e-009	1.033952e-002
1.574596248701752e-009	1.102536e-002
1.575938940341671e-009	1.161665e-002
1.577205930263079e-009	1.206967e-002
1.578471922099175e-009	1.241273e-002
1.579854231721402e-009	1.265513e-002
1.581219995668468e-009	1.275406e-002
1.582539723707833e-009	1.271418e-002
1.583829835433642e-009	1.254606e-002
1.585113221211915e-009	1.225379e-002
1.586485839291089e-009	1.180737e-002
1.587761761372883e-009	1.127397e-002
1.589130023934606e-009	1.058380e-002
1.590391032415126e-009	9.848381e-003
1.591653169396733e-009	9.027228e-003
1.593031626481325e-009	8.046512e-003
1.594299347891445e-009	7.080062e-003
1.595679417094872e-009	5.973797e-003
1.596929027830937e-009	4.937116e-003
1.599566500438420e-009	2.701558e-003
1.602216322270659e-009	4.911173e-004
1.603465175505240e-009	-5.052784e-004
1.604725536372845e-009	-1.465801e-003
1.606106063114473e-009	-2.453822e-003
1.607357569195806e-009	-3.282243e-003
1.608614054675039e-009	-4.041421e-003
1.609938352576216e-009	-4.755677e-003
1.611340347176649e-009	-5.409155e-003
1.612664649911680e-009	-5.924785e-003
1.613903020349666e-009	-6.314939e-003
1.615292118789429e-009	-6.645355e-003
1.616584465765507e-009	-6.851145e-003
1.617878524816319e-009	-6.960638e-003
1.619254004685585e-009	-6.974352e-003
1.620537566299782e-009	-6.895892e-003
1.621914511351070e-009	-6.719913e-003
1.623246296388543e-009	-6.466213e-003
1.624649786396146e-009	-6.118993e-003
1.626017370568835e-009	-5.711417e-003
1.627436495958931e-009	-5.227576e-003
1.630001505413410e-009	-4.234733e-003
1.630996385296747e-009	-3.811237e-003
1.631991265180083e-009	-3.390043e-003
1.632986145063420e-009	-2.971152e-003
1.633981024946756e-009	-2.554562e-003
1.634975904830093e-009	-2.140274e-003
1.635970784713429e-009	-1.728288e-003
1.636965664596765e-009	-1.318604e-003
1.638286521125704e-009	-8.141540e-004
1.639511591795777e-009	-3.789364e-004
1.640757300860699e-009	2.517721e-005
1.642115149259180e-009	4.152714e-004
1.643512551033626e-009	7.559602e-004
1.644872438413764e-009	1.023555e-003
1.646104239849716e-009	1.208511e-003
1.647350669417094e-009	1.338146e-003
1.648711747861290e-009	1.412475e-003
1.650102537849471e-009	1.415785e-003
1.651476228548672e-009	1.347940e-003
1.652712571384928e-009	1.228100e-003
1.653963437478157e-009	1.052571e-003
1.655325536048779e-009	8.029265e-004
1.656711699734898e-009	4.909872e-004
1.658130693257804e-009	1.172580e-004
1.659400151605841e-009	-2.581388e-004
1.660666281113610e-009	-6.653425e-004
1.663409738682834e-009	-1.631403e-003
1.667674630842185e-009	-3.232897e-003
1.670442958592791e-009	-4.239073e-003
1.671708953843403e-009	-4.670083e-003
1.672969333748224e-009	-5.073811e-003
1.674361234520711e-009	-5.484830e-003
1.675752746062244e-009	-5.854269e-003
1.677148198176583e-009	-6.178780e-003
1.678426242249120e-009	-6.432677e-003
1.679692350573524e-009	-6.641313e-003
1.681078873946339e-009	-6.819260e-003
1.682466997965057e-009	-6.943609e-003
1.683921270398335e-009	-7.015925e-003
1.685214892791688e-009	-7.030826e-003
1.686488330801296e-009	-7.000912e-003
1.687869736473576e-009	-6.919915e-003
1.689258154671091e-009	-6.789580e-003
1.690820638107305e-009	-6.587443e-003
1.692309674887872e-009	-6.343757e-003
1.693660394315982e-009	-6.083116e-003
1.695031006090030e-009	-5.783921e-003
1.696430816370415e-009	-5.446485e-003
1.699014679056906e-009	-4.755287e-003
1.700007077744101e-009	-4.466140e-003
1.700999476431296e-009	-4.176384e-003
1.701991875118491e-009	-3.886020e-003
1.702984273805686e-009	-3.595049e-003
1.703976672492881e-009	-3.303469e-003
1.704969071180076e-009	-3.011281e-003
1.705961469867271e-009	-2.718485e-003
1.708748432716960e-009	-1.965651e-003
1.710203632102554e-009	-1.616943e-003
1.711512225802439e-009	-1.337267e-003
1.712808030875992e-009	-1.096916e-003
1.714196612246233e-009	-8.843673e-004
1.715603945809955e-009	-7.203609e-004
1.716943685194444e-009	-6.149983e-004
1.718236465465309e-009	-5.617003e-004
1.719675407541472e-009	-5.585689e-004
1.720992657609865e-009	-6.067426e-004
1.722540999414768e-009	-7.228492e-004
1.723937869697336e-009	-8.789471e-004
1.725247029289718e-009	-1.064948e-003
1.726664763309280e-009	-1.303698e-003
1.729535418017489e-009	-1.876171e-003
1.733589660251253e-009	-2.771909e-003
1.736388557890954e-009	-3.352221e-003
1.739153598772736e-009	-3.821421e-003
1.740477932538466e-009	-3.993329e-003
1.741970563702752e-009	-4.137456e-003
1.743353886122870e-009	-4.219422e-003
1.744669799474200e-009	-4.247939e-003
1.746104605015889e-009	-4.221523e-003
1.747503746140319e-009	-4.136678e-003
1.748900610491951e-009	-3.993615e-003
1.750232540285854e-009	-3.803843e-003
1.751552344330324e-009	-3.566334e-003
1.752971802588418e-009	-3.259210e-003
1.754437795893842e-009	-2.890544e-003
1.755833081624085e-009	-2.496573e-003
1.758628568952352e-009	-1.606721e-003
1.761419680304393e-009	-6.328044e-004
1.765605146249186e-009	8.508360e-004
1.768360020573187e-009	1.754874e-003
1.769707773483448e-009	2.156730e-003
1.771045357327766e-009	2.522275e-003
1.772476471872781e-009	2.871741e-003
1.773940778362173e-009	3.180398e-003
1.775333147866555e-009	3.424801e-003
1.776683681172301e-009	3.614058e-003
1.778157519921806e-009	3.765571e-003
1.779509284492610e-009	3.853773e-003
1.780936535758195e-009	3.894823e-003
1.782344451839272e-009	3.884402e-003
1.783705453544729e-009	3.828445e-003
1.785156291522373e-009	3.722376e-003
1.786568700313181e-009	3.576942e-003
1.789298775641499e-009	3.195214e-003
1.792155664428381e-009	2.689648e-003
1.795286817744861e-009	2.069495e-003
1.799676743266331e-009	1.211118e-003
1.802496849722503e-009	7.402122e-004
1.803987763337852e-009	5.332071e-004
1.805356390495468e-009	3.735819e-004
1.806804484181502e-009	2.392251e-004
1.808382364367045e-009	1.353408e-004
1.809811816487345e-009	8.029611e-005
1.811271250429282e-009	6.210823e-005
1.812682805176878e-009	7.977879e-005
1.814063582586611e-009	1.285700e-004
1.815460211453790e-009	2.068413e-004
1.816951300194419e-009	3.186365e-004
1.819960497492697e-009	6.136837e-004
1.822956343936799e-009	9.638611e-004
1.827260354084720e-009	1.480992e-003
1.831663503640841e-009	1.932187e-003
1.834670529765674e-009	2.160387e-003
1.837567053385576e-009	2.309974e-003
1.840635583374038e-009	2.395057e-003
1.843574368355897e-009	2.412705e-003
1.846346620485400e-009	2.380033e-003
1.849322977675565e-009	2.299556e-003
1.852319749980915e-009	2.176916e-003
1.855327470160457e-009	2.014974e-003
1.858217799717320e-009	1.823330e-003
1.861179180477034e-009	1.590121e-003
1.864081691901774e-009	1.326023e-003
1.868681889212056e-009	8.447398e-004
1.870149194659072e-009	6.738647e-004
1.871616500106088e-009	5.049834e-004
1.873083805553103e-009	3.380960e-004
1.874551111000119e-009	1.732023e-004
1.876018416447135e-009	1.030251e-005
1.877485721894150e-009	-1.506035e-004
1.878953027341166e-009	-3.095156e-004
1.881946163467666e-009	-5.894232e-004
1.883434199726317e-009	-7.080592e-004
1.884952221313304e-009	-8.127436e-004
1.886484596596313e-009	-9.004310e-004
1.889445656659194e-009	-1.016268e-003
1.892508983088114e-009	-1.062736e-003
1.895505452619042e-009	-1.043955e-003
1.899895577511460e-009	-9.328478e-004
1.901585981713743e-009	-8.664568e-004
1.903276385916027e-009	-8.054089e-004
1.904966790118311e-009	-7.497042e-004
1.906657194320594e-009	-6.993425e-004
1.908347598522878e-009	-6.543241e-004
1.910038002725161e-009	-6.146487e-004
1.911728406927445e-009	-5.803165e-004
1.914768545488171e-009	-5.683108e-004
1.917736239222822e-009	-6.070089e-004
1.920781955145215e-009	-7.000840e-004
1.923747385493228e-009	-8.394125e-004
1.926784764829809e-009	-1.024038e-003
1.931405555697160e-009	-1.358034e-003
1.933336361741433e-009	-1.516416e-003
1.935267167785705e-009	-1.660893e-003
1.937197973829977e-009	-1.791466e-003
1.939128779874249e-009	-1.908133e-003
1.941059585918521e-009	-2.010895e-003
1.942990391962794e-009	-2.099752e-003
1.944921198007066e-009	-2.174703e-003
1.947970291315191e-009	-2.220781e-003
1.951034770007733e-009	-2.193438e-003
1.953926883722734e-009	-2.099833e-003
1.957012722559666e-009	-1.933791e-003
1.960096478706605e-009	-1.712465e-003
1.963120196415311e-009	-1.459162e-003
1.966197662896411e-009	-1.185062e-003
1.970771064735427e-009	-7.909062e-004
1.975336731760753e-009	-4.581489e-004
1.979859776807962e-009	-2.089427e-004
1.984482555329226e-009	-2.557904e-005
1.987602797133745e-009	7.144765e-005
1.990675384578124e-009	1.542594e-004
1.993800808144544e-009	2.275627e-004
1.996882558275537e-009	2.852896e-004
2.000018779706955e-009	3.209225e-004
2.003109160966856e-009	3.241368e-004
2.006273667606281e-009	2.884294e-004
2.010866618391624e-009	1.696526e-004
2.012400668929449e-009	1.108801e-004
2.013934719467275e-009	5.465017e-005
2.015468770005100e-009	9.626742e-007
2.017002820542926e-009	-5.018235e-005
2.018536871080751e-009	-9.878489e-005
2.020070921618577e-009	-1.448450e-004
2.021604972156402e-009	-1.883625e-004
2.024886844031664e-009	-2.319824e-004
2.027983901517717e-009	-2.178872e-004
2.031035596965172e-009	-1.462188e-004
2.034161746237302e-009	-1.388251e-005
2.037371406904301e-009	1.780205e-004
2.042113371984099e-009	5.404823e-004
2.043687409880846e-009	6.810875e-004
2.045261447777593e-009	8.166083e-004
2.046835485674340e-009	9.470446e-004
2.048409523571088e-009	1.072397e-003
2.049983561467835e-009	1.192664e-003
2.051557599364583e-009	1.307847e-003
2.053131637261330e-009	1.417946e-003
2.056298933901667e-009	1.573903e-003
2.059417238243795e-009	1.647610e-003
2.062577697640022e-009	1.631083e-003
2.065752238991172e-009	1.521670e-003
2.068910833038015e-009	1.330460e-003
2.073609310018296e-009	9.363724e-004
2.075166284593085e-009	7.804256e-004
2.076723259167873e-009	6.311689e-004
2.078280233742662e-009	4.886023e-004
2.079837208317450e-009	3.527258e-004
2.081394182892239e-009	2.235394e-004
2.082951157467027e-009	1.010431e-004
2.084508132041816e-009	-1.476313e-005
2.086118572080421e-009	-1.059933e-004
2.087686967602787e-009	-1.730640e-004
2.089431212469573e-009	-2.195467e-004
2.091032391227052e-009	-2.342598e-004
2.092634988036989e-009	-2.209894e-004
2.094213280756917e-009	-1.802269e-004
2.095795221327300e-009	-1.123115e-004
2.097315589925127e-009	-2.277781e-005
2.098943276702012e-009	9.708577e-005
2.102080846943205e-009	3.853403e-004
2.103473173666456e-009	5.393973e-004
2.104865500389706e-009	6.905221e-004
2.106257827112956e-009	8.387148e-004
2.107650153836206e-009	9.839754e-004
2.109042480559456e-009	1.126304e-003
2.110434807282706e-009	1.265700e-003
2.111827134005956e-009	1.402164e-003
2.113393909725930e-009	1.528530e-003
2.115144267253050e-009	1.643923e-003
2.116776113871149e-009	1.724048e-003
2.118399421078115e-009	1.775490e-003
2.119977755089804e-009	1.797633e-003
2.121570184401258e-009	1.792156e-003
2.123119514263104e-009	1.760772e-003
2.126330208737940e-009	1.620401e-003
2.129651149037911e-009	1.384730e-003
2.134609981733246e-009	9.137069e-004
2.136490688978798e-009	7.032223e-004
2.138371396224350e-009	4.960811e-004
2.140252103469902e-009	2.922835e-004
2.142132810715454e-009	9.182942e-005
2.144013517961006e-009	-1.052812e-004
2.145894225206558e-009	-2.990483e-004
2.147774932452110e-009	-4.894718e-004
2.151058049598157e-009	-7.673153e-004
2.154238608293478e-009	-9.768797e-004
2.157527316379537e-009	-1.120478e-003
2.160958031477319e-009	-1.185237e-003
2.164238146830800e-009	-1.168262e-003
2.167387256078032e-009	-1.088974e-003
2.170682728408972e-009	-9.565777e-004
2.175758841471021e-009	-7.038686e-004
2.180614962328513e-009	-4.742891e-004
2.183918145954584e-009	-3.571591e-004
2.187339484540698e-009	-2.850595e-004
2.190639627609767e-009	-2.686554e-004
2.194036843077727e-009	-3.048853e-004
2.197335994747355e-009	-3.838855e-004
2.202225558801485e-009	-5.519928e-004
2.204131180979913e-009	-6.316531e-004
2.206036803158340e-009	-7.015933e-004
2.207942425336768e-009	-7.618135e-004
2.209848047515195e-009	-8.123135e-004
2.211753669693623e-009	-8.530935e-004
2.213659291872050e-009	-8.841534e-004
2.215564914050478e-009	-9.054932e-004
2.218926079616165e-009	-8.859963e-004
2.222265329924569e-009	-8.062103e-004
2.225644567833943e-009	-6.643730e-004
2.228987858709698e-009	-4.688556e-004
2.234057592472197e-009	-9.149754e-005
2.235730258276110e-009	5.387889e-005
2.237402924080023e-009	1.950631e-004
2.239075589883936e-009	3.320550e-004
2.240748255687848e-009	4.648547e-004
2.242420921491761e-009	5.934621e-004
2.244093587295674e-009	7.178772e-004
2.245766253099586e-009	8.381002e-004
2.249148601037006e-009	1.020445e-003
2.250844283236595e-009	1.083870e-003
2.252568995330941e-009	1.126657e-003
2.254226484596704e-009	1.145993e-003
2.255946059904169e-009	1.142913e-003
2.257611470688444e-009	1.117544e-003
2.259358297389251e-009	1.068025e-003
2.261001353327102e-009	1.001278e-003
2.262730777764152e-009	9.118061e-004
2.266146597332914e-009	6.866861e-004
2.271220759967903e-009	2.746425e-004
2.276317998855136e-009	-1.668955e-004
2.279736495718326e-009	-4.466461e-004
2.283147136914991e-009	-6.946037e-004
2.286576074605347e-009	-8.987846e-004
2.288376221813831e-009	-9.832960e-004
2.290005578667232e-009	-1.044183e-003
2.291814843575966e-009	-1.092522e-003
2.293445912553215e-009	-1.117244e-003
2.295236938309753e-009	-1.122206e-003
2.296884143818625e-009	-1.105180e-003
2.300331049766195e-009	-9.998523e-004
2.303781107747554e-009	-8.009773e-004
2.307246770258459e-009	-5.176933e-004
2.312393922233528e-009	8.141320e-006
2.317677282772041e-009	5.768912e-004
2.321152530865186e-009	9.056101e-004
2.322801554778641e-009	1.037499e-003
2.324595830746458e-009	1.158910e-003
2.326282604485350e-009	1.249767e-003
2.328065181936037e-009	1.319450e-003
2.329761561302596e-009	1.359725e-003
2.331510376808956e-009	1.374463e-003
2.333272817554893e-009	1.362404e-003
2.334992356313163e-009	1.325901e-003
2.338463147968130e-009	1.186519e-003
2.343600870870904e-009	8.660347e-004
2.348866183505285e-009	4.994908e-004
2.352377488078171e-009	2.988612e-004
2.354133565559368e-009	2.256410e-004
2.355886134813834e-009	1.756266e-004
2.357611681553107e-009	1.515888e-004
2.359456187156434e-009	1.554920e-004
2.361154365452528e-009	1.867713e-004
2.362960209775602e-009	2.485926e-004
2.364663285652188e-009	3.322140e-004
2.366332878623918e-009	4.354202e-004
2.369827852015736e-009	7.030957e-004
2.371351481256261e-009	8.441620e-004
2.372875110496786e-009	9.766590e-004
2.374398739737310e-009	1.100587e-003
2.375922368977835e-009	1.215946e-003
2.377445998218360e-009	1.322735e-003
2.378969627458885e-009	1.420955e-003
2.380493256699410e-009	1.510606e-003
2.382301594350519e-009	1.573953e-003
2.384021409138729e-009	1.599172e-003
2.385692912955930e-009	1.587192e-003
2.387508165520203e-009	1.530255e-003
2.389213857967278e-009	1.433205e-003
2.391062637981721e-009	1.279454e-003
2.392852335674216e-009	1.082953e-003
2.394631918505032e-009	8.428260e-004
2.396375586616470e-009	5.671773e-004
2.398259245462982e-009	2.292641e-004
2.400000664556335e-009	-1.149005e-004
2.403558048757969e-009	-8.855709e-004
2.408790787809189e-009	-2.068130e-003
2.412472030942125e-009	-2.826479e-003
2.414275051715341e-009	-3.147844e-003
2.416028384102144e-009	-3.417954e-003
2.417753629383195e-009	-3.636280e-003
2.419606547571772e-009	-3.812023e-003
2.421330370853333e-009	-3.916446e-003
2.423192383386187e-009	-3.961625e-003
2.425084987915409e-009	-3.933607e-003
2.426846405299761e-009	-3.840334e-003
2.428646326979220e-009	-3.679554e-003
2.430519636051858e-009	-3.445286e-003
2.432344407996873e-009	-3.156332e-003
2.434124766824923e-009	-2.822749e-003
2.435937624603672e-009	-2.438197e-003
2.437656106141898e-009	-2.039645e-003
2.441251241637099e-009	-1.136792e-003
2.445009674446983e-009	-1.682592e-004
2.446836695216132e-009	2.830010e-004
2.448618049380445e-009	6.966378e-004
2.450340842776357e-009	1.063184e-003
2.452236117448911e-009	1.419244e-003
2.453956755305050e-009	1.693073e-003
2.455895313093122e-009	1.938640e-003
2.457742850593405e-009	2.106432e-003
2.459565635082270e-009	2.206324e-003
2.461358181864212e-009	2.240753e-003
2.463115597715344e-009	2.214651e-003
2.465011835720467e-009	2.123800e-003
2.466746870774521e-009	1.988424e-003
2.468672053114878e-009	1.787288e-003
2.470555317946245e-009	1.547339e-003
2.474177637625779e-009	1.003176e-003
2.479788605917623e-009	1.042218e-004
2.481628607131417e-009	-1.642299e-004
2.483387217870083e-009	-3.942810e-004
2.485259280295763e-009	-6.027697e-004
2.487032627924202e-009	-7.595838e-004
2.488791374898567e-009	-8.712285e-004
2.490709284327192e-009	-9.392577e-004
2.492455001260643e-009	-9.504408e-004
2.494392504353395e-009	-9.055429e-004
2.496299013761586e-009	-8.036089e-004
2.498125974955028e-009	-6.547706e-004
2.499952551851716e-009	-4.599149e-004
2.501936115982593e-009	-2.023970e-004
2.503744619127345e-009	6.751977e-005
2.507459426253631e-009	6.949097e-004
2.513084996249398e-009	1.695694e-003
2.516872965815481e-009	2.292677e-003
2.518703441489172e-009	2.533874e-003
2.520609486435582e-009	2.742663e-003
2.522526527768961e-009	2.903396e-003
2.524334536292245e-009	3.005925e-003
2.526215574410268e-009	3.059661e-003
2.528192086341489e-009	3.057249e-003
2.530016732988006e-009	3.002397e-003
2.531878538355133e-009	2.896902e-003
2.533779340461842e-009	2.741699e-003
2.535691853706772e-009	2.542679e-003
2.539415599228778e-009	2.058044e-003
2.548911250023894e-009	6.067422e-004
2.550730910867235e-009	3.515157e-004
2.552654373515153e-009	1.050617e-004
2.554612154806160e-009	-1.160147e-004
2.556438487040269e-009	-2.914000e-004
2.558335348955247e-009	-4.390830e-004
2.560257564351997e-009	-5.509663e-004
2.562150168193547e-009	-6.230481e-004
2.563988073437856e-009	-6.569505e-004
2.565915494926433e-009	-6.553884e-004
2.567848498974397e-009	-6.177701e-004
2.569684766506314e-009	-5.514054e-004
2.571604854024512e-009	-4.539854e-004
2.575424713189383e-009	-1.942539e-004
2.576781663594847e-009	-8.180776e-005
2.578138614000312e-009	2.891367e-005
2.579495564405777e-009	1.379104e-004
2.580852514811242e-009	2.451824e-004
2.582209465216707e-009	3.507298e-004
2.583566415622172e-009	4.545525e-004
2.584923366027637e-009	5.566505e-004
2.588740222464639e-009	7.723398e-004
2.590653737278757e-009	8.411083e-004
2.592569544487472e-009	8.790044e-004
2.594493718095759e-009	8.837139e-004
2.596341957141924e-009	8.557743e-004
2.598292018097477e-009	7.918756e-004
2.600234631351405e-009	6.942581e-004
2.602091891410285e-009	5.712689e-004
2.604038917621084e-009	4.143366e-004
2.607869485211143e-009	3.790155e-005
2.609518254831670e-009	-1.531056e-004
2.611167024452196e-009	-3.424553e-004
2.612815794072723e-009	-5.301475e-004
2.614464563693250e-009	-7.161823e-004
2.616113333313776e-009	-9.005596e-004
2.617762102934303e-009	-1.083279e-003
2.619410872554829e-009	-1.264342e-003
2.623228138609784e-009	-1.606812e-003
2.625154521189025e-009	-1.741890e-003
2.627086326730799e-009	-1.847669e-003
2.628965452896165e-009	-1.920029e-003
2.630932719071131e-009	-1.962325e-003
2.632870722095185e-009	-1.970352e-003
2.634753029256933e-009	-1.946933e-003
2.638673832957939e-009	-1.807305e-003
2.642509696934139e-009	-1.572245e-003
2.648290870996045e-009	-1.105138e-003
2.654118189665994e-009	-6.051232e-004
2.658051646871337e-009	-3.067847e-004
2.661914069214954e-009	-7.363125e-005
2.663888783929900e-009	1.721814e-005
2.665823407368489e-009	8.583608e-005
2.667742345503841e-009	1.332957e-004
2.669745538713794e-009	1.608091e-004
2.671703742600600e-009	1.663662e-004
2.673611537637897e-009	1.523999e-004
2.677570039378166e-009	6.894250e-005
2.681463711836952e-009	-6.956796e-005
2.683439248437289e-009	-1.622831e-004
2.685414785037625e-009	-2.514795e-004
2.687390321637962e-009	-3.371569e-004
2.689365858238298e-009	-4.193156e-004
2.691341394838635e-009	-4.979554e-004
2.693316931438972e-009	-5.730763e-004
2.695292468039308e-009	-6.446784e-004
2.699185176072051e-009	-7.290234e-004
2.703160649212808e-009	-7.495552e-004
2.707071018578816e-009	-7.012360e-004
2.711053568954233e-009	-5.858615e-004
2.715102277174216e-009	-4.105495e-004
2.719018552015591e-009	-2.001972e-004
2.724989413728748e-009	1.550380e-004
2.730971849498813e-009	4.829401e-004
2.735037085301417e-009	6.465196e-004
2.736987637446880e-009	6.992546e-004
2.738976343940329e-009	7.326017e-004
2.741117816708216e-009	7.434348e-004
2.743070726672019e-009	7.295195e-004
2.745067385327437e-009	6.914324e-004
2.747139514261321e-009	6.269135e-004
2.749142813799765e-009	5.417012e-004
2.753165812245181e-009	3.125580e-004
2.759192173717688e-009	-1.206171e-004
2.765266538011797e-009	-5.541588e-004
2.769369275746990e-009	-7.802713e-004
2.771402043722442e-009	-8.602851e-004
2.773552067888323e-009	-9.176274e-004
2.775534410297200e-009	-9.438996e-004
2.777544584477288e-009	-9.436100e-004
2.779664593869289e-009	-9.140380e-004
2.781681763668867e-009	-8.590373e-004
2.785769890493959e-009	-6.760630e-004
2.789803119864625e-009	-4.238158e-004
2.791566182657451e-009	-2.916077e-004
2.793329245450277e-009	-1.639574e-004
2.795092308243103e-009	-4.086497e-005
2.796855371035929e-009	7.766970e-005
2.798618433828755e-009	1.916466e-004
2.800381496621582e-009	3.010657e-004
2.802144559414408e-009	4.059269e-004
2.804219311620571e-009	5.006679e-004
2.806175004334186e-009	5.681101e-004
2.808275498930743e-009	6.144933e-004
2.810225124169021e-009	6.321697e-004
2.812143719323510e-009	6.253844e-004
2.814273447457968e-009	5.905012e-004
2.818176420343454e-009	4.588750e-004
2.822250221716088e-009	2.494712e-004
2.824032566427605e-009	1.347585e-004
2.825814911139122e-009	2.514746e-005
2.827597255850640e-009	-7.936205e-005
2.829379600562157e-009	-1.787700e-004
2.831161945273675e-009	-2.730764e-004
2.832944289985192e-009	-3.622812e-004
2.834726634696710e-009	-4.463845e-004
2.836853002135916e-009	-5.153932e-004
2.839017035824897e-009	-5.586258e-004
2.841017375428211e-009	-5.721675e-004
2.843107490511688e-009	-5.579444e-004
2.845082317227048e-009	-5.176839e-004
2.847206153455050e-009	-4.460974e-004
2.851111137071048e-009	-2.443941e-004
2.855224762080646e-009	4.771904e-005
2.857003737775262e-009	1.998568e-004
2.858782713469879e-009	3.510535e-004
2.860561689164495e-009	5.013090e-004
2.862340664859112e-009	6.506235e-004
2.864119640553728e-009	7.989968e-004
2.865898616248345e-009	9.464289e-004
2.867677591942961e-009	1.092920e-003
2.871945018082542e-009	1.372698e-003
2.873936967602464e-009	1.470721e-003
2.876112486602321e-009	1.549940e-003
2.878238492795826e-009	1.597548e-003
2.880283498707112e-009	1.614955e-003
2.882406245318169e-009	1.604208e-003
2.884599012019375e-009	1.564250e-003
2.888764590317697e-009	1.419986e-003
2.890586535380131e-009	1.327185e-003
2.892408480442565e-009	1.234079e-003
2.894230425504998e-009	1.140666e-003
2.896052370567432e-009	1.046947e-003
2.897874315629866e-009	9.529218e-004
2.899696260692300e-009	8.585908e-004
2.901518205754734e-009	7.639539e-004
2.903757989670394e-009	6.713814e-004
2.905782955771664e-009	6.039622e-004
2.907930133046881e-009	5.520612e-004
2.909950774170746e-009	5.232660e-004
2.912111094532445e-009	5.150092e-004
2.914139021258223e-009	5.285891e-004
2.916115923378689e-009	5.611328e-004
2.920315674162334e-009	6.867707e-004
2.924509449491343e-009	8.692368e-004
2.926313952012639e-009	9.657464e-004
2.928118454533935e-009	1.054546e-003
2.929922957055230e-009	1.135634e-003
2.931727459576525e-009	1.209012e-003
2.933531962097821e-009	1.274680e-003
2.935336464619117e-009	1.332638e-003
2.937140967140412e-009	1.382884e-003
2.939281969590659e-009	1.407743e-003
2.941462026287359e-009	1.402223e-003
2.943627866398133e-009	1.363551e-003
2.945693868995204e-009	1.294926e-003
2.947945013951907e-009	1.185434e-003
2.950063208272452e-009	1.051242e-003
2.954388197244112e-009	6.979893e-004
2.955924364820168e-009	5.467923e-004
2.957460532396224e-009	3.946232e-004
2.958996699972279e-009	2.414819e-004
2.960532867548334e-009	8.736853e-005
2.962069035124390e-009	-6.771700e-005
2.963605202700446e-009	-2.237747e-004
2.965141370276501e-009	-3.808044e-004
2.969534640670677e-009	-7.660399e-004
2.971643573772627e-009	-9.173250e-004
2.973894198851714e-009	-1.049248e-003
2.976047919994367e-009	-1.144625e-003
2.978169257840258e-009	-1.208017e-003
2.980421256254883e-009	-1.242453e-003
2.982579387914037e-009	-1.245260e-003
2.986962099909499e-009	-1.172438e-003
2.993509979404820e-009	-9.365203e-004
2.997807585157939e-009	-7.610288e-004
3.000000000000000e-009	-6.812973e-004
