time	V(n_3p)
0.000000000000000e+000	0.000000e+000
1.613332193970575e-010	-4.340249e-006
1.638667655096474e-010	-1.123328e-005
1.664003116222373e-010	-2.659052e-005
1.689338577348271e-010	-5.041199e-005
1.714674038474170e-010	-8.269768e-005
1.740009499600069e-010	-1.234476e-004
1.765344960725968e-010	-1.726617e-004
1.790680421851866e-010	-2.303401e-004
1.802961763307942e-010	-2.646398e-004
1.815243104764018e-010	-2.891885e-004
1.827524446220094e-010	-3.039863e-004
1.839805787676170e-010	-3.090331e-004
1.852087129132246e-010	-3.043290e-004
1.864368470588321e-010	-2.898738e-004
1.876649812044397e-010	-2.656677e-004
1.887439163989937e-010	-2.131090e-004
1.898366085229906e-010	-1.325906e-004
1.909109144373854e-010	-2.020733e-005
1.920107338714498e-010	1.367452e-004
1.931092574297416e-010	3.447027e-004
1.942052040984687e-010	6.131793e-004
1.953189711483258e-010	9.599254e-004
1.964303523602732e-010	1.392774e-003
1.975075052179385e-010	1.907899e-003
1.986249921406818e-010	2.556200e-003
1.997238127955690e-010	3.321383e-003
2.008422810846942e-010	4.246032e-003
2.019566284021300e-010	5.329336e-003
2.030686670797955e-010	6.587373e-003
2.041755714471538e-010	8.030264e-003
2.052948962483197e-010	9.697377e-003
2.063840819982864e-010	1.153325e-002
2.075002006861610e-010	1.364506e-002
2.085786741810227e-010	1.591692e-002
2.096588583135216e-010	1.842797e-002
2.107377310244992e-010	2.117701e-002
2.118160778719417e-010	2.416900e-002
2.129012170374668e-010	2.742782e-002
2.139887569168785e-010	3.094260e-002
2.151123070407818e-010	3.483194e-002
2.161720304029883e-010	3.873561e-002
2.172554728429970e-010	4.295528e-002
2.183456361565228e-010	4.742495e-002
2.194441878080190e-010	5.214444e-002
2.205356525558273e-010	5.703432e-002
2.216017781437973e-010	6.198972e-002
2.237387358128965e-010	7.239273e-002
2.270266337891541e-010	8.935048e-002
2.282442191607221e-010	9.591254e-002
2.294618045322901e-010	1.024540e-001
2.306793899038581e-010	1.089749e-001
2.318969752754261e-010	1.154752e-001
2.331145606469941e-010	1.219548e-001
2.343321460185620e-010	1.284139e-001
2.355497313901300e-010	1.348524e-001
2.377305539651268e-010	1.458464e-001
2.398925402949224e-010	1.560698e-001
2.420212866525178e-010	1.652591e-001
2.441912145523400e-010	1.735032e-001
2.463405945434848e-010	1.803311e-001
2.485146514551610e-010	1.856729e-001
2.506579782651847e-010	1.892205e-001
2.538098717689672e-010	1.910599e-001
2.560444241531175e-010	1.898165e-001
2.592447597834546e-010	1.843665e-001
2.625964662460762e-010	1.743468e-001
2.658291105982434e-010	1.611617e-001
2.691671387089592e-010	1.448922e-001
2.704060590617736e-010	1.382584e-001
2.716449794145880e-010	1.316124e-001
2.728838997674023e-010	1.249542e-001
2.741228201202167e-010	1.182836e-001
2.753617404730311e-010	1.116008e-001
2.766006608258454e-010	1.049057e-001
2.778395811786598e-010	9.819834e-002
2.788638598702225e-010	9.287240e-002
2.799924984350536e-010	8.714657e-002
2.810842570297082e-010	8.176904e-002
2.821888696703010e-010	7.650568e-002
2.832573560961761e-010	7.159586e-002
2.843112399246375e-010	6.693605e-002
2.853024204301057e-010	6.272397e-002
2.862845011500290e-010	5.871619e-002
2.872850886087820e-010	5.480346e-002
2.883032085710304e-010	5.099865e-002
2.893857382051772e-010	4.714697e-002
2.904607641534896e-010	4.351741e-002
2.915799637369043e-010	3.994258e-002
2.926817773639239e-010	3.662333e-002
2.937888259659919e-010	3.348531e-002
2.948916341728896e-010	3.055332e-002
2.959775692177826e-010	2.785392e-002
2.971032386309363e-010	2.525172e-002
2.981896767036349e-010	2.292971e-002
2.993159485091177e-010	2.072037e-002
3.004483811847334e-010	1.870413e-002
3.015383597330658e-010	1.696044e-002
3.026464172708213e-010	1.538896e-002
3.037547993041901e-010	1.402304e-002
3.048417502546268e-010	1.288648e-002
3.059568152391633e-010	1.193180e-002
3.070701408371711e-010	1.119368e-002
3.081437981610759e-010	1.068587e-002
3.092572792593953e-010	1.036995e-002
3.103730151140268e-010	1.026617e-002
3.114779161465412e-010	1.036916e-002
3.126038412477572e-010	1.067863e-002
3.136708430971140e-010	1.115523e-002
3.147546569015179e-010	1.181302e-002
3.158503254258124e-010	1.264536e-002
3.169591434109305e-010	1.364652e-002
3.180910773428392e-010	1.481882e-002
3.192075764263128e-010	1.610830e-002
3.213592464130249e-010	1.890483e-002
3.246728335013621e-010	2.376320e-002
3.259286396442442e-010	2.575206e-002
3.271844457871262e-010	2.769804e-002
3.284402519300082e-010	2.960114e-002
3.296960580728902e-010	3.146136e-002
3.309518642157723e-010	3.327869e-002
3.322076703586542e-010	3.505314e-002
3.334634765015363e-010	3.678470e-002
3.355849668245846e-010	3.935929e-002
3.376593100462795e-010	4.149429e-002
3.397445121898627e-010	4.319345e-002
3.419459272019434e-010	4.443631e-002
3.440114803448727e-010	4.503461e-002
3.460884923383896e-010	4.503592e-002
3.483318342758899e-010	4.431719e-002
3.504968708864873e-010	4.288066e-002
3.526643892361183e-010	4.069093e-002
3.549399102008016e-010	3.758058e-002
3.570970138731142e-010	3.388651e-002
3.592474237763076e-010	2.953221e-002
3.614973895410400e-010	2.434981e-002
3.636802553224628e-010	1.883837e-002
3.669891800011042e-010	9.959568e-003
3.692213622717070e-010	3.931226e-003
3.702959709446757e-010	1.104630e-003
3.713970491448198e-010	-1.699894e-003
3.725034119288114e-010	-4.394074e-003
3.736016995558100e-010	-6.916513e-003
3.747027297732524e-010	-9.265358e-003
3.758119104098656e-010	-1.142360e-002
3.767055581897823e-010	-1.299522e-002
3.777009173521215e-010	-1.455528e-002
3.785997856689358e-010	-1.578220e-002
3.797277252175664e-010	-1.706589e-002
3.808166287716140e-010	-1.802708e-002
3.819347398042845e-010	-1.872490e-002
3.828819960997601e-010	-1.908649e-002
3.838652889728512e-010	-1.924185e-002
3.848169993533088e-010	-1.918385e-002
3.857961959134081e-010	-1.891811e-002
3.867929944653576e-010	-1.844344e-002
3.877873058450803e-010	-1.777766e-002
3.889107384601575e-010	-1.681365e-002
3.899653126207641e-010	-1.572431e-002
3.910355373236811e-010	-1.445916e-002
3.921602843693075e-010	-1.298250e-002
3.932722546681311e-010	-1.140184e-002
3.955139662108691e-010	-7.965525e-003
3.988411990509333e-010	-2.663230e-003
3.999563142430943e-010	-9.363831e-004
4.010726347418831e-010	7.276182e-004
4.021848134237870e-010	2.300048e-003
4.033417252775490e-010	3.824722e-003
4.044302097683791e-010	5.139364e-003
4.055409704837294e-010	6.346330e-003
4.066493784613741e-010	7.403105e-003
4.077839477352171e-010	8.321770e-003
4.088847083750612e-010	9.048069e-003
4.099234517354898e-010	9.580117e-003
4.109713751822848e-010	9.964060e-003
4.120232491678949e-010	1.019543e-002
4.131448198626947e-010	1.027511e-002
4.142226200412517e-010	1.019455e-002
4.153468785471476e-010	9.954883e-003
4.164631019513576e-010	9.570720e-003
4.175766611421838e-010	9.055860e-003
4.186057063098258e-010	8.476578e-003
4.196885262946504e-010	7.775590e-003
4.207577467736421e-010	7.008029e-003
4.229081752102805e-010	5.310522e-003
4.250860922251713e-010	3.510350e-003
4.261485343947367e-010	2.648614e-003
4.272443511657386e-010	1.795215e-003
4.283199551707984e-010	1.008491e-003
4.294562505975267e-010	2.483157e-004
4.305659951886328e-010	-4.100935e-004
4.316823537272635e-010	-9.768639e-004
4.328079146859860e-010	-1.441779e-003
4.339069097036262e-010	-1.785665e-003
4.349927056728961e-010	-2.014129e-003
4.360364182011206e-010	-2.127182e-003
4.371902136954104e-010	-2.129917e-003
4.382814124441384e-010	-2.015391e-003
4.393708287754024e-010	-1.789909e-003
4.405033906319087e-010	-1.441659e-003
4.416004818695582e-010	-9.984162e-004
4.426984965801074e-010	-4.560814e-004
4.437955323192807e-010	1.781671e-004
4.448944230012963e-010	8.992454e-004
4.460339769730339e-010	1.729746e-003
4.471011193388254e-010	2.576328e-003
4.482331139094672e-010	3.538279e-003
4.493343022459740e-010	4.528310e-003
4.515539418791889e-010	6.647008e-003
4.537799162991708e-010	8.864596e-003
4.559450860808327e-010	1.101859e-002
4.581685600848311e-010	1.312188e-002
4.603573595946768e-010	1.497349e-002
4.625562545262888e-010	1.650003e-002
4.636868261292121e-010	1.711820e-002
4.647656895230196e-010	1.758540e-002
4.658554506700861e-010	1.792391e-002
4.669413331641934e-010	1.811764e-002
4.680708610019664e-010	1.815763e-002
4.691801418040969e-010	1.802917e-002
4.702826424126421e-010	1.773143e-002
4.713956708736675e-010	1.725583e-002
4.725000975912713e-010	1.660956e-002
4.735976626328730e-010	1.579729e-002
4.747402034275351e-010	1.477683e-002
4.758099178632571e-010	1.366689e-002
4.769489745300132e-010	1.233175e-002
4.780619737757864e-010	1.088780e-002
4.792189664835980e-010	9.258427e-003
4.803165193800836e-010	7.610346e-003
4.814150034295159e-010	5.881659e-003
4.836466678160308e-010	2.218263e-003
4.847582580463764e-010	3.673997e-004
4.858044012387562e-010	-1.359706e-003
4.868795753140470e-010	-3.096428e-003
4.879918715940235e-010	-4.828282e-003
4.891098552744551e-010	-6.478890e-003
4.902172506329175e-010	-8.003034e-003
4.913362471104409e-010	-9.411495e-003
4.924678815690533e-010	-1.068447e-002
4.935424928370872e-010	-1.174034e-002
4.946334717906884e-010	-1.265148e-002
4.956997345394520e-010	-1.338128e-002
4.967912948021814e-010	-1.396344e-002
4.979121448352782e-010	-1.439140e-002
4.990501451321243e-010	-1.465817e-002
5.001501342741025e-010	-1.476706e-002
5.012773985422195e-010	-1.474242e-002
5.023565526980523e-010	-1.460654e-002
5.045779631900238e-010	-1.406189e-002
5.057038420167685e-010	-1.369345e-002
5.068179791688049e-010	-1.329696e-002
5.079262040981597e-010	-1.289182e-002
5.090610684580696e-010	-1.248555e-002
5.101852379726067e-010	-1.210875e-002
5.113169182053269e-010	-1.176962e-002
5.124517909015360e-010	-1.148099e-002
5.135662039818303e-010	-1.125479e-002
5.146507643137597e-010	-1.109240e-002
5.157723914190619e-010	-1.098438e-002
5.168902976959117e-010	-1.093415e-002
5.180421774753312e-010	-1.093595e-002
5.191457626491847e-010	-1.098036e-002
5.213853080762271e-010	-1.115655e-002
5.247365894486732e-010	-1.146187e-002
5.279889576094560e-010	-1.156904e-002
5.302140836992275e-010	-1.144972e-002
5.324483846172133e-010	-1.116086e-002
5.346008203962593e-010	-1.074915e-002
5.367519683306434e-010	-1.025793e-002
5.390183986346328e-010	-9.726351e-003
5.412477145694101e-010	-9.266082e-003
5.434940508722721e-010	-8.934246e-003
5.456895490859937e-010	-8.784491e-003
5.479271190871270e-010	-8.829073e-003
5.501691896469963e-010	-9.061240e-003
5.524008368701637e-010	-9.435502e-003
5.546192364262575e-010	-9.881096e-003
5.579778938343982e-010	-1.050711e-002
5.601782981054375e-010	-1.076078e-002
5.624429982083318e-010	-1.080648e-002
5.647012470577094e-010	-1.059139e-002
5.658088027900874e-010	-1.038753e-002
5.669007046102322e-010	-1.012635e-002
5.680100646786595e-010	-9.805215e-003
5.691078913197942e-010	-9.439613e-003
5.702288662979510e-010	-9.027142e-003
5.713377397392681e-010	-8.591601e-003
5.724814532598570e-010	-8.127186e-003
5.735122702292439e-010	-7.707092e-003
5.746744831917682e-010	-7.246180e-003
5.757727450967380e-010	-6.835567e-003
5.769212915291659e-010	-6.445045e-003
5.780147518345416e-010	-6.120233e-003
5.791494475177278e-010	-5.840063e-003
5.802890610463164e-010	-5.622570e-003
5.814236472418200e-010	-5.472046e-003
5.825520942980667e-010	-5.386564e-003
5.836576246968046e-010	-5.360496e-003
5.858866411156814e-010	-5.447365e-003
5.881852230602972e-010	-5.641547e-003
5.903777564372357e-010	-5.795829e-003
5.915169462498433e-010	-5.817336e-003
5.926233586166758e-010	-5.776442e-003
5.937962135263940e-010	-5.648684e-003
5.949349214743682e-010	-5.426755e-003
5.960456575022009e-010	-5.105941e-003
5.971214397042074e-010	-4.689675e-003
5.982378745018164e-010	-4.143805e-003
5.993429376856070e-010	-3.488952e-003
6.004906976177416e-010	-2.691824e-003
6.016077468533731e-010	-1.808824e-003
6.027125456072221e-010	-8.419270e-004
6.038367982581204e-010	2.239618e-004
6.049731067480713e-010	1.368998e-003
6.071854001965451e-010	3.724079e-003
6.094296127049809e-010	6.160688e-003
6.116634513902624e-010	8.498105e-003
6.139113680133082e-010	1.065420e-002
6.161056091421885e-010	1.250683e-002
6.182944991529436e-010	1.408877e-002
6.205276696636252e-010	1.544855e-002
6.216496527461428e-010	1.604865e-002
6.228277304492873e-010	1.662902e-002
6.239513331593996e-010	1.714223e-002
6.251043572450930e-010	1.763472e-002
6.262454253987560e-010	1.809326e-002
6.273935789692186e-010	1.852919e-002
6.285266277243109e-010	1.893565e-002
6.296381348267369e-010	1.931047e-002
6.307635252915270e-010	1.966251e-002
6.318702510584632e-010	1.997636e-002
6.330296130375511e-010	2.026263e-002
6.341496815063573e-010	2.048841e-002
6.352605492090105e-010	2.065236e-002
6.363841702501463e-010	2.074579e-002
6.374984881134069e-010	2.075474e-002
6.386711270625711e-010	2.066128e-002
6.398087969029273e-010	2.045822e-002
6.409166259228618e-010	2.014438e-002
6.420412437754247e-010	1.970072e-002
6.431605849862116e-010	1.912850e-002
6.442812297275772e-010	1.842215e-002
6.453898331001128e-010	1.759197e-002
6.465340980408644e-010	1.660119e-002
6.476417558814820e-010	1.551868e-002
6.488264599165454e-010	1.423709e-002
6.499556588491058e-010	1.290938e-002
6.510713790965140e-010	1.151131e-002
6.522502147129879e-010	9.960763e-003
6.533684542122311e-010	8.440416e-003
6.545089632588966e-010	6.862843e-003
6.568104465046287e-010	3.693127e-003
6.578911252187153e-010	2.255832e-003
6.590103633930086e-010	8.315225e-004
6.601222082555551e-010	-4.980549e-004
6.612507695544606e-010	-1.740724e-003
6.624239326561514e-010	-2.898945e-003
6.635375426902248e-010	-3.856832e-003
6.647108135841587e-010	-4.702754e-003
6.657960287739069e-010	-5.326644e-003
6.668910915316410e-010	-5.795098e-003
6.680172155048624e-010	-6.104245e-003
6.691808149984343e-010	-6.238774e-003
6.702779710253964e-010	-6.195134e-003
6.714385695527006e-010	-5.973481e-003
6.725560344155444e-010	-5.596157e-003
6.736812385938177e-010	-5.062455e-003
6.748012918102427e-010	-4.388117e-003
6.759373293326929e-010	-3.570125e-003
6.770541699194962e-010	-2.646789e-003
6.781907982000929e-010	-1.599309e-003
6.792886743453250e-010	-4.973165e-004
6.804135044781748e-010	7.099639e-004
6.815308156249250e-010	1.974076e-003
6.826655094329506e-010	3.310114e-003
6.837520919089068e-010	4.626149e-003
6.849002621592882e-010	6.041888e-003
6.859940991168019e-010	7.402100e-003
6.871364963022207e-010	8.820979e-003
6.883521722514663e-010	1.031345e-002
6.894730454202140e-010	1.165964e-002
6.906202533275552e-010	1.299305e-002
6.929084102215205e-010	1.546039e-002
6.940361507484512e-010	1.655320e-002
6.952010408526796e-010	1.757601e-002
6.963412821338798e-010	1.845803e-002
6.975113126858187e-010	1.922518e-002
6.986189649752767e-010	1.980945e-002
6.997698050541632e-010	2.025706e-002
7.009003371330615e-010	2.052714e-002
7.020414811486220e-010	2.061908e-002
7.031825231824540e-010	2.052129e-002
7.043392938879627e-010	2.022228e-002
7.054443967106061e-010	1.974530e-002
7.065817380465597e-010	1.905836e-002
7.076875668244295e-010	1.820164e-002
7.087926673952695e-010	1.716407e-002
7.099513855022440e-010	1.588939e-002
7.110589926638857e-010	1.450240e-002
7.121831422349178e-010	1.293952e-002
7.133054469907331e-010	1.123885e-002
7.144734079395963e-010	9.339669e-003
7.155916435046680e-010	7.418138e-003
7.167288893492656e-010	5.383316e-003
7.178221852957787e-010	3.372775e-003
7.189829674172449e-010	1.205823e-003
7.212798591841377e-010	-3.073376e-003
7.223963396566190e-010	-5.097087e-003
7.235353598775475e-010	-7.088991e-003
7.246666962720512e-010	-8.970264e-003
7.258181470571871e-010	-1.076124e-002
7.269314139114259e-010	-1.235289e-002
7.280715525581849e-010	-1.382025e-002
7.291927401784506e-010	-1.508555e-002
7.303089770873955e-010	-1.615568e-002
7.314287123741184e-010	-1.702731e-002
7.325678298911025e-010	-1.769738e-002
7.336837299073691e-010	-1.813604e-002
7.348344653373777e-010	-1.835984e-002
7.359861101496321e-010	-1.835210e-002
7.370922724319095e-010	-1.813019e-002
7.382344504465519e-010	-1.768783e-002
7.393626203500824e-010	-1.704848e-002
7.405129228080050e-010	-1.620328e-002
7.416410477748570e-010	-1.520087e-002
7.427659379013847e-010	-1.404862e-002
7.439191448192556e-010	-1.273035e-002
7.450412076168330e-010	-1.133653e-002
7.461733902117460e-010	-9.842688e-003
7.484323932727186e-010	-6.696508e-003
7.506636163257489e-010	-3.531530e-003
7.518149048695026e-010	-1.936398e-003
7.529370433001554e-010	-4.357148e-004
7.540814093801751e-010	1.018890e-003
7.552122409857339e-010	2.362713e-003
7.563615225162487e-010	3.616285e-003
7.574864390149303e-010	4.719841e-003
7.586243536030940e-010	5.700114e-003
7.597384594018871e-010	6.518420e-003
7.608976250904496e-010	7.214205e-003
7.620048850933706e-010	7.726394e-003
7.631847595945021e-010	8.105950e-003
7.643077422366535e-010	8.307955e-003
7.654523126236635e-010	8.356128e-003
7.665811020173728e-010	8.251566e-003
7.677201397566582e-010	7.998601e-003
7.688201120619435e-010	7.620331e-003
7.699849247957362e-010	7.084942e-003
7.711116171061915e-010	6.444460e-003
7.722508396047543e-010	5.684895e-003
7.734039691480728e-010	4.813061e-003
7.745119900896433e-010	3.889252e-003
7.756704072352321e-010	2.846257e-003
7.768151997073298e-010	1.751253e-003
7.779834278255848e-010	5.823114e-004
7.802669311202023e-010	-1.796980e-003
7.824859037988666e-010	-4.140629e-003
7.836140853946138e-010	-5.311585e-003
7.847605486620830e-010	-6.470089e-003
7.858926276573248e-010	-7.570856e-003
7.870345504652961e-010	-8.626134e-003
7.881328664380591e-010	-9.579117e-003
7.892390888400381e-010	-1.046870e-002
7.903553712613623e-010	-1.128721e-002
7.914906680198410e-010	-1.203139e-002
7.926540036993321e-010	-1.269602e-002
7.937691857929632e-010	-1.323629e-002
7.949350258082766e-010	-1.369734e-002
7.960801964585269e-010	-1.404625e-002
7.972109451839149e-010	-1.429053e-002
7.983156667769369e-010	-1.443513e-002
7.994458840369841e-010	-1.449038e-002
8.005419820460265e-010	-1.445872e-002
8.027823328203459e-010	-1.415519e-002
8.050535931910116e-010	-1.356405e-002
8.073280048540221e-010	-1.274313e-002
8.107393736262028e-010	-1.120145e-002
8.141356445003584e-010	-9.429510e-003
8.156136567785980e-010	-8.597365e-003
8.170916690568374e-010	-7.762886e-003
8.185696813350770e-010	-6.926072e-003
8.200476936133165e-010	-6.086924e-003
8.215257058915561e-010	-5.245441e-003
8.230037181697956e-010	-4.401624e-003
8.244817304480351e-010	-3.555473e-003
8.267361700973173e-010	-2.343203e-003
8.278410510120675e-010	-1.782544e-003
8.289978623668410e-010	-1.226630e-003
8.301155116258847e-010	-7.252978e-004
8.312520176211406e-010	-2.572903e-004
8.323677957983280e-010	1.559270e-004
8.335078621290751e-010	5.257428e-004
8.346373503767099e-010	8.355625e-004
8.357819934586911e-010	1.088477e-003
8.369304278036115e-010	1.277867e-003
8.380538943678798e-010	1.399427e-003
8.391800568774372e-010	1.457999e-003
8.403528009977902e-010	1.453097e-003
8.415362269364238e-010	1.383068e-003
8.426685845370416e-010	1.259145e-003
8.438126130590253e-010	1.083091e-003
8.449317169588762e-010	8.679018e-004
8.460954671236991e-010	6.070682e-004
8.484152800130275e-010	1.051549e-005
8.518663348871867e-010	-9.222553e-004
8.530157747285345e-010	-1.207789e-003
8.541801477806925e-010	-1.470112e-003
8.553356819486838e-010	-1.696691e-003
8.564965852035851e-010	-1.884656e-003
8.576254738854130e-010	-2.025099e-003
8.587342490265807e-010	-2.119650e-003
8.598736934105440e-010	-2.170511e-003
8.610640214235000e-010	-2.173292e-003
8.622045539870268e-010	-2.128701e-003
8.633466044970133e-010	-2.039847e-003
8.644712288372193e-010	-1.912061e-003
8.656413874071779e-010	-1.740598e-003
8.668117147989903e-010	-1.534382e-003
8.691355960154771e-010	-1.041700e-003
8.713828405115961e-010	-4.909250e-004
8.727093540921405e-010	-1.352989e-004
8.740358676726849e-010	2.177310e-004
8.753623812532293e-010	5.681647e-004
8.766888948337737e-010	9.160021e-004
8.780154084143181e-010	1.261243e-003
8.793419219948624e-010	1.603889e-003
8.806684355754069e-010	1.943937e-003
8.829138996286725e-010	2.472498e-003
8.852361678454936e-010	2.962783e-003
8.875647561858850e-010	3.377944e-003
8.898319439020601e-010	3.687540e-003
8.922221376236213e-010	3.889592e-003
8.946004226496721e-010	3.944647e-003
8.969074127354955e-010	3.849843e-003
8.992015176227986e-010	3.615657e-003
9.015333149115517e-010	3.255432e-003
9.049237616632469e-010	2.588103e-003
9.060882274104389e-010	2.330033e-003
9.072526931576309e-010	2.086837e-003
9.084171589048229e-010	1.858518e-003
9.095816246520150e-010	1.645074e-003
9.107460903992070e-010	1.446505e-003
9.119105561463990e-010	1.262813e-003
9.130750218935910e-010	1.093995e-003
9.142100235379599e-010	9.645663e-004
9.164841023488622e-010	7.789629e-004
9.188723777408183e-010	6.774811e-004
9.211873626226108e-010	6.428735e-004
9.234603976918847e-010	6.345080e-004
9.258851478084530e-010	6.124689e-004
9.281910558820029e-010	5.451539e-004
9.304940693889198e-010	4.097671e-004
9.316930011397933e-010	3.085055e-004
9.340807940697166e-010	4.384637e-005
9.363676137150251e-010	-2.803499e-004
9.399637538822002e-010	-8.896125e-004
9.433974602623868e-010	-1.518932e-003
9.458116902633550e-010	-1.948711e-003
9.481204230950529e-010	-2.323831e-003
9.504652850873250e-010	-2.645944e-003
9.528889229696880e-010	-2.890427e-003
9.551735376380623e-010	-3.012174e-003
9.562921273457565e-010	-3.025100e-003
9.575333432630305e-010	-2.998416e-003
9.586993841327229e-010	-2.930668e-003
9.598530854679437e-010	-2.819897e-003
9.609898963655286e-010	-2.665799e-003
9.621104746848552e-010	-2.468509e-003
9.632656983812162e-010	-2.216884e-003
9.644843221585237e-010	-1.898196e-003
9.657054035443272e-010	-1.525017e-003
9.668459340650123e-010	-1.129773e-003
9.680275218179303e-010	-6.760688e-004
9.691452741555762e-010	-2.094279e-004
9.703039940867516e-010	3.074681e-004
9.727444078957320e-010	1.477559e-003
9.761828553632014e-010	3.197686e-003
9.786561756965529e-010	4.379367e-003
9.810634598080395e-010	5.404352e-003
9.834112196433653e-010	6.230987e-003
9.846164530494902e-010	6.576275e-003
9.858367437023764e-010	6.866481e-003
9.870094771296289e-010	7.086970e-003
9.882339583323866e-010	7.254871e-003
9.905272394408731e-010	7.397420e-003
9.917285765949982e-010	7.383819e-003
9.940184197472879e-010	7.195396e-003
9.963099547218652e-010	6.803279e-003
9.975966724332285e-010	6.498684e-003
9.998869780977523e-010	5.815301e-003
1.002221493838461e-009	4.946189e-003
1.004630039995703e-009	3.887533e-003
1.006956303704656e-009	2.735179e-003
1.008075862875221e-009	2.144962e-003
1.009281311961301e-009	1.490647e-003
1.011621993040125e-009	1.885832e-004
1.013951368113933e-009	-1.102867e-003
1.016218109446581e-009	-2.299254e-003
1.017372802072021e-009	-2.867581e-003
1.018547145040295e-009	-3.407342e-003
1.019689584486245e-009	-3.888818e-003
1.020835878158475e-009	-4.322630e-003
1.021976661005511e-009	-4.700128e-003
1.023129812970170e-009	-5.022264e-003
1.024469660094497e-009	-5.316791e-003
1.025701763195216e-009	-5.509009e-003
1.026876006489249e-009	-5.620584e-003
1.028101210109471e-009	-5.662387e-003
1.029263046112734e-009	-5.632716e-003
1.030468023408068e-009	-5.532996e-003
1.031594309958734e-009	-5.379262e-003
1.032755858262731e-009	-5.163397e-003
1.033895004152941e-009	-4.899580e-003
1.036174068573394e-009	-4.237200e-003
1.038526625301254e-009	-3.404760e-003
1.040831483905692e-009	-2.491376e-003
1.043101429827366e-009	-1.543467e-003
1.045439776388287e-009	-5.611238e-004
1.047775288983371e-009	3.863092e-004
1.050151148497848e-009	1.280026e-003
1.052510588381223e-009	2.067421e-003
1.053689037980646e-009	2.415061e-003
1.054843611487857e-009	2.722357e-003
1.055998415208811e-009	2.994128e-003
1.057210418300471e-009	3.238402e-003
1.058362156998928e-009	3.429352e-003
1.059564048621994e-009	3.583539e-003
1.060718156430616e-009	3.686407e-003
1.061947270930437e-009	3.745517e-003
1.063087296205485e-009	3.752662e-003
1.064199896812511e-009	3.714686e-003
1.065391930621871e-009	3.624511e-003
1.066551864903456e-009	3.487991e-003
1.067752017177604e-009	3.297212e-003
1.068913811233353e-009	3.066327e-003
1.070150635066658e-009	2.773479e-003
1.071304143692126e-009	2.459964e-003
1.072534635806887e-009	2.087208e-003
1.074784931587684e-009	1.321809e-003
1.077171595018022e-009	4.318523e-004
1.080796012060862e-009	-9.494270e-004
1.083190967330231e-009	-1.795965e-003
1.084388374139013e-009	-2.178911e-003
1.085596150488533e-009	-2.529971e-003
1.086794490569087e-009	-2.838326e-003
1.087939147105829e-009	-3.091854e-003
1.089115132335107e-009	-3.307471e-003
1.090343165682747e-009	-3.481689e-003
1.091513734989875e-009	-3.597877e-003
1.092723202751881e-009	-3.666186e-003
1.093935927501118e-009	-3.682171e-003
1.095133368480316e-009	-3.647460e-003
1.096320646872650e-009	-3.565311e-003
1.097537754046199e-009	-3.434333e-003
1.098753255968566e-009	-3.259471e-003
1.099931084000789e-009	-3.051550e-003
1.102341499452542e-009	-2.524621e-003
1.104713960750397e-009	-1.902728e-003
1.108261099473241e-009	-8.648172e-004
1.109428825963051e-009	-5.136198e-004
1.111856302137980e-009	2.024375e-004
1.114235432896994e-009	8.570417e-004
1.116577634465549e-009	1.426800e-003
1.118994701259291e-009	1.913528e-003
1.120339209163035e-009	2.133404e-003
1.121572815008675e-009	2.301053e-003
1.122755058570226e-009	2.430237e-003
1.123997561887414e-009	2.532355e-003
1.125211553332696e-009	2.598753e-003
1.126448243762607e-009	2.632681e-003
1.128895818927970e-009	2.601220e-003
1.131384147312810e-009	2.438313e-003
1.133825336767639e-009	2.153147e-003
1.136200839942205e-009	1.757029e-003
1.137478711400181e-009	1.495102e-003
1.138683988392398e-009	1.216434e-003
1.139932776807480e-009	8.952047e-004
1.141096175983562e-009	5.662958e-004
1.142300450221937e-009	1.962125e-004
1.143525887000981e-009	-2.102539e-004
1.144735843990798e-009	-6.394551e-004
1.147226971755733e-009	-1.598705e-003
1.148276340566791e-009	-2.038135e-003
1.149325709377849e-009	-2.476325e-003
1.150375078188907e-009	-2.913276e-003
1.151424446999965e-009	-3.348987e-003
1.152473815811023e-009	-3.783459e-003
1.153523184622081e-009	-4.216690e-003
1.154572553433139e-009	-4.648683e-003
1.157007620010264e-009	-5.540621e-003
1.158309175989998e-009	-5.952703e-003
1.159538115100711e-009	-6.289922e-003
1.160792524002078e-009	-6.575092e-003
1.161990455792456e-009	-6.786536e-003
1.163180268154144e-009	-6.933833e-003
1.164412180823180e-009	-7.017948e-003
1.165686921154341e-009	-7.030622e-003
1.166965549827710e-009	-6.967899e-003
1.168192665781363e-009	-6.838678e-003
1.169387419676429e-009	-6.651059e-003
1.170678605118818e-009	-6.384547e-003
1.171904773727158e-009	-6.075453e-003
1.174407772909492e-009	-5.300235e-003
1.176911550152049e-009	-4.373724e-003
1.180615859513622e-009	-2.823855e-003
1.184277351658606e-009	-1.173483e-003
1.185665549329384e-009	-5.233473e-004
1.187053747000162e-009	1.286833e-004
1.188441944670940e-009	7.826087e-004
1.189830142341718e-009	1.438429e-003
1.191218340012496e-009	2.096144e-003
1.192606537683274e-009	2.755754e-003
1.193994735354052e-009	3.417258e-003
1.196462656206332e-009	4.540539e-003
1.198968611695955e-009	5.587856e-003
1.201372699739689e-009	6.447807e-003
1.202661108482838e-009	6.829426e-003
1.203864426694753e-009	7.125869e-003
1.205099363392868e-009	7.362614e-003
1.206348870792910e-009	7.526209e-003
1.207626276594337e-009	7.608971e-003
1.208872411160979e-009	7.603537e-003
1.210103501935182e-009	7.512470e-003
1.211322169887031e-009	7.338099e-003
1.212523133947583e-009	7.085650e-003
1.213772852272923e-009	6.741286e-003
1.215048743864858e-009	6.309125e-003
1.216273887320102e-009	5.824197e-003
1.217507792885700e-009	5.274673e-003
1.218737863586839e-009	4.674943e-003
1.221313378403084e-009	3.296696e-003
1.225130541707231e-009	1.128480e-003
1.226354008668181e-009	4.462761e-004
1.227629876761088e-009	-2.411292e-004
1.228844127562204e-009	-8.643528e-004
1.230071510176566e-009	-1.456285e-003
1.231338304312214e-009	-2.020656e-003
1.232589180918403e-009	-2.526218e-003
1.233800652869952e-009	-2.962880e-003
1.235056070369631e-009	-3.357242e-003
1.236297749110789e-009	-3.686907e-003
1.237517003289920e-009	-3.950820e-003
1.238769848300606e-009	-4.159536e-003
1.240159130738933e-009	-4.316753e-003
1.241440547803224e-009	-4.392889e-003
1.242711182887660e-009	-4.403875e-003
1.243911519554032e-009	-4.356213e-003
1.245249285257408e-009	-4.238174e-003
1.246458113774178e-009	-4.074226e-003
1.247645580614291e-009	-3.862059e-003
1.248929028311571e-009	-3.578222e-003
1.250167965862774e-009	-3.253304e-003
1.251399997608197e-009	-2.883930e-003
1.252676483872994e-009	-2.456710e-003
1.253892828798108e-009	-2.011888e-003
1.255225457306507e-009	-1.488329e-003
1.257805794505610e-009	-3.938518e-004
1.260361313882536e-009	7.439782e-004
1.261695409500141e-009	1.337109e-003
1.262964844059987e-009	1.889303e-003
1.264207903203764e-009	2.410162e-003
1.265441515265153e-009	2.899888e-003
1.266742314616011e-009	3.378858e-003
1.267963492395084e-009	3.786709e-003
1.269275422355864e-009	4.172624e-003
1.270505679055785e-009	4.479761e-003
1.271762810407716e-009	4.733838e-003
1.272985457183268e-009	4.919169e-003
1.274282791610912e-009	5.045874e-003
1.275547282427831e-009	5.097772e-003
1.276897080263931e-009	5.073607e-003
1.278121341455356e-009	4.980184e-003
1.279359715462919e-009	4.816870e-003
1.280567688847890e-009	4.591986e-003
1.281861139320993e-009	4.281453e-003
1.283158881366347e-009	3.900347e-003
1.284430854606192e-009	3.462905e-003
1.285761902824679e-009	2.942292e-003
1.286982283861282e-009	2.413343e-003
1.288319133429054e-009	1.783800e-003
1.289532291031333e-009	1.173241e-003
1.290736325708009e-009	5.369126e-004
1.293429566182317e-009	-9.600418e-004
1.296004731357150e-009	-2.423077e-003
1.297438924218154e-009	-3.221011e-003
1.298806386179684e-009	-3.954272e-003
1.300041116626177e-009	-4.582979e-003
1.301256754964344e-009	-5.162065e-003
1.302572619826187e-009	-5.734925e-003
1.303954058045322e-009	-6.266159e-003
1.305297466647060e-009	-6.705037e-003
1.306539534721496e-009	-7.036092e-003
1.307762060298048e-009	-7.287005e-003
1.309090675664295e-009	-7.471419e-003
1.310335225780331e-009	-7.558472e-003
1.311544760034748e-009	-7.562715e-003
1.312873016981032e-009	-7.476626e-003
1.314221326230840e-009	-7.294221e-003
1.315517924696766e-009	-7.032034e-003
1.316827060909232e-009	-6.685937e-003
1.318089556645846e-009	-6.280398e-003
1.319315260625844e-009	-5.825442e-003
1.320615147302628e-009	-5.284619e-003
1.321933795424848e-009	-4.683275e-003
1.324546025054911e-009	-3.372967e-003
1.325463493298016e-009	-2.878115e-003
1.326380961541121e-009	-2.383988e-003
1.327298429784226e-009	-1.890587e-003
1.328215898027331e-009	-1.397911e-003
1.329133366270436e-009	-9.059607e-004
1.330050834513541e-009	-4.147355e-004
1.330968302756646e-009	7.576426e-005
1.332261975394813e-009	7.339329e-004
1.333471726476551e-009	1.319874e-003
1.334800385919616e-009	1.922419e-003
1.336087703420716e-009	2.458232e-003
1.337477602228354e-009	2.976133e-003
1.338733568586539e-009	3.384490e-003
1.339919710005071e-009	3.714071e-003
1.341140078505190e-009	3.993183e-003
1.342446686106920e-009	4.222072e-003
1.343728970341205e-009	4.374870e-003
1.345090882175524e-009	4.458783e-003
1.346404910787998e-009	4.464037e-003
1.347776358881419e-009	4.392486e-003
1.349027690420819e-009	4.261528e-003
1.350309936552078e-009	4.066388e-003
1.351694165220716e-009	3.792168e-003
1.352972558568205e-009	3.486171e-003
1.354207369502647e-009	3.148604e-003
1.355560030069013e-009	2.738927e-003
1.358119252645537e-009	1.878781e-003
1.362006351956588e-009	4.752298e-004
1.364591268512241e-009	-4.356152e-004
1.365852399039285e-009	-8.530981e-004
1.367212761312147e-009	-1.274289e-003
1.368572451826045e-009	-1.658367e-003
1.369876164335945e-009	-1.986071e-003
1.371170751698329e-009	-2.266987e-003
1.372606869931406e-009	-2.521187e-003
1.373901459463820e-009	-2.694471e-003
1.375168043857610e-009	-2.809480e-003
1.376532137933633e-009	-2.870375e-003
1.377791664467209e-009	-2.867103e-003
1.379009500125593e-009	-2.809016e-003
1.380278686890867e-009	-2.691367e-003
1.381651154819206e-009	-2.500174e-003
1.382997419981816e-009	-2.250984e-003
1.384310581467745e-009	-1.953250e-003
1.385583399501715e-009	-1.618134e-003
1.386858989328596e-009	-1.242304e-003
1.388260020465990e-009	-7.917053e-004
1.390947469394817e-009	1.468017e-004
1.394955326027417e-009	1.577136e-003
1.397515227404484e-009	2.403592e-003
1.398857844147756e-009	2.784990e-003
1.400158808108007e-009	3.112175e-003
1.401468336241807e-009	3.394795e-003
1.402867066340217e-009	3.641493e-003
1.404142381050579e-009	3.815298e-003
1.405517234551093e-009	3.948093e-003
1.406912365387618e-009	4.026718e-003
1.408331869282246e-009	4.052144e-003
1.409703719277738e-009	4.028939e-003
1.411135093885481e-009	3.960577e-003
1.412425023050080e-009	3.865691e-003
1.413774390775726e-009	3.738563e-003
1.416580858756169e-009	3.407330e-003
1.426018455067011e-009	2.074719e-003
1.430155211687340e-009	1.518851e-003
1.432950836800253e-009	1.178328e-003
1.435717642415391e-009	8.897113e-004
1.437156874998954e-009	7.674537e-004
1.438587019714680e-009	6.705975e-004
1.439962594098014e-009	6.048579e-004
1.441286729310678e-009	5.706922e-004
1.442730023197740e-009	5.697244e-004
1.444201351509066e-009	6.107566e-004
1.445629792295521e-009	6.930433e-004
1.446907019954856e-009	8.023909e-004
1.448295280531041e-009	9.584504e-004
1.449687459312223e-009	1.151234e-003
1.451215502539474e-009	1.399409e-003
1.453892693656895e-009	1.903207e-003
1.457938650649367e-009	2.720076e-003
1.460886641171639e-009	3.248176e-003
1.462214974167225e-009	3.443602e-003
1.463659499957443e-009	3.616496e-003
1.465164325252916e-009	3.747041e-003
1.466596764887676e-009	3.820607e-003
1.468049108399379e-009	3.842832e-003
1.469357770456739e-009	3.817639e-003
1.470807708765126e-009	3.741171e-003
1.472356738689618e-009	3.606372e-003
1.473772379189655e-009	3.439176e-003
1.476468888197024e-009	3.021198e-003
1.479457431932126e-009	2.439592e-003
1.482183291753888e-009	1.833738e-003
1.486241049194764e-009	8.490902e-004
1.487644830968592e-009	4.891910e-004
1.489048612742420e-009	1.271745e-004
1.490452394516247e-009	-2.369594e-004
1.491856176290075e-009	-6.032107e-004
1.493259958063902e-009	-9.715794e-004
1.494663739837730e-009	-1.342066e-003
1.496067521611558e-009	-1.714669e-003
1.498809644864842e-009	-2.413116e-003
1.501687250473247e-009	-3.090549e-003
1.504512305747743e-009	-3.664740e-003
1.507224651598041e-009	-4.098854e-003
1.508722000043887e-009	-4.279735e-003
1.510142042775405e-009	-4.409140e-003
1.512941030494165e-009	-4.539005e-003
1.515798926990332e-009	-4.501767e-003
1.518677831290753e-009	-4.306287e-003
1.521585975150435e-009	-3.976870e-003
1.525612862042072e-009	-3.371654e-003
1.527059468046053e-009	-3.121149e-003
1.528506074050034e-009	-2.874281e-003
1.529952680054015e-009	-2.631049e-003
1.531399286057996e-009	-2.391453e-003
1.532845892061977e-009	-2.155495e-003
1.534292498065958e-009	-1.923172e-003
1.535739104069939e-009	-1.694486e-003
1.538617280912378e-009	-1.294435e-003
1.540085219939528e-009	-1.113650e-003
1.541490856513960e-009	-9.565656e-004
1.543005333392811e-009	-8.056475e-004
1.544530900227613e-009	-6.734256e-004
1.545873976517725e-009	-5.738039e-004
1.547201634155521e-009	-4.909734e-004
1.548616269787052e-009	-4.199505e-004
1.550115334057753e-009	-3.641255e-004
1.551732006125910e-009	-3.262433e-004
1.554604580098260e-009	-3.151537e-004
1.557591888451251e-009	-3.765463e-004
1.560463519489297e-009	-4.988557e-004
1.564774059016421e-009	-7.738878e-004
1.566388647477411e-009	-9.043343e-004
1.568003235938400e-009	-1.031157e-003
1.569617824399390e-009	-1.154356e-003
1.571232412860379e-009	-1.273931e-003
1.572847001321368e-009	-1.389883e-003
1.574461589782358e-009	-1.502210e-003
1.576076178243347e-009	-1.610914e-003
1.579088650292741e-009	-1.764850e-003
1.581841627247330e-009	-1.865180e-003
1.584685732657066e-009	-1.933962e-003
1.587486327854581e-009	-1.977846e-003
1.590327144438359e-009	-2.010729e-003
1.594520623201895e-009	-2.056087e-003
1.598773027701433e-009	-2.094571e-003
1.603328428362225e-009	-2.074336e-003
1.606278762977494e-009	-1.985474e-003
1.609347753489417e-009	-1.800049e-003
1.612271892336296e-009	-1.522117e-003
1.615300009226137e-009	-1.132304e-003
1.618287766836583e-009	-6.648617e-004
1.622717351092109e-009	1.078316e-004
1.625709216127220e-009	6.256883e-004
1.628738269091551e-009	1.102395e-003
1.631641278357756e-009	1.488595e-003
1.634629716550438e-009	1.799308e-003
1.637566305013772e-009	2.014568e-003
1.640419455657385e-009	2.139582e-003
1.643496717709333e-009	2.183874e-003
1.646190488911530e-009	2.145201e-003
1.649217734048072e-009	2.011913e-003
1.652284379735144e-009	1.776034e-003
1.655144583338619e-009	1.466134e-003
1.658302120323179e-009	1.038380e-003
1.662854864059961e-009	3.377270e-004
1.665900645457207e-009	-1.108997e-004
1.667300027218781e-009	-2.920457e-004
1.668830160638981e-009	-4.627816e-004
1.670374737411021e-009	-5.998889e-004
1.671983858784527e-009	-6.992011e-004
1.673406374592550e-009	-7.465301e-004
1.674798493857014e-009	-7.541572e-004
1.676314804264072e-009	-7.183693e-004
1.677967320911731e-009	-6.281895e-004
1.679447737210598e-009	-5.044896e-004
1.680841360208234e-009	-3.541634e-004
1.682256759901178e-009	-1.716786e-004
1.683762725532172e-009	5.066547e-005
1.686742026260004e-009	5.554993e-004
1.688426913275754e-009	8.766021e-004
1.690111800291503e-009	1.197499e-003
1.691796687307253e-009	1.518189e-003
1.693481574323003e-009	1.838673e-003
1.695166461338752e-009	2.158950e-003
1.696851348354502e-009	2.479021e-003
1.698536235370252e-009	2.798886e-003
1.701447060298945e-009	3.312567e-003
1.704436414380747e-009	3.792067e-003
1.707533089185185e-009	4.210328e-003
1.709179845998233e-009	4.387571e-003
1.710675708565833e-009	4.514532e-003
1.712213476247992e-009	4.605855e-003
1.713712620111754e-009	4.651944e-003
1.715409111725377e-009	4.647745e-003
1.716946655792624e-009	4.588764e-003
1.718508933382051e-009	4.472809e-003
1.719988734170626e-009	4.310342e-003
1.721502521021328e-009	4.092127e-003
1.723147268192480e-009	3.798462e-003
1.724688091802088e-009	3.474357e-003
1.727752892120620e-009	2.713673e-003
1.732573560794414e-009	1.336133e-003
1.735789318128732e-009	4.114762e-004
1.737371542382888e-009	-1.601766e-005
1.738995977392795e-009	-4.243325e-004
1.740541280518687e-009	-7.772195e-004
1.742268586481161e-009	-1.123769e-003
1.743845731815319e-009	-1.391424e-003
1.745307420509585e-009	-1.594993e-003
1.746913743558620e-009	-1.767403e-003
1.748393166763969e-009	-1.877986e-003
1.750143290986002e-009	-1.949495e-003
1.751781017640468e-009	-1.959669e-003
1.753385680945086e-009	-1.918894e-003
1.754894432242092e-009	-1.837616e-003
1.756476583985043e-009	-1.711418e-003
1.758122820059674e-009	-1.540279e-003
1.759781588190420e-009	-1.332318e-003
1.762881817146728e-009	-8.698327e-004
1.767620118844521e-009	-6.835358e-005
1.770845123265162e-009	4.640470e-004
1.772423640500935e-009	7.002053e-004
1.773919245658488e-009	9.010630e-004
1.775544473242075e-009	1.087558e-003
1.777061361562147e-009	1.226385e-003
1.778683536320890e-009	1.331609e-003
1.780202526360801e-009	1.385414e-003
1.781696765802349e-009	1.392852e-003
1.783301184928697e-009	1.348095e-003
1.784874304718377e-009	1.249923e-003
1.786615226871359e-009	1.078827e-003
1.788256500766288e-009	8.594103e-004
1.789845174428430e-009	5.969189e-004
1.791419328283516e-009	2.932798e-004
1.793059632507484e-009	-6.215600e-005
1.796093356026297e-009	-7.942432e-004
1.801269700938955e-009	-2.092210e-003
1.802961946041691e-009	-2.479371e-003
1.804501218984958e-009	-2.798148e-003
1.806199683817055e-009	-3.102903e-003
1.807987124633891e-009	-3.361183e-003
1.809643673285511e-009	-3.536900e-003
1.811248179382842e-009	-3.644824e-003
1.812823699188693e-009	-3.689659e-003
1.814447357443805e-009	-3.672943e-003
1.816180096259195e-009	-3.587410e-003
1.817770494182591e-009	-3.451460e-003
1.819392101935475e-009	-3.261873e-003
1.821047051280366e-009	-3.022186e-003
1.824438948865404e-009	-2.418540e-003
1.829437396697423e-009	-1.382814e-003
1.832751098160171e-009	-6.949201e-004
1.834374082793960e-009	-3.788229e-004
1.836145704096705e-009	-5.927423e-005
1.837837801265592e-009	2.144579e-004
1.839498524617124e-009	4.469851e-004
1.841105395188799e-009	6.325471e-004
1.842809391184264e-009	7.815125e-004
1.844550631536799e-009	8.777582e-004
1.846204909529379e-009	9.127610e-004
1.847830565418472e-009	8.907976e-004
1.849636574850434e-009	7.992720e-004
1.851342298516087e-009	6.482873e-004
1.853068537622598e-009	4.342060e-004
1.854653045555937e-009	1.875285e-004
1.856343309919397e-009	-1.218417e-004
1.858089867138628e-009	-4.822393e-004
1.864921525320665e-009	-2.041650e-003
1.866676372558132e-009	-2.407845e-003
1.868319208164801e-009	-2.711667e-003
1.869973812030793e-009	-2.968398e-003
1.871692633764008e-009	-3.173012e-003
1.873289882779262e-009	-3.299768e-003
1.875047806403077e-009	-3.363361e-003
1.876630477941023e-009	-3.350324e-003
1.878414041269279e-009	-3.255630e-003
1.880077599593366e-009	-3.092902e-003
1.881666295200700e-009	-2.873967e-003
1.883371514608692e-009	-2.575339e-003
1.885035714455264e-009	-2.226747e-003
1.886708662676861e-009	-1.826877e-003
1.888315791372062e-009	-1.403414e-003
1.890034376645548e-009	-9.166220e-004
1.893307363290903e-009	7.474007e-005
1.896668700549003e-009	1.121706e-003
1.898513631322652e-009	1.682605e-003
1.900493312024956e-009	2.256028e-003
1.902276894208282e-009	2.735706e-003
1.903981062974542e-009	3.151018e-003
1.905641203534533e-009	3.506616e-003
1.907598015766709e-009	3.853274e-003
1.909364456293695e-009	4.091116e-003
1.911083662183051e-009	4.248256e-003
1.912735439347099e-009	4.326866e-003
1.914517155504396e-009	4.330798e-003
1.916364974552601e-009	4.247544e-003
1.918035939237340e-009	4.099153e-003
1.919756060521928e-009	3.879851e-003
1.921535684518302e-009	3.590461e-003
1.923396583221695e-009	3.231722e-003
1.926809572855293e-009	2.472099e-003
1.930465165165397e-009	1.607844e-003
1.932177399090487e-009	1.217345e-003
1.933904065182943e-009	8.482887e-004
1.935684296663238e-009	5.039168e-004
1.937549086421798e-009	1.918258e-004
1.939274999562119e-009	-4.632512e-005
1.941015368265080e-009	-2.328109e-004
1.942798672229285e-009	-3.657910e-004
1.944679278108202e-009	-4.421288e-004
1.946407010192968e-009	-4.561138e-004
1.948157425874943e-009	-4.188269e-004
1.949918753992068e-009	-3.338042e-004
1.951629707428346e-009	-2.112314e-004
1.953460750072826e-009	-4.380579e-005
1.956983731115072e-009	3.528618e-004
1.962359516318310e-009	1.021724e-003
1.964225886744162e-009	1.238040e-003
1.965956114328361e-009	1.419947e-003
1.967803139104760e-009	1.588126e-003
1.969477957260103e-009	1.713121e-003
1.971343586561613e-009	1.817379e-003
1.973077440016756e-009	1.878529e-003
1.974759401154344e-009	1.903195e-003
1.976547018781684e-009	1.891088e-003
1.978324556069499e-009	1.839885e-003
1.979991235141812e-009	1.757156e-003
1.981656019328635e-009	1.642449e-003
1.983467712728758e-009	1.483749e-003
1.985237029014746e-009	1.298013e-003
1.988695275970619e-009	8.638267e-004
1.997625068453162e-009	-4.242037e-004
2.001104263156606e-009	-8.608336e-004
2.002780389132408e-009	-1.036975e-003
2.004629716263291e-009	-1.199884e-003
2.006407798690069e-009	-1.322887e-003
2.008149117572453e-009	-1.410210e-003
2.009854827216318e-009	-1.464167e-003
2.011706353224405e-009	-1.489104e-003
2.013488806498402e-009	-1.482951e-003
2.017033689400992e-009	-1.399355e-003
2.018580201762056e-009	-1.334059e-003
2.020126714123118e-009	-1.267583e-003
2.021673226484182e-009	-1.199929e-003
2.023219738845244e-009	-1.131095e-003
2.024766251206308e-009	-1.061082e-003
2.026312763567370e-009	-9.898902e-004
2.027859275928434e-009	-9.175190e-004
2.031631562621734e-009	-7.809648e-004
2.035305442650030e-009	-6.865863e-004
2.039157767501386e-009	-6.273323e-004
2.042878570177916e-009	-6.061806e-004
2.046673130076518e-009	-6.210352e-004
2.050446436686913e-009	-6.727693e-004
2.054242173513678e-009	-7.569700e-004
2.055887672565686e-009	-8.064258e-004
2.057533171617694e-009	-8.504959e-004
2.059178670669702e-009	-8.891805e-004
2.060824169721710e-009	-9.224796e-004
2.062469668773718e-009	-9.503930e-004
2.064115167825726e-009	-9.729209e-004
2.065760666877734e-009	-9.900632e-004
2.069525138770456e-009	-9.628184e-004
2.071457091792408e-009	-9.194709e-004
2.073505220918754e-009	-8.537287e-004
2.077262996401497e-009	-6.942403e-004
2.082956085894898e-009	-4.351599e-004
2.086862105925091e-009	-3.122506e-004
2.088804421224879e-009	-2.809832e-004
2.090719428726193e-009	-2.722945e-004
2.094484154471578e-009	-3.184564e-004
2.098251659900426e-009	-4.351154e-004
2.103834346188613e-009	-6.778349e-004
2.109652871640859e-009	-9.206586e-004
2.113555204096038e-009	-1.030494e-003
2.117524957670119e-009	-1.076239e-003
2.121430653212660e-009	-1.048224e-003
2.125461178582080e-009	-9.455879e-004
2.131424977931622e-009	-6.872787e-004
2.133422071557114e-009	-5.757646e-004
2.135419165182606e-009	-4.704129e-004
2.137416258808098e-009	-3.712234e-004
2.139413352433590e-009	-2.781963e-004
2.141410446059082e-009	-1.913314e-004
2.143407539684573e-009	-1.106289e-004
2.145404633310065e-009	-3.608860e-005
2.149369938832480e-009	5.402855e-005
2.153476244502477e-009	8.778406e-005
2.159536549904002e-009	6.232782e-005
2.165648524213353e-009	3.981834e-005
2.169735371816583e-009	8.707892e-005
2.171814604403063e-009	1.412624e-004
2.173885517711260e-009	2.177172e-004
2.177931682730020e-009	4.297571e-004
2.184169617138298e-009	8.715228e-004
2.190466209139128e-009	1.326540e-003
2.194676136423332e-009	1.557714e-003
2.198812742885833e-009	1.692287e-003
2.202895287137683e-009	1.724356e-003
2.207045738173250e-009	1.656196e-003
2.211092771781095e-009	1.500285e-003
2.215333380208234e-009	1.255955e-003
2.217111490888288e-009	1.124810e-003
2.218889601568342e-009	9.936302e-004
2.220667712248396e-009	8.624155e-004
2.222445822928451e-009	7.311659e-004
2.224223933608505e-009	5.998813e-004
2.226002044288559e-009	4.685618e-004
2.227780154968613e-009	3.372073e-004
2.230047114045462e-009	2.042383e-004
2.232157290776068e-009	1.092698e-004
2.234298487799522e-009	4.749209e-005
2.236394625427266e-009	2.482666e-005
2.238670101011661e-009	4.480510e-005
2.240724970005990e-009	1.023668e-004
2.242877622488057e-009	2.000806e-004
2.245100702330669e-009	3.359195e-004
2.249358811190019e-009	6.680646e-004
2.251222056500675e-009	8.402634e-004
2.253085301811333e-009	1.005665e-003
2.254948547121990e-009	1.164269e-003
2.256811792432647e-009	1.316075e-003
2.258675037743303e-009	1.461084e-003
2.260538283053961e-009	1.599296e-003
2.262401528364618e-009	1.730711e-003
2.264548054493534e-009	1.851120e-003
2.266789766132971e-009	1.949212e-003
2.269056346958180e-009	2.016102e-003
2.271186029726419e-009	2.046143e-003
2.273470900292149e-009	2.039515e-003
2.275712515019973e-009	1.990930e-003
2.277873115769013e-009	1.902563e-003
2.280120658202916e-009	1.766528e-003
2.282394298006415e-009	1.584152e-003
2.284560026561436e-009	1.371459e-003
2.286790759709121e-009	1.117830e-003
2.291274899000404e-009	5.325007e-004
2.295785969882771e-009	-9.406173e-005
2.298008909807467e-009	-3.926125e-004
2.300189669342070e-009	-6.683085e-004
2.302517926831606e-009	-9.372026e-004
2.304831005741570e-009	-1.173761e-003
2.306997612594729e-009	-1.365426e-003
2.309326537248047e-009	-1.538611e-003
2.311475611035516e-009	-1.669004e-003
2.313772918980314e-009	-1.778993e-003
2.318032081741851e-009	-1.910590e-003
2.322442919557514e-009	-1.961983e-003
2.327035158100229e-009	-1.938967e-003
2.333785250136834e-009	-1.790625e-003
2.338420982575872e-009	-1.631550e-003
2.342976440909552e-009	-1.453839e-003
2.347642968636838e-009	-1.277357e-003
2.352245051347022e-009	-1.136153e-003
2.354554026491894e-009	-1.084183e-003
2.356853258624691e-009	-1.046650e-003
2.361522872065828e-009	-1.011891e-003
2.366160465710240e-009	-1.016697e-003
2.368522077406271e-009	-1.031663e-003
2.370883689102302e-009	-1.036881e-003
2.373245300798333e-009	-1.032350e-003
2.375606912494364e-009	-1.018069e-003
2.377968524190395e-009	-9.940393e-004
2.380330135886426e-009	-9.602603e-004
2.382691747582457e-009	-9.167321e-004
2.387459700318010e-009	-7.759843e-004
2.392302818033936e-009	-5.723664e-004
2.397105987441016e-009	-3.030611e-004
2.401880666893755e-009	3.777447e-005
2.406785964561836e-009	4.542584e-004
2.414111388579780e-009	1.106180e-003
2.416530232406046e-009	1.295743e-003
2.419067225569090e-009	1.465311e-003
2.421496729996075e-009	1.593013e-003
2.423939992175526e-009	1.683125e-003
2.426504345622971e-009	1.735265e-003
2.428905492891435e-009	1.746407e-003
2.431417630547907e-009	1.723407e-003
2.436378575036464e-009	1.597964e-003
2.441475080152990e-009	1.403969e-003
2.446474345850864e-009	1.195102e-003
2.451456582764674e-009	1.003467e-003
2.456450719049175e-009	8.594040e-004
2.461539144858381e-009	7.919840e-004
2.466520820795993e-009	8.163106e-004
2.468325671289823e-009	8.528586e-004
2.470130521783654e-009	8.880429e-004
2.471935372277484e-009	9.218636e-004
2.473740222771314e-009	9.543207e-004
2.475545073265144e-009	9.854142e-004
2.477349923758974e-009	1.015144e-003
2.479154774252804e-009	1.043510e-003
2.481670365674911e-009	1.047353e-003
2.484180456173510e-009	1.018381e-003
2.486849205616578e-009	9.473841e-004
2.489363644851993e-009	8.418441e-004
2.491924281787411e-009	6.981559e-004
2.494527729504535e-009	5.196701e-004
2.499680736242158e-009	9.887767e-005
2.504764572451787e-009	-3.496575e-004
2.507479220298406e-009	-5.796937e-004
2.509986502637877e-009	-7.756210e-004
2.512597770809968e-009	-9.548269e-004
2.515199201625805e-009	-1.101228e-003
2.517723515793110e-009	-1.207152e-003
2.520408546842951e-009	-1.276604e-003
2.522961460697994e-009	-1.299786e-003
2.525525067425803e-009	-1.282167e-003
2.528281856526199e-009	-1.222249e-003
2.533466914862923e-009	-1.025700e-003
2.538643621250361e-009	-7.906336e-004
2.541423303703204e-009	-6.801141e-004
2.543979222823218e-009	-6.020386e-004
2.546624747301367e-009	-5.535693e-004
2.549337819546552e-009	-5.440185e-004
2.551857979032491e-009	-5.743027e-004
2.554627913178384e-009	-6.509149e-004
2.557208240650569e-009	-7.600597e-004
2.559836637994278e-009	-9.027076e-004
2.565016099764019e-009	-1.242192e-003
2.570097715896220e-009	-1.579424e-003
2.572756971093385e-009	-1.726768e-003
2.575502993855314e-009	-1.841263e-003
2.578166015734491e-009	-1.905935e-003
2.580813414814277e-009	-1.918215e-003
2.583351042481105e-009	-1.878266e-003
2.586041442772852e-009	-1.780813e-003
2.588774131983428e-009	-1.627396e-003
2.591527280357683e-009	-1.424156e-003
2.596642428617761e-009	-9.494231e-004
2.604600026727440e-009	-1.129987e-004
2.607305043465792e-009	1.547496e-004
2.609904967591678e-009	3.877962e-004
2.612679798722594e-009	6.010574e-004
2.615334426400781e-009	7.642274e-004
2.617879834102042e-009	8.793248e-004
2.620625072608605e-009	9.570621e-004
2.623487053086908e-009	9.896295e-004
2.626192862669756e-009	9.808970e-004
2.631570380659174e-009	8.854070e-004
2.637253909347738e-009	7.460164e-004
2.639962920153408e-009	6.885109e-004
2.642770418999743e-009	6.426454e-004
2.645396988267919e-009	6.139936e-004
2.648181952089713e-009	5.978951e-004
2.651111639589713e-009	5.939872e-004
2.656668302130024e-009	6.091134e-004
2.659092599396621e-009	6.235348e-004
2.661516896663218e-009	6.331961e-004
2.663941193929816e-009	6.380973e-004
2.666365491196413e-009	6.382386e-004
2.668789788463010e-009	6.336197e-004
2.671214085729608e-009	6.242409e-004
2.673638382996205e-009	6.101020e-004
2.679346594687554e-009	5.286122e-004
2.684973769029116e-009	4.078591e-004
2.690616158902801e-009	2.952107e-004
2.693545846402800e-009	2.633382e-004
2.696268177387689e-009	2.602945e-004
2.699197864887689e-009	2.908371e-004
2.701942009880905e-009	3.522669e-004
2.704871697380905e-009	4.497358e-004
2.710573133428846e-009	7.043721e-004
2.716254059127440e-009	9.758225e-004
2.719183746627440e-009	1.095742e-003
2.722063768592194e-009	1.188398e-003
2.724931304187729e-009	1.249177e-003
2.727860991687729e-009	1.274145e-003
2.730660473515703e-009	1.260639e-003
2.733590161015703e-009	1.207346e-003
2.736433355961208e-009	1.119822e-003
2.742292730961208e-009	8.535174e-004
2.750909973335585e-009	4.043091e-004
2.753839660835585e-009	2.837586e-004
2.756764876019207e-009	1.959320e-004
2.759694563519207e-009	1.454663e-004
2.762624251019207e-009	1.332142e-004
2.765521414570685e-009	1.554233e-004
2.768451102070685e-009	2.059214e-004
2.774309689480464e-009	3.535803e-004
2.780169064480463e-009	4.907156e-004
2.783098751980463e-009	5.285794e-004
2.786028439480463e-009	5.338669e-004
2.788958126980463e-009	5.000426e-004
2.791887814480463e-009	4.235004e-004
2.794817501980462e-009	3.042374e-004
2.797747189480462e-009	1.462643e-004
2.803606564480462e-009	-2.505200e-004
2.809465939480461e-009	-6.698841e-004
2.812395626980461e-009	-8.535797e-004
2.815325314480461e-009	-1.004534e-003
2.818255001980461e-009	-1.115119e-003
2.821184689480461e-009	-1.181502e-003
2.824114376980461e-009	-1.203598e-003
2.827044064480460e-009	-1.184677e-003
2.829973751980460e-009	-1.130824e-003
2.835833126980460e-009	-9.536233e-004
2.841692501980459e-009	-7.579754e-004
2.844622189480459e-009	-6.838095e-004
2.847551876980459e-009	-6.407553e-004
2.850481564480459e-009	-6.376202e-004
2.853411251980459e-009	-6.794941e-004
2.856340939480458e-009	-7.667410e-004
2.859270626980458e-009	-8.945498e-004
2.862200314480458e-009	-1.053208e-003
2.870989376980457e-009	-1.568128e-003
2.873919064480457e-009	-1.699398e-003
2.876848751980457e-009	-1.787277e-003
2.879778439480457e-009	-1.822449e-003
2.882708126980457e-009	-1.799474e-003
2.885637814480456e-009	-1.716831e-003
2.888567501980456e-009	-1.576765e-003
2.891497189480456e-009	-1.385059e-003
2.894426876980456e-009	-1.150780e-003
2.903215939480455e-009	-3.237498e-004
2.906145626980455e-009	-5.853771e-005
2.909075314480455e-009	1.757144e-004
2.912005001980455e-009	3.668699e-004
2.914934689480455e-009	5.069830e-004
2.917864376980454e-009	5.931515e-004
2.920794064480454e-009	6.276779e-004
2.923723751980454e-009	6.175158e-004
2.929583126980454e-009	5.071349e-004
2.935442501980453e-009	3.625580e-004
2.938372189480453e-009	3.079525e-004
2.941301876980453e-009	2.782898e-004
2.944231564480453e-009	2.807885e-004
2.947161251980452e-009	3.202799e-004
2.950090939480452e-009	3.989530e-004
2.953020626980452e-009	5.160462e-004
2.955950314480452e-009	6.675799e-004
2.958880001980452e-009	8.462889e-004
2.967669064480451e-009	1.432630e-003
2.970598751980451e-009	1.600605e-003
2.973528439480451e-009	1.733991e-003
2.976458126980450e-009	1.823672e-003
2.979387814480450e-009	1.863972e-003
2.982317501980450e-009	1.852878e-003
2.985247189480450e-009	1.791822e-003
2.988176876980450e-009	1.685165e-003
2.991106564480449e-009	1.539546e-003
2.996965939480449e-009	1.165635e-003
2.999895626980449e-009	9.566413e-004
3.000000000000000e-009	9.490823e-004
