time	V(n_3p)
0.000000000000000e+000	0.000000e+000
4.497521144399313e-011	-5.866016e-007
8.995042288798627e-011	-6.128187e-007
1.349256343319794e-010	-7.865139e-008
1.799008457759725e-010	1.015900e-006
2.248760572199657e-010	2.670837e-006
2.698512686639588e-010	4.886157e-006
3.148264801079519e-010	7.661863e-006
3.239497686996627e-010	-4.118716e-006
3.330730572913735e-010	-1.447151e-005
3.421963458830843e-010	-2.339653e-005
3.513196344747951e-010	-3.089376e-005
3.604429230665059e-010	-3.696321e-005
3.695662116582167e-010	-4.160488e-005
3.786895002499275e-010	-4.481877e-005
3.858866610458312e-010	-3.452967e-005
3.930838218417349e-010	-2.480264e-005
4.002809826376385e-010	-1.563768e-005
4.074781434335422e-010	-7.034778e-006
4.146753042294458e-010	1.006056e-006
4.218724650253495e-010	8.484824e-006
4.290696258212531e-010	1.540153e-005
4.341845802166376e-010	1.821518e-005
4.392995346120221e-010	1.506308e-005
4.444144890074066e-010	5.945241e-006
4.495294434027911e-010	-9.138347e-006
4.546443977981755e-010	-3.018768e-005
4.597593521935600e-010	-5.720276e-005
4.648743065889445e-010	-9.018359e-005
4.667900566385075e-010	-1.177186e-004
4.687058066880704e-010	-1.433085e-004
4.706215567376335e-010	-1.669533e-004
4.725373067871964e-010	-1.886530e-004
4.744530568367594e-010	-2.084076e-004
4.763688068863224e-010	-2.262171e-004
4.782845569358854e-010	-2.420815e-004
4.805332971826091e-010	-2.205837e-004
4.827736800403828e-010	-1.486141e-004
4.839173188253260e-010	-8.367908e-005
4.850447916039667e-010	4.793886e-006
4.861934692100988e-010	1.253165e-004
4.873064342211279e-010	2.771627e-004
4.884241342469517e-010	4.709769e-004
4.895332065909913e-010	7.113797e-004
4.906639495033554e-010	1.013997e-003
4.917941287481428e-010	1.383508e-003
4.929351700973356e-010	1.834582e-003
4.940462024144899e-010	2.359287e-003
4.951587319477516e-010	2.979872e-003
4.963096367140853e-010	3.733773e-003
4.974289751743194e-010	4.587674e-003
4.985613756720730e-010	5.584533e-003
4.996929633626411e-010	6.725972e-003
5.008237827058379e-010	8.023127e-003
5.019467579483480e-010	9.476792e-003
5.030844499667346e-010	1.112785e-002
5.042054715576030e-010	1.293921e-002
5.053498043253510e-010	1.498521e-002
5.064689273758443e-010	1.718501e-002
5.075884834718712e-010	1.958736e-002
5.087179304045668e-010	2.221866e-002
5.098464030025162e-010	2.505769e-002
5.109849097142127e-010	2.813448e-002
5.121345906072175e-010	3.145600e-002
5.132486662185690e-010	3.487656e-002
5.143596714589616e-010	3.848017e-002
5.154991595258866e-010	4.236851e-002
5.166317164037041e-010	4.641721e-002
5.177617507953106e-010	5.062920e-002
5.189066919358823e-010	5.506001e-002
5.211503542487383e-010	6.416555e-002
5.222737272311577e-010	6.895208e-002
5.233971002135773e-010	7.379159e-002
5.245204731959968e-010	7.868410e-002
5.256438461784162e-010	8.362960e-002
5.267672191608357e-010	8.862809e-002
5.278905921432552e-010	9.367957e-002
5.290139651256747e-010	9.878404e-002
5.324058799167572e-010	1.138502e-001
5.346285023670534e-010	1.233322e-001
5.368782612744583e-010	1.323899e-001
5.391335757795266e-010	1.407242e-001
5.414011777023461e-010	1.481478e-001
5.436886978156741e-010	1.544658e-001
5.459278205155541e-010	1.593353e-001
5.481903338816289e-010	1.627845e-001
5.504606679500717e-010	1.646464e-001
5.537976547466582e-010	1.643484e-001
5.571912185798591e-010	1.603655e-001
5.605481957604737e-010	1.530575e-001
5.639397650565095e-010	1.428203e-001
5.653868857679396e-010	1.375950e-001
5.668340064793698e-010	1.322114e-001
5.682811271907999e-010	1.266692e-001
5.697282479022300e-010	1.209687e-001
5.711753686136601e-010	1.151097e-001
5.726224893250903e-010	1.090924e-001
5.740696100365204e-010	1.029165e-001
5.763317267105642e-010	9.361690e-002
5.785661180073944e-010	8.470260e-002
5.808183366488576e-010	7.611293e-002
5.819453058970492e-010	7.199198e-002
5.830782980040076e-010	6.797896e-002
5.841883514018581e-010	6.417919e-002
5.853185977765948e-010	6.044890e-002
5.864526117963544e-010	5.684996e-002
5.875900629597083e-010	5.338722e-002
5.898306369459340e-010	4.700437e-002
5.920673052808813e-010	4.122317e-002
5.943603008329058e-010	3.592519e-002
5.965949897765699e-010	3.139602e-002
5.977338329630811e-010	2.933704e-002
5.988579513879265e-010	2.747443e-002
6.000308921153857e-010	2.571455e-002
6.011656762101996e-010	2.419374e-002
6.023010429655303e-010	2.285391e-002
6.034033965064764e-010	2.172893e-002
6.045346994868828e-010	2.075563e-002
6.056475883709557e-010	1.997728e-002
6.068070268907176e-010	1.935397e-002
6.079305624958044e-010	1.893000e-002
6.090504830272361e-010	1.867979e-002
6.101485093113540e-010	1.859654e-002
6.112815723285439e-010	1.867220e-002
6.124068104920551e-010	1.890194e-002
6.135518476288107e-010	1.928451e-002
6.146784922303733e-010	1.979731e-002
6.169521564009546e-010	2.119889e-002
6.192223327972537e-010	2.300713e-002
6.225835117835115e-010	2.622067e-002
6.259966147899025e-010	2.984390e-002
6.282440352479225e-010	3.227448e-002
6.304855628627327e-010	3.463468e-002
6.327648081793096e-010	3.688622e-002
6.350029186502297e-010	3.887285e-002
6.373158588136914e-010	4.061078e-002
6.396036410813118e-010	4.193448e-002
6.418404845266835e-010	4.277345e-002
6.441321734188075e-010	4.309377e-002
6.464083180064305e-010	4.280778e-002
6.486476268329871e-010	4.188928e-002
6.509211953258569e-010	4.027840e-002
6.532202625875903e-010	3.794695e-002
6.555261062475663e-010	3.492298e-002
6.577807612625079e-010	3.136019e-002
6.600431093909194e-010	2.727756e-002
6.634924360631282e-010	2.037805e-002
6.669102483413400e-010	1.326485e-002
6.691922956595313e-010	8.692694e-003
6.703238060556341e-010	6.552776e-003
6.714733644706705e-010	4.496988e-003
6.725977237186999e-010	2.622688e-003
6.737125754634213e-010	9.161067e-004
6.748457682750585e-010	-6.470849e-004
6.759860023332725e-010	-2.031626e-003
6.771153975887024e-010	-3.206065e-003
6.782628526338014e-010	-4.190997e-003
6.793701399184026e-010	-4.938616e-003
6.804776594208371e-010	-5.486609e-003
6.816096011509162e-010	-5.843050e-003
6.827493144549762e-010	-6.000082e-003
6.838780300484017e-010	-5.965055e-003
6.850231014693234e-010	-5.747921e-003
6.861234799265503e-010	-5.380459e-003
6.872594478050365e-010	-4.854117e-003
6.884880891673825e-010	-4.137731e-003
6.896180088488280e-010	-3.363960e-003
6.907933321424626e-010	-2.464733e-003
6.918984065546553e-010	-1.551363e-003
6.930279188754808e-010	-5.703814e-004
6.953349273808978e-010	1.499187e-003
6.976154973918996e-010	3.501944e-003
6.987135759101258e-010	4.408893e-003
6.998627868245982e-010	5.297230e-003
7.009846577810342e-010	6.091173e-003
7.021373534540789e-010	6.819063e-003
7.032544850105329e-010	7.429406e-003
7.043918428459097e-010	7.945914e-003
7.055131248522955e-010	8.344820e-003
7.066503471041383e-010	8.632404e-003
7.077812590648034e-010	8.798268e-003
7.089142832449291e-010	8.842800e-003
7.100663423838191e-010	8.763551e-003
7.111774979874075e-010	8.570145e-003
7.123109950479454e-010	8.258283e-003
7.134361588740483e-010	7.839598e-003
7.146432683751890e-010	7.277527e-003
7.157678835558407e-010	6.657333e-003
7.169358911256047e-010	5.925371e-003
7.180319938960873e-010	5.167474e-003
7.191975062006568e-010	4.298808e-003
7.203184611530246e-010	3.414713e-003
7.214923812553695e-010	2.452032e-003
7.237406883107809e-010	5.567471e-004
7.260167485433986e-010	-1.340622e-003
7.271432389025241e-010	-2.240023e-003
7.282952513908704e-010	-3.116382e-003
7.294159459421993e-010	-3.916218e-003
7.305270237597992e-010	-4.648483e-003
7.316604323182599e-010	-5.324652e-003
7.327925829646742e-010	-5.921226e-003
7.339236200891135e-010	-6.432167e-003
7.350676701556353e-010	-6.857185e-003
7.362021786021397e-010	-7.183362e-003
7.373499277034095e-010	-7.413692e-003
7.384803971649075e-010	-7.540635e-003
7.396142559733692e-010	-7.567416e-003
7.407644295100263e-010	-7.491751e-003
7.418966491417454e-010	-7.317082e-003
7.430107303054928e-010	-7.049985e-003
7.441569460780261e-010	-6.679350e-003
7.452935074245087e-010	-6.219435e-003
7.464247641205466e-010	-5.674698e-003
7.475728134552351e-010	-5.038527e-003
7.486945467003488e-010	-4.341787e-003
7.498017523871320e-010	-3.587765e-003
7.509345514901416e-010	-2.755644e-003
7.520723523467995e-010	-1.866457e-003
7.532084675229336e-010	-9.343945e-004
7.543584114772677e-010	4.383920e-005
7.554831748991453e-010	1.024185e-003
7.566619291249882e-010	2.064663e-003
7.577880945490620e-010	3.059806e-003
7.600585610412734e-010	5.021776e-003
7.623006268970962e-010	6.824093e-003
7.634658350213866e-010	7.677830e-003
7.645929731962465e-010	8.435087e-003
7.657330459011880e-010	9.121976e-003
7.668841913497739e-010	9.725177e-003
7.680176165250681e-010	1.022187e-002
7.691412071962333e-010	1.061177e-002
7.702913723991385e-010	1.089898e-002
7.714189053502689e-010	1.106596e-002
7.725511054403592e-010	1.111618e-002
7.737089957974682e-010	1.104403e-002
7.748184455691573e-010	1.085757e-002
7.760403974312220e-010	1.052113e-002
7.771686428686198e-010	1.009174e-002
7.783315641993535e-010	9.535082e-003
7.794487805293250e-010	8.897552e-003
7.806111416505942e-010	8.135782e-003
7.817055006340969e-010	7.335505e-003
7.829309874668279e-010	6.356003e-003
7.840471382376549e-010	5.398761e-003
7.863332344755258e-010	3.296627e-003
7.886533790358315e-010	1.060775e-003
7.898025559970203e-010	-5.028051e-005
7.909400625033534e-010	-1.135115e-003
7.920679548160032e-010	-2.184439e-003
7.932379453320207e-010	-3.233899e-003
7.943456125490076e-010	-4.181725e-003
7.955895521172275e-010	-5.183481e-003
7.967106679406592e-010	-6.022952e-003
7.978825952234340e-010	-6.830723e-003
7.990052581580822e-010	-7.534307e-003
8.001341385507152e-010	-8.170479e-003
8.012619119663041e-010	-8.733910e-003
8.025028174437124e-010	-9.271023e-003
8.036236981703795e-010	-9.682813e-003
8.059026500200278e-010	-1.031314e-002
8.082165428959970e-010	-1.068415e-002
8.105146321763370e-010	-1.079899e-002
8.127612823484249e-010	-1.067253e-002
8.151361605318677e-010	-1.027677e-002
8.174377422982489e-010	-9.622003e-003
8.185588335546434e-010	-9.201253e-003
8.196962112228737e-010	-8.703977e-003
8.208195560714210e-010	-8.142367e-003
8.219293176468452e-010	-7.518877e-003
8.230654252667955e-010	-6.811232e-003
8.241956820528373e-010	-6.040417e-003
8.253252503328707e-010	-5.207965e-003
8.264844618358719e-010	-4.295708e-003
8.287134153364878e-010	-2.409948e-003
8.332586391917752e-010	1.638774e-003
8.344805865435115e-010	2.680427e-003
8.356354616274218e-010	3.612574e-003
8.367777654852402e-010	4.467795e-003
8.379082103830899e-010	5.233648e-003
8.390128743421271e-010	5.891497e-003
8.401751307242797e-010	6.474292e-003
8.413393431333597e-010	6.934717e-003
8.424802813515374e-010	7.257623e-003
8.436335429760654e-010	7.448877e-003
8.447633161777675e-010	7.501323e-003
8.458729051408100e-010	7.422363e-003
8.470307561315327e-010	7.204385e-003
8.481564075697332e-010	6.864438e-003
8.492978201482650e-010	6.398230e-003
8.504243516447572e-010	5.827540e-003
8.515468289958911e-010	5.160958e-003
8.527315491618024e-010	4.365748e-003
8.538590391600202e-010	3.536248e-003
8.550423054893187e-010	2.606826e-003
8.573061495556908e-010	7.264912e-004
8.596267792211714e-010	-1.225604e-003
8.608087304426891e-010	-2.187268e-003
8.619641058200378e-010	-3.086118e-003
8.631306712479324e-010	-3.939099e-003
8.642390159541080e-010	-4.688417e-003
8.653525703177979e-010	-5.372833e-003
8.665258307871332e-010	-6.012530e-003
8.676923913661478e-010	-6.560369e-003
8.688482533717486e-010	-7.012943e-003
8.699918130046071e-010	-7.370682e-003
8.711072357375269e-010	-7.633321e-003
8.723272119920250e-010	-7.824520e-003
8.734546697237719e-010	-7.914416e-003
8.746516384572708e-010	-7.922309e-003
8.757766696162450e-010	-7.851353e-003
8.769246758851481e-010	-7.704960e-003
8.780681997971729e-010	-7.489109e-003
8.792623546854166e-010	-7.193667e-003
8.804284645914511e-010	-6.840271e-003
8.816334141885144e-010	-6.411813e-003
8.827548564379947e-010	-5.958396e-003
8.838931632449488e-010	-5.447085e-003
8.851392821442573e-010	-4.831285e-003
8.862713056633929e-010	-4.223496e-003
8.874792134804637e-010	-3.526997e-003
8.886014946122400e-010	-2.838161e-003
8.897408484957484e-010	-2.100992e-003
8.908626169055269e-010	-1.341696e-003
8.921009852438218e-010	-4.705939e-004
8.932364172802451e-010	3.522919e-004
8.955467243799668e-010	2.066199e-003
8.978210278544281e-010	3.741981e-003
9.002201433286900e-010	5.396768e-003
9.013785923533569e-010	6.119992e-003
9.025311305167920e-010	6.771937e-003
9.036624325255710e-010	7.333536e-003
9.048239298651950e-010	7.816925e-003
9.060355781510949e-010	8.208379e-003
9.072232334808958e-010	8.470068e-003
9.083679821979104e-010	8.600500e-003
9.095072044583462e-010	8.606826e-003
9.106591828578896e-010	8.485829e-003
9.118947344449366e-010	8.214494e-003
9.130705576233818e-010	7.824063e-003
9.142441106608980e-010	7.312745e-003
9.153736213656008e-010	6.714760e-003
9.165149756166546e-010	6.016326e-003
9.177412024557145e-010	5.175757e-003
9.189222146145159e-010	4.294459e-003
9.200465736657738e-010	3.406625e-003
9.211825355406629e-010	2.478306e-003
9.234687489715395e-010	5.837390e-004
9.246764133631269e-010	-3.937393e-004
9.258735937680473e-010	-1.322595e-003
9.270921522824907e-010	-2.209451e-003
9.282232534572799e-010	-2.966149e-003
9.293766639513104e-010	-3.659939e-003
9.305969224645726e-010	-4.297704e-003
9.317388760904000e-010	-4.797245e-003
9.328777581025028e-010	-5.196211e-003
9.340296274812153e-010	-5.495535e-003
9.352115004225025e-010	-5.692228e-003
9.363409336432090e-010	-5.776045e-003
9.375245398158616e-010	-5.756879e-003
9.387646230444989e-010	-5.623640e-003
9.399840412899401e-010	-5.385663e-003
9.411244234806741e-010	-5.073641e-003
9.422805455088236e-010	-4.676437e-003
9.434374364814104e-010	-4.205422e-003
9.447037681800584e-010	-3.615803e-003
9.458902483970282e-010	-3.002966e-003
9.470863674406164e-010	-2.336318e-003
9.493292309352809e-010	-9.888298e-004
9.529675417853551e-010	1.324172e-003
9.552735143218844e-010	2.775307e-003
9.564012273460628e-010	3.459811e-003
9.576448914096633e-010	4.186123e-003
9.588579861742978e-010	4.859305e-003
9.600144702422007e-010	5.463020e-003
9.611305748463737e-010	6.005739e-003
9.622778117018888e-010	6.518282e-003
9.634147633862363e-010	6.976812e-003
9.646637817573216e-010	7.419107e-003
9.658692575832346e-010	7.780666e-003
9.670298102523702e-010	8.064248e-003
9.682414317046649e-010	8.289021e-003
9.693643821986092e-010	8.429374e-003
9.704963085423053e-010	8.502102e-003
9.717044392233612e-010	8.501293e-003
9.728966258871779e-010	8.419451e-003
9.740275869207015e-010	8.266593e-003
9.751921770585745e-010	8.032728e-003
9.762974207362419e-010	7.739990e-003
9.775327342686825e-010	7.333678e-003
9.787643594421513e-010	6.849384e-003
9.799352521236876e-010	6.320761e-003
9.811474936185565e-010	5.710288e-003
9.822645268604825e-010	5.097854e-003
9.848096497005322e-010	3.567363e-003
9.881621665188569e-010	1.416197e-003
9.893409822725841e-010	6.687683e-004
9.904901887680148e-010	-3.719559e-005
9.916207395886459e-010	-6.996830e-004
9.927697506054362e-010	-1.330966e-003
9.938924054812070e-010	-1.898754e-003
9.950315630793183e-010	-2.418231e-003
9.961807671222193e-010	-2.878580e-003
9.973435236549926e-010	-3.274638e-003
9.985361203900312e-010	-3.604800e-003
9.996682889665718e-010	-3.845509e-003
1.000790886430916e-009	-4.014227e-003
1.001931810439233e-009	-4.115619e-003
1.003068989560935e-009	-4.148797e-003
1.004317913974758e-009	-4.111293e-003
1.005497898803861e-009	-4.009481e-003
1.006649408900036e-009	-3.853150e-003
1.007800499108556e-009	-3.646011e-003
1.008927694812031e-009	-3.399149e-003
1.011264554418120e-009	-2.770940e-003
1.013555060915468e-009	-2.036789e-003
1.015864613686138e-009	-1.214718e-003
1.018208264148489e-009	-3.287335e-004
1.020546222633505e-009	5.788137e-004
1.022875782266853e-009	1.480288e-003
1.024134566168456e-009	1.956750e-003
1.026526828825594e-009	2.822029e-003
1.028924613419876e-009	3.607713e-003
1.031251539843517e-009	4.257889e-003
1.033588906802427e-009	4.765530e-003
1.034744572311122e-009	4.952850e-003
1.035947969704133e-009	5.098123e-003
1.037128242045753e-009	5.188126e-003
1.038255441271308e-009	5.223146e-003
1.039460272186201e-009	5.203512e-003
1.040605110178512e-009	5.128974e-003
1.041731031119102e-009	5.001958e-003
1.042870267175867e-009	4.819309e-003
1.044011712711068e-009	4.582447e-003
1.045235056828976e-009	4.270417e-003
1.046392503257356e-009	3.922068e-003
1.047583237564877e-009	3.513015e-003
1.048826658967665e-009	3.035333e-003
1.050010174497501e-009	2.537529e-003
1.051268415779787e-009	1.968418e-003
1.053642320831728e-009	8.084293e-004
1.054489721296713e-009	3.681012e-004
1.055337121761698e-009	-7.030360e-005
1.056184522226683e-009	-5.067851e-004
1.057031922691668e-009	-9.413433e-004
1.057879323156653e-009	-1.373978e-003
1.058726723621639e-009	-1.804690e-003
1.059574124086623e-009	-2.233478e-003
1.060788880102281e-009	-2.814463e-003
1.062015364788494e-009	-3.365732e-003
1.063202724037070e-009	-3.857413e-003
1.064386248586985e-009	-4.298820e-003
1.065582123837124e-009	-4.688517e-003
1.066679636048097e-009	-4.991098e-003
1.067938777026060e-009	-5.267678e-003
1.069083946961302e-009	-5.449887e-003
1.070336977677847e-009	-5.570107e-003
1.071518639155108e-009	-5.605834e-003
1.072738739735773e-009	-5.562942e-003
1.073925840571930e-009	-5.444056e-003
1.075045712086598e-009	-5.263808e-003
1.076215235611162e-009	-5.007861e-003
1.077413219440741e-009	-4.678066e-003
1.078699528767992e-009	-4.253905e-003
1.079868088840903e-009	-3.811935e-003
1.081004184803656e-009	-3.337156e-003
1.083417160001405e-009	-2.213114e-003
1.089472615814254e-009	8.737053e-004
1.090727888812953e-009	1.481522e-003
1.091959848190088e-009	2.044989e-003
1.093120135795884e-009	2.537944e-003
1.094362735746718e-009	3.017413e-003
1.095519389812870e-009	3.412527e-003
1.096806046029102e-009	3.787444e-003
1.097974185943873e-009	4.064255e-003
1.099102161994384e-009	4.270649e-003
1.100377036542832e-009	4.428968e-003
1.101585383442338e-009	4.503997e-003
1.102763733092615e-009	4.506364e-003
1.104007597387649e-009	4.433798e-003
1.105211046991169e-009	4.292128e-003
1.106463415315202e-009	4.073404e-003
1.107693339472485e-009	3.792206e-003
1.108867441217270e-009	3.467358e-003
1.110022942362155e-009	3.099307e-003
1.111265221748562e-009	2.656992e-003
1.112513970240356e-009	2.171467e-003
1.114896692041703e-009	1.162366e-003
1.118577778031763e-009	-4.839728e-004
1.120992915976384e-009	-1.528217e-003
1.122216650349921e-009	-2.023997e-003
1.123495414625969e-009	-2.508561e-003
1.124694644932556e-009	-2.926115e-003
1.126009445243303e-009	-3.336880e-003
1.127268905640132e-009	-3.679438e-003
1.128464533430359e-009	-3.954824e-003
1.129772389347142e-009	-4.197164e-003
1.130973601437866e-009	-4.363386e-003
1.132294741672154e-009	-4.482176e-003
1.133500957812935e-009	-4.531358e-003
1.134765427689128e-009	-4.522187e-003
1.135910828481027e-009	-4.460854e-003
1.137090334602990e-009	-4.346285e-003
1.138330160859912e-009	-4.171648e-003
1.139604891827837e-009	-3.937092e-003
1.140792385668442e-009	-3.671647e-003
1.142006956092484e-009	-3.357219e-003
1.143216963761149e-009	-3.005130e-003
1.145696378442358e-009	-2.183517e-003
1.148268499597168e-009	-1.231293e-003
1.149296811409758e-009	-8.253893e-004
1.150325123222349e-009	-4.252933e-004
1.151353435034939e-009	-3.100493e-005
1.152381746847530e-009	3.574758e-004
1.153410058660120e-009	7.401490e-004
1.154438370472711e-009	1.117015e-003
1.155466682285301e-009	1.488072e-003
1.157778666225720e-009	2.233265e-003
1.159053053883836e-009	2.594081e-003
1.160385033493414e-009	2.927120e-003
1.161597893115169e-009	3.187774e-003
1.162796702658815e-009	3.402886e-003
1.164131660560118e-009	3.590413e-003
1.165344404300649e-009	3.711957e-003
1.166540491565794e-009	3.785668e-003
1.167817703299725e-009	3.813810e-003
1.168977000924752e-009	3.794735e-003
1.170177073850485e-009	3.731471e-003
1.171504845077226e-009	3.612055e-003
1.172716838921675e-009	3.460215e-003
1.173871336946324e-009	3.280311e-003
1.175129975782355e-009	3.048560e-003
1.176350904422471e-009	2.792130e-003
1.177569936316697e-009	2.509394e-003
1.178871401763365e-009	2.183377e-003
1.181245497233189e-009	1.543472e-003
1.183871404683813e-009	8.072267e-004
1.186459693586981e-009	1.003133e-004
1.188879129751157e-009	-5.027003e-004
1.190188471871769e-009	-7.934441e-004
1.191537324983571e-009	-1.060620e-003
1.192798433250559e-009	-1.277017e-003
1.193977162760833e-009	-1.447368e-003
1.195247520160038e-009	-1.594012e-003
1.196468489874541e-009	-1.697054e-003
1.197849249968050e-009	-1.767126e-003
1.199112633149415e-009	-1.787097e-003
1.200431436568206e-009	-1.762484e-003
1.201705400228567e-009	-1.694750e-003
1.202912062629875e-009	-1.591351e-003
1.204319559607688e-009	-1.423963e-003
1.205598692845960e-009	-1.229989e-003
1.206936696612011e-009	-9.871809e-004
1.208217734778907e-009	-7.195693e-004
1.209438928043826e-009	-4.358359e-004
1.210706220292208e-009	-1.159341e-004
1.212077441733322e-009	2.539345e-004
1.214522233247907e-009	9.539612e-004
1.218517542277656e-009	2.106735e-003
1.219835026642427e-009	2.459503e-003
1.221151346063126e-009	2.785556e-003
1.222431236091614e-009	3.070354e-003
1.223833276153840e-009	3.338221e-003
1.225191529596680e-009	3.547098e-003
1.226527345665793e-009	3.698215e-003
1.227731939985838e-009	3.784581e-003
1.229026765348947e-009	3.821611e-003
1.230410424525310e-009	3.795115e-003
1.231769646501195e-009	3.701644e-003
1.233024591413196e-009	3.556224e-003
1.234231406207412e-009	3.363982e-003
1.235522480370895e-009	3.103644e-003
1.236738894000367e-009	2.809401e-003
1.238028382567351e-009	2.449500e-003
1.239429932558597e-009	2.007804e-003
1.240714203024747e-009	1.562439e-003
1.242010649066662e-009	1.079673e-003
1.244559851208051e-009	5.839887e-005
1.247276957884735e-009	-1.084689e-003
1.248581803326024e-009	-1.634639e-003
1.249846461775902e-009	-2.158694e-003
1.251306125853028e-009	-2.743600e-003
1.252669405999554e-009	-3.262599e-003
1.254026589739542e-009	-3.745346e-003
1.255282090993509e-009	-4.155871e-003
1.256634405747213e-009	-4.553418e-003
1.258029289632844e-009	-4.909635e-003
1.259449840606571e-009	-5.211466e-003
1.260763957748140e-009	-5.432814e-003
1.262056498549895e-009	-5.594408e-003
1.263452484874903e-009	-5.705621e-003
1.264832346834290e-009	-5.751354e-003
1.266269154721001e-009	-5.732944e-003
1.267568751697229e-009	-5.660773e-003
1.268865738397429e-009	-5.539446e-003
1.270291356207556e-009	-5.353896e-003
1.272964451322094e-009	-4.878282e-003
1.275502622657372e-009	-4.304881e-003
1.276911711646045e-009	-3.949336e-003
1.278303842071102e-009	-3.579500e-003
1.279594094680779e-009	-3.225086e-003
1.280814759018734e-009	-2.883373e-003
1.282136739952576e-009	-2.510237e-003
1.283505935549381e-009	-2.124418e-003
1.284963323395322e-009	-1.718898e-003
1.286280634204022e-009	-1.360444e-003
1.287501918149563e-009	-1.037744e-003
1.288829768830008e-009	-7.001407e-004
1.290069495209321e-009	-3.996337e-004
1.291447058859070e-009	-8.488767e-005
1.292742069786347e-009	1.905572e-004
1.293959428208758e-009	4.298203e-004
1.295301778529805e-009	6.700819e-004
1.296621170350954e-009	8.810929e-004
1.298142074966515e-009	1.092611e-003
1.300693545578943e-009	1.371454e-003
1.303463829840450e-009	1.573532e-003
1.306147712571345e-009	1.686318e-003
1.308703867638092e-009	1.740886e-003
1.310148475160072e-009	1.759039e-003
1.311576710595890e-009	1.774075e-003
1.312846592912665e-009	1.788881e-003
1.314064642641556e-009	1.807598e-003
1.315399087694237e-009	1.836571e-003
1.316853194551811e-009	1.882046e-003
1.318295412233480e-009	1.945178e-003
1.319577456666843e-009	2.019081e-003
1.322137027802495e-009	2.224956e-003
1.323541431086860e-009	2.374555e-003
1.326380286833768e-009	2.762915e-003
1.328933224656089e-009	3.213312e-003
1.331863719314214e-009	3.844005e-003
1.335707149451512e-009	4.823741e-003
1.337096506818823e-009	5.225474e-003
1.338485864186133e-009	5.615254e-003
1.339875221553444e-009	5.993079e-003
1.341264578920755e-009	6.358950e-003
1.342653936288065e-009	6.712867e-003
1.344043293655376e-009	7.054830e-003
1.345432651022687e-009	7.384839e-003
1.347948932532577e-009	7.836236e-003
1.349288531910945e-009	8.005750e-003
1.350794383090865e-009	8.127928e-003
1.352278745733305e-009	8.171334e-003
1.354747468191003e-009	8.061999e-003
1.356074217227155e-009	7.906425e-003
1.357626752165304e-009	7.638695e-003
1.359189122775924e-009	7.278731e-003
1.360451217829854e-009	6.924873e-003
1.361877557062806e-009	6.462377e-003
1.364613144572217e-009	5.413877e-003
1.367567890435559e-009	4.101793e-003
1.370310023224506e-009	2.790894e-003
1.371822290338713e-009	2.057933e-003
1.373150967388589e-009	1.420768e-003
1.374416104488318e-009	8.283266e-004
1.375785038013467e-009	2.115289e-004
1.377175565549735e-009	-3.806651e-004
1.378742224161514e-009	-9.959404e-004
1.380049747833826e-009	-1.460313e-003
1.381305738307630e-009	-1.858859e-003
1.382679217255624e-009	-2.236780e-003
1.384070567052434e-009	-2.554401e-003
1.385575812396102e-009	-2.821543e-003
1.386849788888589e-009	-2.984979e-003
1.388108316735788e-009	-3.090829e-003
1.389485272467280e-009	-3.145772e-003
1.390897149157892e-009	-3.140280e-003
1.392309799662796e-009	-3.078102e-003
1.393626236456557e-009	-2.975581e-003
1.396406955635949e-009	-2.651053e-003
1.399274899200077e-009	-2.229587e-003
1.400582639004146e-009	-2.031606e-003
1.402002819100412e-009	-1.826040e-003
1.403374004385794e-009	-1.645789e-003
1.404839609641921e-009	-1.482517e-003
1.406189923862052e-009	-1.366369e-003
1.407487198363474e-009	-1.291639e-003
1.408902647628450e-009	-1.256704e-003
1.410310509549535e-009	-1.274435e-003
1.411764013730460e-009	-1.350941e-003
1.413062804970002e-009	-1.470847e-003
1.414347683733206e-009	-1.637697e-003
1.415763284427186e-009	-1.876182e-003
1.417223904351911e-009	-2.179997e-003
1.418660806281555e-009	-2.532380e-003
1.421227838750142e-009	-3.277419e-003
1.424116404974453e-009	-4.248944e-003
1.425315923277594e-009	-4.693423e-003
1.426515441580735e-009	-5.129211e-003
1.427714959883876e-009	-5.556308e-003
1.428914478187017e-009	-5.974713e-003
1.430113996490158e-009	-6.384427e-003
1.431313514793299e-009	-6.785450e-003
1.432513033096440e-009	-7.177782e-003
1.435318241347237e-009	-7.931712e-003
1.436669876786824e-009	-8.217474e-003
1.438222013424180e-009	-8.473443e-003
1.439664066301358e-009	-8.637236e-003
1.441158230247908e-009	-8.728354e-003
1.442507558906890e-009	-8.740914e-003
1.443881093511117e-009	-8.686427e-003
1.445383153681128e-009	-8.551952e-003
1.446918637015603e-009	-8.338682e-003
1.449789369079070e-009	-7.760549e-003
1.452840884934881e-009	-6.951494e-003
1.455697093759982e-009	-6.090065e-003
1.457238295672011e-009	-5.611255e-003
1.458678420607708e-009	-5.167949e-003
1.459995291436701e-009	-4.773585e-003
1.461323940695660e-009	-4.392691e-003
1.462756126193255e-009	-4.007360e-003
1.464304687496243e-009	-3.626307e-003
1.465748615416119e-009	-3.308711e-003
1.467096532476109e-009	-3.047690e-003
1.468574194555088e-009	-2.802267e-003
1.469935027837676e-009	-2.613878e-003
1.471332148250386e-009	-2.456727e-003
1.472845071989033e-009	-2.325088e-003
1.474304130339187e-009	-2.232056e-003
1.477221920790316e-009	-2.124300e-003
1.480214709356088e-009	-2.076830e-003
1.483066070022715e-009	-2.035257e-003
1.484493361724220e-009	-1.998709e-003
1.486018536189334e-009	-1.938664e-003
1.487501609215497e-009	-1.853291e-003
1.488922300234572e-009	-1.741450e-003
1.490518713630799e-009	-1.575469e-003
1.491981890715174e-009	-1.382229e-003
1.493527920520743e-009	-1.132209e-003
1.494937937932753e-009	-8.614036e-004
1.496389777469100e-009	-5.389525e-004
1.497830864784197e-009	-1.749683e-004
1.499368305351014e-009	2.609496e-004
1.500854225203151e-009	7.275592e-004
1.502280936521266e-009	1.215473e-003
1.503803184536015e-009	1.776140e-003
1.505325753620209e-009	2.374426e-003
1.506816821140787e-009	2.992001e-003
1.508284459053651e-009	3.625150e-003
1.509701019017490e-009	4.254411e-003
1.511107608481939e-009	4.890746e-003
1.514129608521918e-009	6.264400e-003
1.518464242622974e-009	8.120447e-003
1.521457432069852e-009	9.208225e-003
1.522912520378393e-009	9.650906e-003
1.524538065674963e-009	1.006419e-002
1.526012766093005e-009	1.035646e-002
1.527562365731749e-009	1.057072e-002
1.528968623940415e-009	1.067748e-002
1.530482531425041e-009	1.069475e-002
1.532072883252364e-009	1.060103e-002
1.533552432192626e-009	1.041016e-002
1.535072580715469e-009	1.011132e-002
1.536484828410042e-009	9.743302e-003
1.537897637954771e-009	9.292597e-003
1.539502988843211e-009	8.688211e-003
1.540952754669730e-009	8.066664e-003
1.542460929147019e-009	7.354992e-003
1.543983310776522e-009	6.582051e-003
1.545445930642931e-009	5.801150e-003
1.547007559268819e-009	4.942135e-003
1.548468050881594e-009	4.130245e-003
1.549952030629061e-009	3.312887e-003
1.551432008247440e-009	2.520980e-003
1.553034798576037e-009	1.707703e-003
1.554502776218127e-009	1.018499e-003
1.556009099575366e-009	3.815484e-004
1.557459510296009e-009	-1.523271e-004
1.558887089167659e-009	-5.913487e-004
1.560474108223677e-009	-9.683208e-004
1.561930086433579e-009	-1.204027e-003
1.563444319664455e-009	-1.331655e-003
1.565120859946331e-009	-1.329465e-003
1.566638280938981e-009	-1.196742e-003
1.568200993776004e-009	-9.322348e-004
1.569644028943863e-009	-5.767714e-004
1.571290293955666e-009	-4.876267e-005
1.572874314494064e-009	5.724077e-004
1.574419495209125e-009	1.272874e-003
1.575910978982215e-009	2.024352e-003
1.577413537495667e-009	2.841505e-003
1.578864019107139e-009	3.672618e-003
1.580325781724959e-009	4.536113e-003
1.581894994559295e-009	5.472668e-003
1.583352452642176e-009	6.333445e-003
1.584895663744047e-009	7.214906e-003
1.586559274048376e-009	8.107153e-003
1.588057616351249e-009	8.839513e-003
1.589605364804014e-009	9.505469e-003
1.591142849944692e-009	1.005880e-002
1.592609936643141e-009	1.047226e-002
1.594068021170048e-009	1.076099e-002
1.595638363830831e-009	1.092573e-002
1.597117491290776e-009	1.093578e-002
1.598636179084364e-009	1.079596e-002
1.600129996949634e-009	1.050972e-002
1.601738308740868e-009	1.004009e-002
1.603209417634907e-009	9.469978e-003
1.604881483383002e-009	8.670679e-003
1.606588751406378e-009	7.705027e-003
1.608145554333062e-009	6.710560e-003
1.609693646355498e-009	5.633409e-003
1.611226280133802e-009	4.500425e-003
1.612722079396478e-009	3.351016e-003
1.614177596619994e-009	2.210710e-003
1.615775260649417e-009	9.575284e-004
1.617266212884008e-009	-1.925963e-004
1.618830734792675e-009	-1.356924e-003
1.620316889785971e-009	-2.403578e-003
1.621954268041094e-009	-3.468568e-003
1.623429409723615e-009	-4.333116e-003
1.625247305996643e-009	-5.254445e-003
1.626941986131042e-009	-5.955261e-003
1.628530567472177e-009	-6.463346e-003
1.630056365694989e-009	-6.810307e-003
1.631786639644996e-009	-7.034383e-003
1.633323569000713e-009	-7.083977e-003
1.634786315437026e-009	-7.004742e-003
1.636369653493413e-009	-6.787500e-003
1.637997439309006e-009	-6.432501e-003
1.639517873339934e-009	-5.992384e-003
1.640976882331212e-009	-5.483950e-003
1.642586068499437e-009	-4.841267e-003
1.644092677519926e-009	-4.176874e-003
1.647107578178977e-009	-2.729269e-003
1.650239853361412e-009	-1.171692e-003
1.651967706738936e-009	-3.387156e-004
1.653522364199800e-009	3.722163e-004
1.655005907349127e-009	1.002312e-003
1.656592160273899e-009	1.609963e-003
1.658226355650516e-009	2.151165e-003
1.659735161737174e-009	2.563828e-003
1.661201260909612e-009	2.876508e-003
1.662809784214919e-009	3.112007e-003
1.664411142204934e-009	3.229247e-003
1.665967009425911e-009	3.228032e-003
1.667447956352434e-009	3.120850e-003
1.669084087613631e-009	2.884194e-003
1.670593106597194e-009	2.559875e-003
1.672205785052953e-009	2.107923e-003
1.673716427353713e-009	1.594148e-003
1.675211849562690e-009	1.009330e-003
1.676800611362335e-009	3.174556e-004
1.678464295312993e-009	-4.693422e-004
1.681451408491568e-009	-1.986071e-003
1.684622702132408e-009	-3.638184e-003
1.686136909525369e-009	-4.406271e-003
1.687618723003089e-009	-5.127773e-003
1.689261684669186e-009	-5.878927e-003
1.690793789765250e-009	-6.521601e-003
1.692557743007451e-009	-7.178549e-003
1.694239989034409e-009	-7.710997e-003
1.695839020249103e-009	-8.122888e-003
1.697419638500811e-009	-8.433050e-003
1.699119015886936e-009	-8.653436e-003
1.700678650009136e-009	-8.749535e-003
1.702353852096533e-009	-8.738249e-003
1.703884748710855e-009	-8.624997e-003
1.705637160353714e-009	-8.378304e-003
1.707393490100477e-009	-8.012241e-003
1.708983511386813e-009	-7.586263e-003
1.710598823400160e-009	-7.071659e-003
1.712272592301651e-009	-6.464124e-003
1.715337889854457e-009	-5.205776e-003
1.720229581888532e-009	-3.044177e-003
1.721944342221374e-009	-2.313507e-003
1.723488876551143e-009	-1.692911e-003
1.725212154771836e-009	-1.058840e-003
1.726912605894331e-009	-5.074780e-004
1.728596411650232e-009	-4.633526e-005
1.730184234937367e-009	3.028652e-004
1.731859739227391e-009	5.749677e-004
1.733560976008613e-009	7.465231e-004
1.735244974621130e-009	8.118218e-004
1.736846414364939e-009	7.795400e-004
1.738525091284620e-009	6.519355e-004
1.740222491499458e-009	4.331056e-004
1.741925182301215e-009	1.333995e-004
1.743530039724615e-009	-2.112417e-004
1.745226089710821e-009	-6.268502e-004
1.748630275590860e-009	-1.556287e-003
1.751939418047820e-009	-2.472214e-003
1.753639482560134e-009	-2.905680e-003
1.755350651772087e-009	-3.295435e-003
1.756962034047467e-009	-3.607135e-003
1.758753904066408e-009	-3.877838e-003
1.760419019538834e-009	-4.048680e-003
1.762164097944480e-009	-4.137007e-003
1.763749870956820e-009	-4.133261e-003
1.765531603500472e-009	-4.032436e-003
1.767208310099489e-009	-3.845820e-003
1.768939822343332e-009	-3.564257e-003
1.770539427535474e-009	-3.229866e-003
1.772301376330805e-009	-2.788295e-003
1.773997183796753e-009	-2.301303e-003
1.775714884133034e-009	-1.758621e-003
1.777335646572608e-009	-1.213076e-003
1.779098484838562e-009	-5.975761e-004
1.782516814872046e-009	6.038329e-004
1.784152798963965e-009	1.155566e-003
1.785919015642917e-009	1.715663e-003
1.787636755110725e-009	2.212886e-003
1.789340815986276e-009	2.649238e-003
1.790992814497312e-009	3.010080e-003
1.792795341962593e-009	3.326940e-003
1.794506009588024e-009	3.549288e-003
1.796219976510512e-009	3.693685e-003
1.797877187423208e-009	3.759277e-003
1.799707948485852e-009	3.750474e-003
1.801419881192008e-009	3.670187e-003
1.803131491600519e-009	3.527323e-003
1.804799045272568e-009	3.335818e-003
1.806633900216266e-009	3.076109e-003
1.808363427286280e-009	2.794850e-003
1.810060158927998e-009	2.495200e-003
1.813571100421984e-009	1.844256e-003
1.816997830823469e-009	1.234082e-003
1.818719601172573e-009	9.585138e-004
1.820525068431450e-009	7.021452e-004
1.822253349585385e-009	4.938398e-004
1.823944330876016e-009	3.295587e-004
1.825685792669793e-009	2.044221e-004
1.827480752330280e-009	1.241686e-004
1.829208101672802e-009	9.415634e-005
1.830908332899075e-009	1.090464e-004
1.832680922774076e-009	1.692967e-004
1.834461667089413e-009	2.722631e-004
1.836192241273461e-009	4.085832e-004
1.837899203939272e-009	5.728229e-004
1.841477517597384e-009	9.866917e-004
1.842736853917710e-009	1.152328e-003
1.843996190238036e-009	1.314827e-003
1.845255526558363e-009	1.474190e-003
1.846514862878688e-009	1.630415e-003
1.847774199199015e-009	1.783503e-003
1.849033535519341e-009	1.933454e-003
1.850292871839667e-009	2.080269e-003
1.852017369836521e-009	2.255949e-003
1.853917591419395e-009	2.421704e-003
1.855658738792120e-009	2.544565e-003
1.857414979534582e-009	2.637828e-003
1.859165491837272e-009	2.698611e-003
1.861041660545400e-009	2.727313e-003
1.862768682896980e-009	2.720480e-003
1.864530033029227e-009	2.681476e-003
1.866317637504648e-009	2.610252e-003
1.869894498104276e-009	2.380481e-003
1.873512382753950e-009	2.048023e-003
1.878841300249891e-009	1.429271e-003
1.884156316027855e-009	7.372105e-004
1.887872336912097e-009	2.566141e-004
1.891443166183688e-009	-1.699506e-004
1.895158184716919e-009	-5.482424e-004
1.898731834519922e-009	-8.261328e-004
1.900671668800923e-009	-9.361942e-004
1.902468701951376e-009	-1.011477e-003
1.906080136437835e-009	-1.087670e-003
1.909716652936214e-009	-1.076978e-003
1.911565029828039e-009	-1.035003e-003
1.913413406719863e-009	-9.938799e-004
1.915261783611687e-009	-9.536102e-004
1.917110160503511e-009	-9.141934e-004
1.918958537395336e-009	-8.756297e-004
1.920806914287160e-009	-8.379189e-004
1.922655291178984e-009	-8.010612e-004
1.926312586154030e-009	-7.921405e-004
1.929986779653066e-009	-8.491466e-004
1.933726360508088e-009	-9.744518e-004
1.939284320597197e-009	-1.257176e-003
1.944787991704895e-009	-1.581976e-003
1.948808984026371e-009	-1.794310e-003
1.952491098532908e-009	-1.938969e-003
1.956353462906223e-009	-2.020392e-003
1.960088763783471e-009	-2.023367e-003
1.963775543412115e-009	-1.955690e-003
1.967396215752142e-009	-1.829635e-003
1.971073002134386e-009	-1.653336e-003
1.974676927940729e-009	-1.446420e-003
1.978317072797702e-009	-1.217167e-003
1.981963632769646e-009	-9.817821e-004
1.985698221893319e-009	-7.499605e-004
1.991264480655967e-009	-4.489258e-004
1.996666531964927e-009	-2.248573e-004
2.000490732902284e-009	-1.050295e-004
2.004236896870719e-009	-1.260328e-005
2.007890461253013e-009	5.873171e-005
2.011604345194812e-009	1.150315e-004
2.017052056467142e-009	1.690939e-004
2.018929847914360e-009	1.798087e-004
2.020807639361578e-009	1.859550e-004
2.022685430808796e-009	1.875328e-004
2.024563222256014e-009	1.845422e-004
2.026441013703232e-009	1.769831e-004
2.028318805150450e-009	1.648556e-004
2.030196596597668e-009	1.481596e-004
2.034079995614377e-009	1.001603e-004
2.037894050037853e-009	4.242568e-005
2.041615572914892e-009	-8.711429e-006
2.045405837051546e-009	-3.135425e-005
2.049192798309062e-009	3.525219e-006
2.051213149716099e-009	5.382565e-005
2.053075075910808e-009	1.219286e-004
2.054993089214413e-009	2.139570e-004
2.058909182139701e-009	4.627281e-004
2.064959905193317e-009	9.323935e-004
2.069004133765920e-009	1.220533e-003
2.070972279798398e-009	1.332213e-003
2.072927858005625e-009	1.417662e-003
2.074989128707224e-009	1.476552e-003
2.077068061688891e-009	1.501748e-003
2.078987618517628e-009	1.494667e-003
2.081051995563498e-009	1.456645e-003
2.085068800686585e-009	1.308137e-003
2.086811950490787e-009	1.211208e-003
2.088555100294989e-009	1.117790e-003
2.090298250099192e-009	1.027882e-003
2.092041399903394e-009	9.414843e-004
2.093784549707597e-009	8.585963e-004
2.095527699511799e-009	7.792183e-004
2.097270849316002e-009	7.033503e-004
2.099214824999766e-009	6.487523e-004
2.101305986747735e-009	6.152362e-004
2.103334553473554e-009	6.092759e-004
2.105342983987402e-009	6.292425e-004
2.109429296933602e-009	7.424028e-004
2.113447458333119e-009	9.258363e-004
2.117636242652029e-009	1.152824e-003
2.121742194432847e-009	1.366523e-003
2.125809509209631e-009	1.529098e-003
2.129940714980394e-009	1.610669e-003
2.134015189629588e-009	1.586104e-003
2.136116399384370e-009	1.529076e-003
2.140201232537037e-009	1.333719e-003
2.144425203647602e-009	1.030882e-003
2.146208633347228e-009	8.714294e-004
2.147992063046854e-009	7.122388e-004
2.149775492746480e-009	5.533100e-004
2.151558922446106e-009	3.946429e-004
2.153342352145732e-009	2.362376e-004
2.155125781845358e-009	7.809404e-005
2.156909211544984e-009	-7.978779e-005
2.161018766645212e-009	-3.805516e-004
2.165258572476189e-009	-6.147813e-004
2.169546249158267e-009	-7.732675e-004
2.173697670787796e-009	-8.653045e-004
2.180040981721533e-009	-9.362258e-004
2.186399551933448e-009	-9.818092e-004
2.190724294508784e-009	-1.013769e-003
2.194921959048164e-009	-1.038526e-003
2.197173987840148e-009	-1.043803e-003
2.201374366346340e-009	-1.027571e-003
2.205750220518181e-009	-9.637597e-004
2.212284077859661e-009	-7.827032e-004
2.216663537745953e-009	-6.302518e-004
2.218817853408089e-009	-5.558109e-004
2.220942904684972e-009	-4.868279e-004
2.223189185595918e-009	-4.214397e-004
2.225374607162478e-009	-3.671985e-004
2.227496863579728e-009	-3.245408e-004
2.229742189124755e-009	-2.906547e-004
2.234078730703155e-009	-2.569764e-004
2.238581430781184e-009	-2.607076e-004
2.242946167628758e-009	-2.937738e-004
2.249626418997659e-009	-3.845704e-004
2.252143083785344e-009	-4.368533e-004
2.254659748573030e-009	-4.831670e-004
2.257176413360716e-009	-5.235114e-004
2.259693078148403e-009	-5.578866e-004
2.262209742936089e-009	-5.862925e-004
2.264726407723775e-009	-6.087292e-004
2.267243072511461e-009	-6.251967e-004
2.271389798240799e-009	-5.847027e-004
2.275726470234898e-009	-4.660889e-004
2.280192671195715e-009	-2.708827e-004
2.281762790815293e-009	-1.843703e-004
2.283332910434871e-009	-1.012995e-004
2.284903030054450e-009	-2.167042e-005
2.286473149674028e-009	5.451693e-005
2.288043269293606e-009	1.272626e-004
2.289613388913184e-009	1.965665e-004
2.291183508532762e-009	2.624287e-004
2.293431045854768e-009	3.284572e-004
2.295669297378385e-009	3.682695e-004
2.298083865774201e-009	3.806727e-004
2.300315296331594e-009	3.648547e-004
2.305012625289901e-009	2.615572e-004
2.309520641501660e-009	1.131803e-004
2.314075394268822e-009	-2.629694e-005
2.316257867428973e-009	-7.200989e-005
2.318388789747717e-009	-9.579586e-005
2.320771139867698e-009	-9.243123e-005
2.322941233467554e-009	-5.813015e-005
2.325084200401664e-009	7.385529e-006
2.327473969683570e-009	1.185733e-004
2.329650901487767e-009	2.541941e-004
2.331819116952261e-009	4.195253e-004
2.336398442855909e-009	8.484928e-004
2.343179695475650e-009	1.565692e-003
2.345384784749068e-009	1.781186e-003
2.347769555089760e-009	1.984503e-003
2.349982989461371e-009	2.135444e-003
2.352200479132539e-009	2.241356e-003
2.354589721685475e-009	2.297253e-003
2.356817370563804e-009	2.290887e-003
2.359041670757040e-009	2.227232e-003
2.361431498346092e-009	2.097885e-003
2.363671334181205e-009	1.925230e-003
2.365902038036442e-009	1.712614e-003
2.370554824552667e-009	1.187738e-003
2.375188364469159e-009	6.476793e-004
2.377464103338655e-009	4.078523e-004
2.379702033422279e-009	2.010478e-004
2.382101736092825e-009	1.834848e-005
2.384397660784468e-009	-1.149532e-004
2.386637430478052e-009	-2.050907e-004
2.389038059312996e-009	-2.599899e-004
2.391356217397134e-009	-2.762641e-004
2.393598925065135e-009	-2.633723e-004
2.398348278630223e-009	-1.753412e-004
2.403000463948103e-009	-7.028021e-005
2.405375987845317e-009	-3.487655e-005
2.407630016553487e-009	-2.495610e-005
2.410045800640166e-009	-4.928851e-005
2.412466139024182e-009	-1.178409e-004
2.414739131672717e-009	-2.277217e-004
2.417162317053850e-009	-3.961748e-004
2.419588214289080e-009	-6.170638e-004
2.422096713455582e-009	-8.953284e-004
2.424411026761984e-009	-1.188913e-003
2.429328171059463e-009	-1.875840e-003
2.434231910037709e-009	-2.531660e-003
2.436647031266575e-009	-2.798170e-003
2.439094632275944e-009	-3.007381e-003
2.441585488628281e-009	-3.143044e-003
2.443954523589518e-009	-3.190121e-003
2.446511029357019e-009	-3.145145e-003
2.448975801664777e-009	-3.006741e-003
2.451388310096572e-009	-2.784570e-003
2.453935748295751e-009	-2.465645e-003
2.456387311487124e-009	-2.088870e-003
2.458831339314968e-009	-1.659816e-003
2.463781262843312e-009	-6.956882e-004
2.468798095390151e-009	2.886989e-004
2.471237482823554e-009	7.270366e-004
2.473835026758324e-009	1.141980e-003
2.476325483188809e-009	1.475723e-003
2.478793331910807e-009	1.732921e-003
2.481392291154452e-009	1.915167e-003
2.483860269581295e-009	1.998627e-003
2.486388726429594e-009	1.992037e-003
2.488922040329480e-009	1.895187e-003
2.491388905126673e-009	1.721912e-003
2.493983654863452e-009	1.469462e-003
2.496486504521591e-009	1.175242e-003
2.501659339141103e-009	5.016308e-004
2.504136268709421e-009	1.940551e-004
2.506700443757276e-009	-8.331695e-005
2.509281020977549e-009	-3.007421e-004
2.511772306937138e-009	-4.376220e-004
2.514397704112277e-009	-4.945014e-004
2.516936394912339e-009	-4.609064e-004
2.519460189543894e-009	-3.434457e-004
2.521941784625832e-009	-1.533183e-004
2.524587676567282e-009	1.181872e-004
2.527076615907752e-009	4.236131e-004
2.529508514532360e-009	7.525851e-004
2.534698676799894e-009	1.477260e-003
2.537334354368168e-009	1.816041e-003
2.539834222177284e-009	2.095313e-003
2.542293913961021e-009	2.315589e-003
2.544970541745114e-009	2.480506e-003
2.547471011569550e-009	2.555512e-003
2.549893892810299e-009	2.550774e-003
2.552531639395639e-009	2.458677e-003
2.555132944111445e-009	2.283631e-003
2.557835045741138e-009	2.023685e-003
2.560340044564091e-009	1.725034e-003
2.565519094133744e-009	1.006308e-003
2.570482968159736e-009	3.206714e-004
2.573165390836912e-009	6.023054e-006
2.575825950156924e-009	-2.422364e-004
2.578567889253709e-009	-4.169395e-004
2.581115399923751e-009	-4.980987e-004
2.583585038203011e-009	-5.006796e-004
2.586307289077846e-009	-4.213573e-004
2.588911520293241e-009	-2.742505e-004
2.591381470408729e-009	-8.276020e-005
2.594071238624457e-009	1.660124e-004
2.599511008631743e-009	7.154449e-004
2.602171852843774e-009	9.651442e-004
2.604669579081169e-009	1.165173e-003
2.607397758196314e-009	1.328827e-003
2.610113004746287e-009	1.421171e-003
2.612904196846438e-009	1.431901e-003
2.615504179117743e-009	1.359877e-003
2.618036635685200e-009	1.213119e-003
2.620784133555026e-009	9.730639e-004
2.623503040506133e-009	6.623078e-004
2.626086192718523e-009	3.125739e-004
2.628817082887711e-009	-9.719379e-005
2.634208028641113e-009	-9.471410e-004
2.636901991043893e-009	-1.350898e-003
2.639471048037445e-009	-1.699582e-003
2.642225186447736e-009	-2.017858e-003
2.645154873947736e-009	-2.279414e-003
2.647801327432152e-009	-2.439421e-003
2.650641782925438e-009	-2.526710e-003
2.653544210188350e-009	-2.526857e-003
2.656189545066654e-009	-2.453432e-003
2.659119232566654e-009	-2.299989e-003
2.661759585042232e-009	-2.107122e-003
2.664689272542232e-009	-1.847297e-003
2.670264269350395e-009	-1.277384e-003
2.673193956850395e-009	-9.699638e-004
2.675875058845719e-009	-7.009139e-004
2.678804746345719e-009	-4.331909e-004
2.681596869047250e-009	-2.131610e-004
2.684417414834921e-009	-3.315773e-005
2.687347102334921e-009	1.041375e-004
2.690047371092793e-009	1.845461e-004
2.692977058592793e-009	2.235080e-004
2.695737551795712e-009	2.183986e-004
2.698647133754015e-009	1.759707e-004
2.704331518276911e-009	1.558112e-005
2.710016318092610e-009	-1.930084e-004
2.715846879227839e-009	-4.022644e-004
2.721614542562788e-009	-5.699261e-004
2.727319325858075e-009	-6.773664e-004
2.733080585214378e-009	-7.139251e-004
2.738839789901591e-009	-6.698631e-004
2.741769477401591e-009	-6.155362e-004
2.744591295273778e-009	-5.433295e-004
2.747520982773778e-009	-4.488756e-004
2.753355944056292e-009	-2.098664e-004
2.767867082887648e-009	4.989831e-004
2.770796770387648e-009	6.186065e-004
2.773708833843832e-009	7.153077e-004
2.776638521343832e-009	7.843237e-004
2.779516680089936e-009	8.195059e-004
2.782446367589936e-009	8.181349e-004
2.785366566104151e-009	7.771510e-004
2.788296253604151e-009	6.961647e-004
2.791225941104151e-009	5.777797e-004
2.794155628604151e-009	4.274523e-004
2.802938348435465e-009	-1.196297e-004
2.805868035935464e-009	-2.933606e-004
2.808797723435464e-009	-4.410014e-004
2.811727410935464e-009	-5.511178e-004
2.814657098435464e-009	-6.147741e-004
2.817586785935464e-009	-6.262925e-004
2.820516473435463e-009	-5.837543e-004
2.823446160935463e-009	-4.892362e-004
2.826375848435463e-009	-3.487894e-004
2.829305535935463e-009	-1.721536e-004
2.838094598435462e-009	4.360667e-004
2.841024285935462e-009	6.120562e-004
2.843953973435462e-009	7.495410e-004
2.846883660935462e-009	8.371483e-004
2.849813348435461e-009	8.676674e-004
2.852743035935461e-009	8.388138e-004
2.855672723435461e-009	7.535295e-004
2.858602410935461e-009	6.197973e-004
2.861532098435461e-009	4.500013e-004
2.870321160935460e-009	-1.090813e-004
2.873250848435460e-009	-2.519417e-004
2.876180535935460e-009	-3.460296e-004
2.879110223435460e-009	-3.798975e-004
2.882039910935459e-009	-3.468211e-004
2.884969598435459e-009	-2.454036e-004
2.887899285935459e-009	-7.970579e-005
2.890828973435459e-009	1.411047e-004
2.893758660935459e-009	4.035330e-004
2.902547723435458e-009	1.264974e-003
2.905477410935458e-009	1.514024e-003
2.908407098435458e-009	1.715032e-003
2.911336785935457e-009	1.854520e-003
2.914266473435457e-009	1.923010e-003
2.917196160935457e-009	1.915755e-003
2.920125848435457e-009	1.833211e-003
2.923055535935457e-009	1.681167e-003
2.925985223435456e-009	1.470469e-003
2.931844598435456e-009	9.370355e-004
2.934774285935456e-009	6.528069e-004
2.937703973435456e-009	3.838225e-004
2.940633660935455e-009	1.487014e-004
2.943563348435455e-009	-3.707355e-005
2.946493035935455e-009	-1.624254e-004
2.949422723435455e-009	-2.215736e-004
2.952352410935455e-009	-2.144782e-004
2.955282098435455e-009	-1.468047e-004
2.958211785935454e-009	-2.940787e-005
2.964071160935454e-009	2.913350e-004
2.969930535935454e-009	6.020193e-004
2.972860223435453e-009	7.082380e-004
2.975789910935453e-009	7.626250e-004
2.978719598435453e-009	7.561777e-004
2.981649285935453e-009	6.849652e-004
2.984578973435453e-009	5.503045e-004
2.987508660935452e-009	3.585350e-004
2.990438348435452e-009	1.204528e-004
2.999227410935452e-009	-7.159720e-004
3.000000000000000e-009	-7.876934e-004
