time	V(ctle_out)	V(n_3p)
0.000000000000000e+000	0.000000e+000	0.000000e+000
1.216181640624937e-010	-3.158080e-007	-6.979501e-008
1.278263113839228e-010	1.274978e-007	2.791143e-006
1.340344587053518e-010	4.382632e-007	4.059016e-006
1.402426060267809e-010	6.164882e-007	3.733823e-006
1.464507533482099e-010	6.621729e-007	1.815565e-006
1.526589006696390e-010	5.753172e-007	-1.695760e-006
1.588670479910680e-010	3.559212e-007	-6.800150e-006
1.650751953124970e-010	3.984741e-009	-1.349761e-005
1.671852678571400e-010	1.330271e-006	-4.003509e-005
1.692953404017831e-010	-3.916769e-006	-8.206606e-005
1.714054129464261e-010	-1.573713e-005	-1.395905e-004
1.735154854910691e-010	-3.413083e-005	-2.126084e-004
1.756255580357121e-010	-5.909784e-005	-3.011198e-004
1.777356305803551e-010	-9.063819e-005	-4.051247e-004
1.798457031249981e-010	-1.287519e-004	-5.246231e-004
1.808048270089268e-010	-1.510424e-004	-5.793281e-004
1.817639508928554e-010	-1.734725e-004	-6.215128e-004
1.827230747767841e-010	-1.960421e-004	-6.511771e-004
1.836821986607127e-010	-2.187512e-004	-6.683210e-004
1.846413225446413e-010	-2.415998e-004	-6.729446e-004
1.856004464285700e-010	-2.645879e-004	-6.650477e-004
1.865595703124986e-010	-2.877156e-004	-6.446305e-004
1.872047991071415e-010	-3.022588e-004	-6.158200e-004
1.878500279017844e-010	-3.135744e-004	-5.624596e-004
1.884952566964273e-010	-3.216622e-004	-4.845493e-004
1.891404854910702e-010	-3.265224e-004	-3.820891e-004
1.897857142857131e-010	-3.281548e-004	-2.550791e-004
1.904309430803561e-010	-3.265596e-004	-1.035192e-004
1.910761718749990e-010	-3.217366e-004	7.259053e-005
1.916167689732133e-010	-3.136818e-004	2.486082e-004
1.921573660714276e-010	-2.985084e-004	4.652128e-004
1.926979631696419e-010	-2.762166e-004	7.224042e-004
1.932385602678563e-010	-2.468062e-004	1.020182e-003
1.937791573660706e-010	-2.102773e-004	1.358548e-003
1.943197544642849e-010	-1.666300e-004	1.737500e-003
1.948603515624993e-010	-1.158641e-004	2.157039e-003
1.954009486607136e-010	-5.589262e-005	2.628871e-003
1.959415457589279e-010	2.011461e-005	3.176023e-003
1.964821428571422e-010	1.121576e-004	3.798496e-003
1.970227399553566e-010	2.202364e-004	4.496290e-003
1.975633370535709e-010	3.443511e-004	5.269403e-003
1.981039341517852e-010	4.845015e-004	6.117837e-003
1.986445312499995e-010	6.406876e-004	7.041592e-003
1.992897600446424e-010	8.509611e-004	8.261190e-003
1.999349888392854e-010	1.107635e-003	9.656722e-003
2.005802176339283e-010	1.410710e-003	1.122819e-002
2.012254464285712e-010	1.760186e-003	1.297559e-002
2.018706752232141e-010	2.156062e-003	1.489892e-002
2.025159040178570e-010	2.598339e-003	1.699819e-002
2.031611328124999e-010	3.087017e-003	1.927339e-002
2.038586774553571e-010	3.681100e-003	2.197975e-002
2.045562220982143e-010	4.373241e-003	2.497056e-002
2.052537667410715e-010	5.163440e-003	2.824582e-002
2.059513113839287e-010	6.051697e-003	3.180554e-002
2.066488560267859e-010	7.038013e-003	3.564972e-002
2.073464006696430e-010	8.122387e-003	3.977835e-002
2.080439453125002e-010	9.304819e-003	4.419144e-002
2.089856305803575e-010	1.108687e-002	5.070201e-002
2.099273158482147e-010	1.314660e-002	5.773699e-002
2.108690011160719e-010	1.548401e-002	6.529638e-002
2.118106863839291e-010	1.809910e-002	7.338019e-002
2.127523716517863e-010	2.099187e-002	8.198841e-002
2.136940569196435e-010	2.416231e-002	9.112104e-002
2.146357421875007e-010	2.761044e-002	1.007781e-001
2.157518136160722e-010	3.216539e-002	1.129602e-001
2.168678850446438e-010	3.715016e-002	1.253724e-001
2.179839564732153e-010	4.256475e-002	1.380148e-001
2.191000279017868e-010	4.840916e-002	1.508872e-001
2.202160993303583e-010	5.468339e-002	1.639898e-001
2.213321707589298e-010	6.138744e-002	1.773225e-001
2.224482421875013e-010	6.852131e-002	1.908853e-001
2.237038225446443e-010	7.708133e-002	2.059269e-001
2.249594029017872e-010	8.586830e-002	2.202176e-001
2.262149832589302e-010	9.488222e-002	2.337573e-001
2.274705636160731e-010	1.041231e-001	2.465461e-001
2.287261439732161e-010	1.135909e-001	2.585839e-001
2.299817243303590e-010	1.232857e-001	2.698707e-001
2.312373046875020e-010	1.332074e-001	2.804066e-001
2.328590959821450e-010	1.460565e-001	2.920229e-001
2.344808872767879e-010	1.583092e-001	3.016643e-001
2.361026785714309e-010	1.699653e-001	3.093307e-001
2.377244698660739e-010	1.810250e-001	3.150221e-001
2.393462611607169e-010	1.914882e-001	3.187385e-001
2.409680524553599e-010	2.013549e-001	3.204799e-001
2.425898437500028e-010	2.106251e-001	3.202463e-001
2.431478794642886e-010	2.134888e-001	3.197310e-001
2.437059151785744e-010	2.162240e-001	3.189935e-001
2.442639508928601e-010	2.188306e-001	3.180338e-001
2.448219866071459e-010	2.213088e-001	3.168519e-001
2.453800223214316e-010	2.236585e-001	3.154478e-001
2.459380580357174e-010	2.258796e-001	3.138215e-001
2.464960937500031e-010	2.279722e-001	3.119730e-001
2.466181640625031e-010	2.284110e-001	3.115399e-001
2.485189732142890e-010	2.344632e-001	3.030663e-001
2.504197823660749e-010	2.386979e-001	2.924055e-001
2.523205915178607e-010	2.411149e-001	2.795576e-001
2.542214006696466e-010	2.417145e-001	2.645224e-001
2.561222098214325e-010	2.404964e-001	2.473000e-001
2.580230189732183e-010	2.374608e-001	2.278905e-001
2.599238281250041e-010	2.326076e-001	2.062937e-001
2.610573381696471e-010	2.287342e-001	1.928671e-001
2.621908482142900e-010	2.243251e-001	1.794425e-001
2.633243582589329e-010	2.193803e-001	1.660199e-001
2.644578683035759e-010	2.138997e-001	1.525992e-001
2.655913783482189e-010	2.078835e-001	1.391806e-001
2.667248883928618e-010	2.013315e-001	1.257641e-001
2.678583984375047e-010	1.942438e-001	1.123495e-001
2.688872767857191e-010	1.874485e-001	1.006700e-001
2.699161551339334e-010	1.804930e-001	8.958040e-002
2.709450334821478e-010	1.733773e-001	7.908076e-002
2.719739118303622e-010	1.661016e-001	6.917105e-002
2.730027901785766e-010	1.586656e-001	5.985127e-002
2.740316685267909e-010	1.510696e-001	5.112142e-002
2.750605468750053e-010	1.433134e-001	4.298149e-002
2.759324776785768e-010	1.367823e-001	3.678106e-002
2.768044084821483e-010	1.303406e-001	3.108147e-002
2.776763392857198e-010	1.239884e-001	2.588274e-002
2.785482700892912e-010	1.177257e-001	2.118486e-002
2.794202008928628e-010	1.115525e-001	1.698784e-002
2.802921316964342e-010	1.054688e-001	1.329167e-002
2.811640625000057e-010	9.947450e-002	1.009635e-002
2.816349051339343e-010	9.632754e-002	8.542118e-003
2.821057477678630e-010	9.323386e-002	7.093862e-003
2.825765904017915e-010	9.019349e-002	5.751579e-003
2.830474330357202e-010	8.720640e-002	4.515271e-003
2.835182756696488e-010	8.427262e-002	3.384935e-003
2.839891183035774e-010	8.139213e-002	2.360574e-003
2.844599609375060e-010	7.856493e-002	1.442185e-003
2.848610491071489e-010	7.620515e-002	7.247898e-004
2.852621372767917e-010	7.388905e-002	5.685194e-005
2.856632254464346e-010	7.161665e-002	-5.616284e-004
2.860643136160776e-010	6.938794e-002	-1.130651e-003
2.864654017857204e-010	6.720293e-002	-1.650216e-003
2.868664899553633e-010	6.506160e-002	-2.120324e-003
2.872675781250062e-010	6.296397e-002	-2.540973e-003
2.877907366071491e-010	6.029695e-002	-3.030243e-003
2.883138950892920e-010	5.770299e-002	-3.479928e-003
2.888370535714349e-010	5.518209e-002	-3.890030e-003
2.893602120535778e-010	5.273425e-002	-4.260546e-003
2.898833705357207e-010	5.035948e-002	-4.591479e-003
2.904065290178636e-010	4.805777e-002	-4.882827e-003
2.909296875000065e-010	4.582912e-002	-5.134591e-003
2.921678292410780e-010	4.087634e-002	-5.682729e-003
2.934059709821495e-010	3.623567e-002	-6.187983e-003
2.946441127232210e-010	3.190710e-002	-6.650354e-003
2.958822544642925e-010	2.789064e-002	-7.069841e-003
2.971203962053641e-010	2.418628e-002	-7.446445e-003
2.983585379464356e-010	2.079403e-002	-7.780165e-003
2.995966796875071e-010	1.771389e-002	-8.071002e-003
3.003291015625072e-010	1.598125e-002	-8.195458e-003
3.010615234375072e-010	1.433076e-002	-8.237348e-003
3.017939453125073e-010	1.276243e-002	-8.196671e-003
3.025263671875073e-010	1.127626e-002	-8.073427e-003
3.032587890625074e-010	9.872235e-003	-7.867617e-003
3.039912109375074e-010	8.550370e-003	-7.579240e-003
3.047236328125075e-010	7.310660e-003	-7.208297e-003
3.057001953125076e-010	5.774122e-003	-6.508703e-003
3.066767578125077e-010	4.396654e-003	-5.561223e-003
3.076533203125077e-010	3.178257e-003	-4.365859e-003
3.086298828125078e-010	2.118930e-003	-2.922609e-003
3.096064453125079e-010	1.218674e-003	-1.231474e-003
3.105830078125079e-010	4.774876e-004	7.075456e-004
3.115595703125080e-010	-1.046284e-004	2.894451e-003
3.122047991071509e-010	-3.877856e-004	4.488437e-003
3.128500279017938e-010	-5.939893e-004	6.160426e-003
3.134952566964367e-010	-7.232396e-004	7.910418e-003
3.141404854910797e-010	-7.755364e-004	9.738412e-003
3.147857142857226e-010	-7.508797e-004	1.164441e-002
3.154309430803655e-010	-6.492695e-004	1.362841e-002
3.160761718750084e-010	-4.707059e-004	1.569041e-002
3.168085937500084e-010	-1.683735e-004	1.810380e-002
3.175410156250085e-010	2.214409e-004	2.052143e-002
3.182734375000085e-010	6.987373e-004	2.294330e-002
3.190058593750086e-010	1.263516e-003	2.536941e-002
3.197382812500086e-010	1.915776e-003	2.779976e-002
3.204707031250087e-010	2.655519e-003	3.023436e-002
3.212031250000087e-010	3.482744e-003	3.267320e-002
3.219878627232231e-010	4.458781e-003	3.522161e-002
3.227726004464374e-010	5.491988e-003	3.765503e-002
3.235573381696518e-010	6.582366e-003	3.997346e-002
3.243420758928661e-010	7.729915e-003	4.217690e-002
3.251268136160805e-010	8.934633e-003	4.426535e-002
3.259115513392948e-010	1.019652e-002	4.623881e-002
3.266962890625092e-010	1.151558e-002	4.809728e-002
3.276902901785807e-010	1.323946e-002	5.018767e-002
3.286842912946522e-010	1.495012e-002	5.201336e-002
3.296782924107237e-010	1.664758e-002	5.357435e-002
3.306722935267952e-010	1.833182e-002	5.487065e-002
3.316662946428667e-010	2.000286e-002	5.590225e-002
3.326602957589382e-010	2.166069e-002	5.666916e-002
3.336542968750097e-010	2.330530e-002	5.717137e-002
3.351191406250098e-010	2.559305e-002	5.735875e-002
3.365839843750099e-010	2.767229e-002	5.722428e-002
3.380488281250100e-010	2.954303e-002	5.676797e-002
3.395136718750101e-010	3.120527e-002	5.598981e-002
3.409785156250102e-010	3.265901e-002	5.488980e-002
3.424433593750103e-010	3.390424e-002	5.346795e-002
3.439082031250104e-010	3.494098e-002	5.172425e-002
3.454602399553677e-010	3.576896e-002	4.988915e-002
3.470122767857250e-010	3.635638e-002	4.778627e-002
3.485643136160822e-010	3.670326e-002	4.541561e-002
3.501163504464395e-010	3.680958e-002	4.277718e-002
3.516683872767967e-010	3.667535e-002	3.987097e-002
3.532204241071540e-010	3.630057e-002	3.669698e-002
3.547724609375113e-010	3.568524e-002	3.325522e-002
3.558362165178685e-010	3.512059e-002	3.057504e-002
3.568999720982257e-010	3.442498e-002	2.772623e-002
3.579637276785830e-010	3.359843e-002	2.470879e-002
3.590274832589401e-010	3.264093e-002	2.152272e-002
3.600912388392974e-010	3.155248e-002	1.816803e-002
3.611549944196546e-010	3.033308e-002	1.464470e-002
3.622187500000118e-010	2.898274e-002	1.095274e-002
3.626895926339404e-010	2.833910e-002	9.299529e-003
3.631604352678690e-010	2.767086e-002	7.644072e-003
3.636312779017976e-010	2.697802e-002	5.986365e-003
3.641021205357263e-010	2.626058e-002	4.326407e-003
3.645729631696549e-010	2.551854e-002	2.664199e-003
3.650438058035835e-010	2.475190e-002	9.997401e-004
3.655146484375121e-010	2.396066e-002	-6.669689e-004
3.660203683035836e-010	2.308377e-002	-2.445859e-003
3.665260881696550e-010	2.218614e-002	-4.187745e-003
3.670318080357265e-010	2.126778e-002	-5.892627e-003
3.675375279017979e-010	2.032868e-002	-7.560506e-003
3.680432477678694e-010	1.936884e-002	-9.191381e-003
3.685489676339408e-010	1.838827e-002	-1.078525e-002
3.690546875000123e-010	1.738696e-002	-1.234212e-002
3.694034598214409e-010	1.668882e-002	-1.337596e-002
3.697522321428695e-010	1.598631e-002	-1.437545e-002
3.701010044642981e-010	1.527944e-002	-1.534059e-002
3.704497767857267e-010	1.456820e-002	-1.627138e-002
3.707985491071553e-010	1.385259e-002	-1.716782e-002
3.711473214285839e-010	1.313262e-002	-1.802991e-002
3.714960937500125e-010	1.240828e-002	-1.885765e-002
3.716181640625125e-010	1.215503e-002	-1.913638e-002
3.723157087053697e-010	1.068806e-002	-2.064958e-002
3.730132533482269e-010	9.240269e-003	-2.196815e-002
3.737107979910841e-010	7.811663e-003	-2.309208e-002
3.744083426339413e-010	6.402242e-003	-2.402138e-002
3.751058872767985e-010	5.012004e-003	-2.475604e-002
3.758034319196557e-010	3.640951e-003	-2.529608e-002
3.765009765625129e-010	2.289081e-003	-2.564147e-002
3.771113281250129e-010	1.147587e-003	-2.575167e-002
3.777216796875130e-010	5.413507e-005	-2.571096e-002
3.783320312500130e-010	-9.912739e-004	-2.551936e-002
3.789423828125131e-010	-1.988640e-003	-2.517687e-002
3.795527343750131e-010	-2.937964e-003	-2.468348e-002
3.801630859375132e-010	-3.839245e-003	-2.403919e-002
3.807734375000132e-010	-4.692484e-003	-2.324401e-002
3.814884207589418e-010	-5.610262e-003	-2.211952e-002
3.822034040178705e-010	-6.435388e-003	-2.086506e-002
3.829183872767991e-010	-7.167862e-003	-1.948063e-002
3.836333705357277e-010	-7.807683e-003	-1.796623e-002
3.843483537946563e-010	-8.354853e-003	-1.632185e-002
3.850633370535850e-010	-8.809371e-003	-1.454750e-002
3.857783203125136e-010	-9.171236e-003	-1.264317e-002
3.863189174107279e-010	-9.375775e-003	-1.116782e-002
3.868595145089422e-010	-9.528313e-003	-9.678294e-003
3.874001116071566e-010	-9.628851e-003	-8.174589e-003
3.879407087053709e-010	-9.677387e-003	-6.656707e-003
3.884813058035852e-010	-9.673924e-003	-5.124649e-003
3.890219029017995e-010	-9.618460e-003	-3.578414e-003
3.895625000000139e-010	-9.510995e-003	-2.018003e-003
3.900333426339425e-010	-9.378013e-003	-6.737578e-004
3.905041852678711e-010	-9.213782e-003	6.489085e-004
3.909750279017997e-010	-9.018302e-003	1.949996e-003
3.914458705357283e-010	-8.791575e-003	3.229505e-003
3.919167131696569e-010	-8.533598e-003	4.487434e-003
3.923875558035855e-010	-8.244373e-003	5.723785e-003
3.928583984375141e-010	-7.923899e-003	6.938558e-003
3.936082589285856e-010	-7.349230e-003	8.806584e-003
3.943581194196571e-010	-6.732735e-003	1.056241e-002
3.951079799107286e-010	-6.074415e-003	1.220602e-002
3.958578404018001e-010	-5.374269e-003	1.373743e-002
3.966077008928716e-010	-4.632297e-003	1.515663e-002
3.973575613839430e-010	-3.848500e-003	1.646363e-002
3.981074218750145e-010	-3.022878e-003	1.765842e-002
3.988049665178717e-010	-2.242942e-003	1.864161e-002
3.995025111607289e-010	-1.464612e-003	1.951674e-002
4.002000558035861e-010	-6.878890e-004	2.028380e-002
4.008976004464433e-010	8.722787e-005	2.094281e-002
4.015951450893005e-010	8.607384e-004	2.149374e-002
4.022926897321577e-010	1.632643e-003	2.193662e-002
4.029902343750149e-010	2.402941e-003	2.227143e-002
4.039667968750150e-010	3.455153e-003	2.255278e-002
4.049433593750150e-010	4.447163e-003	2.266601e-002
4.059199218750151e-010	5.378971e-003	2.261113e-002
4.068964843750152e-010	6.250577e-003	2.238812e-002
4.078730468750153e-010	7.061981e-003	2.199700e-002
4.088496093750153e-010	7.813183e-003	2.143777e-002
4.098261718750154e-010	8.504183e-003	2.071042e-002
4.109248046875155e-010	9.173553e-003	1.972070e-002
4.120234375000156e-010	9.734196e-003	1.861026e-002
4.131220703125156e-010	1.018611e-002	1.737911e-002
4.142207031250157e-010	1.052931e-002	1.602723e-002
4.153193359375158e-010	1.076377e-002	1.455462e-002
4.164179687500159e-010	1.088951e-002	1.296130e-002
4.175166015625160e-010	1.090652e-002	1.124725e-002
4.182839006696589e-010	1.084975e-002	1.002004e-002
4.190511997768018e-010	1.074564e-002	8.785621e-003
4.198184988839447e-010	1.059419e-002	7.544012e-003
4.205857979910877e-010	1.039540e-002	6.295208e-003
4.213530970982306e-010	1.014927e-002	5.039208e-003
4.221203962053735e-010	9.855799e-003	3.776014e-003
4.228876953125164e-010	9.514989e-003	2.505625e-003
4.234980468750164e-010	9.214657e-003	1.512752e-003
4.241083984375165e-010	8.894185e-003	5.473315e-004
4.247187500000165e-010	8.553573e-003	-3.906365e-004
4.253291015625166e-010	8.192820e-003	-1.301152e-003
4.259394531250166e-010	7.811926e-003	-2.184215e-003
4.265498046875167e-010	7.410892e-003	-3.039826e-003
4.271601562500167e-010	6.989718e-003	-3.867985e-003
4.279448939732311e-010	6.421620e-003	-4.876068e-003
4.287296316964454e-010	5.846564e-003	-5.783490e-003
4.295143694196597e-010	5.264552e-003	-6.590252e-003
4.302991071428741e-010	4.675583e-003	-7.296354e-003
4.310838448660884e-010	4.079657e-003	-7.901796e-003
4.318685825893028e-010	3.476774e-003	-8.406577e-003
4.326533203125171e-010	2.866934e-003	-8.810697e-003
4.333508649553743e-010	2.335464e-003	-9.052320e-003
4.340484095982315e-010	1.825028e-003	-9.184897e-003
4.347459542410887e-010	1.335627e-003	-9.208429e-003
4.354434988839459e-010	8.672597e-004	-9.122916e-003
4.361410435268031e-010	4.199268e-004	-8.928357e-003
4.368385881696603e-010	-6.371947e-006	-8.624753e-003
4.375361328125175e-010	-4.116364e-004	-8.212104e-003
4.383034319196604e-010	-8.176342e-004	-7.612710e-003
4.390707310268033e-010	-1.170703e-003	-6.892366e-003
4.398380301339462e-010	-1.470843e-003	-6.051073e-003
4.406053292410892e-010	-1.718054e-003	-5.088829e-003
4.413726283482321e-010	-1.912336e-003	-4.005636e-003
4.421399274553750e-010	-2.053690e-003	-2.801493e-003
4.429072265625179e-010	-2.142114e-003	-1.476401e-003
4.434129464285894e-010	-2.162100e-003	-5.526764e-004
4.439186662946608e-010	-2.154184e-003	4.010761e-004
4.444243861607323e-010	-2.118365e-003	1.384857e-003
4.449301060268037e-010	-2.054644e-003	2.398666e-003
4.454358258928752e-010	-1.963021e-003	3.442504e-003
4.459415457589467e-010	-1.843495e-003	4.516370e-003
4.464472656250182e-010	-1.696068e-003	5.620264e-003
4.471448102678754e-010	-1.442243e-003	7.184536e-003
4.478423549107326e-010	-1.140504e-003	8.746047e-003
4.485398995535898e-010	-7.908512e-004	1.030480e-002
4.492374441964469e-010	-3.932841e-004	1.186079e-002
4.499349888393041e-010	5.219717e-005	1.341402e-002
4.506325334821613e-010	5.455926e-004	1.496448e-002
4.513300781250185e-010	1.086902e-003	1.651219e-002
4.521148158482329e-010	1.750722e-003	1.820552e-002
4.528995535714472e-010	2.446989e-003	1.981003e-002
4.536842912946615e-010	3.175701e-003	2.132571e-002
4.544690290178759e-010	3.936860e-003	2.275258e-002
4.552537667410903e-010	4.730465e-003	2.409062e-002
4.560385044643046e-010	5.556517e-003	2.533984e-002
4.568232421875189e-010	6.415014e-003	2.650023e-002
4.577823660714476e-010	7.489184e-003	2.773539e-002
4.587414899553762e-010	8.544233e-003	2.877270e-002
4.597006138393048e-010	9.580160e-003	2.961216e-002
4.606597377232335e-010	1.059697e-002	3.025378e-002
4.616188616071621e-010	1.159465e-002	3.069755e-002
4.625779854910908e-010	1.257321e-002	3.094347e-002
4.635371093750194e-010	1.353265e-002	3.099155e-002
4.649845145089476e-010	1.488433e-002	3.063572e-002
4.664319196428758e-010	1.604278e-002	2.989910e-002
4.678793247768041e-010	1.700797e-002	2.878168e-002
4.693267299107322e-010	1.777993e-002	2.728346e-002
4.707741350446605e-010	1.835865e-002	2.540444e-002
4.722215401785886e-010	1.874412e-002	2.314463e-002
4.736689453125168e-010	1.893635e-002	2.050402e-002
4.746106305803737e-010	1.891258e-002	1.863277e-002
4.755523158482305e-010	1.878827e-002	1.666456e-002
4.764940011160873e-010	1.856343e-002	1.459938e-002
4.774356863839441e-010	1.823805e-002	1.243725e-002
4.783773716518009e-010	1.781213e-002	1.017816e-002
4.793190569196577e-010	1.728568e-002	7.822102e-003
4.802607421875145e-010	1.665870e-002	5.369088e-003
4.808885323660858e-010	1.618480e-002	3.707560e-003
4.815163225446569e-010	1.567141e-002	2.040449e-003
4.821441127232282e-010	1.511851e-002	3.677539e-004
4.827719029017994e-010	1.452612e-002	-1.310525e-003
4.833996930803706e-010	1.389423e-002	-2.994388e-003
4.840274832589418e-010	1.322284e-002	-4.683835e-003
4.846552734375130e-010	1.251195e-002	-6.378866e-003
4.854051339285842e-010	1.161160e-002	-8.393773e-003
4.861549944196553e-010	1.067507e-002	-1.034749e-002
4.869048549107265e-010	9.702352e-003	-1.224001e-002
4.876547154017977e-010	8.693447e-003	-1.407135e-002
4.884045758928689e-010	7.648357e-003	-1.584149e-002
4.891544363839400e-010	6.567082e-003	-1.755045e-002
4.899042968750112e-010	5.449622e-003	-1.919821e-002
4.905495256696538e-010	4.472146e-003	-2.052547e-002
4.911947544642965e-010	3.491889e-003	-2.176030e-002
4.918399832589390e-010	2.508851e-003	-2.290271e-002
4.924852120535817e-010	1.523032e-003	-2.395269e-002
4.931304408482243e-010	5.344314e-004	-2.491023e-002
4.937756696428670e-010	-4.569497e-004	-2.577535e-002
4.944208984375096e-010	-1.451112e-003	-2.654805e-002
4.947173549107238e-010	-1.901503e-003	-2.686300e-002
4.950138113839379e-010	-2.348588e-003	-2.715502e-002
4.953102678571521e-010	-2.792368e-003	-2.742411e-002
4.956067243303664e-010	-3.232842e-003	-2.767027e-002
4.959031808035805e-010	-3.670011e-003	-2.789351e-002
4.961996372767947e-010	-4.103874e-003	-2.809381e-002
4.964960937500089e-010	-4.534432e-003	-2.827119e-002
4.966181640625088e-010	-4.710098e-003	-2.833738e-002
4.976296037946513e-010	-6.157407e-003	-2.869944e-002
4.986410435267939e-010	-7.512883e-003	-2.882669e-002
4.996524832589363e-010	-8.776525e-003	-2.871914e-002
5.006639229910789e-010	-9.948334e-003	-2.837679e-002
5.016753627232214e-010	-1.102831e-002	-2.779963e-002
5.026868024553639e-010	-1.201645e-002	-2.698767e-002
5.036982421875064e-010	-1.291276e-002	-2.594091e-002
5.045876116071489e-010	-1.358440e-002	-2.487477e-002
5.054769810267915e-010	-1.416642e-002	-2.375423e-002
5.063663504464340e-010	-1.465882e-002	-2.257928e-002
5.072557198660766e-010	-1.506159e-002	-2.134992e-002
5.081450892857191e-010	-1.537473e-002	-2.006615e-002
5.090344587053617e-010	-1.559826e-002	-1.872797e-002
5.099238281250042e-010	-1.573216e-002	-1.733539e-002
5.108306361607182e-010	-1.577531e-002	-1.594765e-002
5.117374441964321e-010	-1.575728e-002	-1.463199e-002
5.126442522321461e-010	-1.567808e-002	-1.338839e-002
5.135510602678601e-010	-1.553770e-002	-1.221687e-002
5.144578683035741e-010	-1.533616e-002	-1.111742e-002
5.153646763392880e-010	-1.507344e-002	-1.009005e-002
5.162714843750020e-010	-1.474955e-002	-9.134749e-003
5.174747488839301e-010	-1.425253e-002	-8.087829e-003
5.186780133928583e-010	-1.375109e-002	-7.232561e-003
5.198812779017865e-010	-1.324522e-002	-6.568944e-003
5.210845424107146e-010	-1.273493e-002	-6.096980e-003
5.222878069196427e-010	-1.222021e-002	-5.816668e-003
5.234910714285709e-010	-1.170106e-002	-5.728009e-003
5.246943359374991e-010	-1.117749e-002	-5.831001e-003
5.257057756696415e-010	-1.079001e-002	-6.037248e-003
5.267172154017841e-010	-1.044154e-002	-6.314369e-003
5.277286551339265e-010	-1.013206e-002	-6.662364e-003
5.287400948660691e-010	-9.861578e-003	-7.081234e-003
5.297515345982116e-010	-9.630097e-003	-7.570977e-003
5.307629743303541e-010	-9.437614e-003	-8.131595e-003
5.317744140624966e-010	-9.284129e-003	-8.763087e-003
5.341286272321386e-010	-9.115452e-003	-1.037209e-002
5.364828404017807e-010	-9.172312e-003	-1.218679e-002
5.388370535714227e-010	-9.454711e-003	-1.420721e-002
5.411912667410648e-010	-9.962648e-003	-1.643334e-002
5.435454799107068e-010	-1.069612e-002	-1.886517e-002
5.458996930803489e-010	-1.165514e-002	-2.150272e-002
5.482539062499909e-010	-1.283969e-002	-2.434597e-002
5.494397321428476e-010	-1.352331e-002	-2.581846e-002
5.506255580357043e-010	-1.423541e-002	-2.719695e-002
5.518113839285611e-010	-1.497598e-002	-2.848144e-002
5.529972098214177e-010	-1.574502e-002	-2.967191e-002
5.541830357142745e-010	-1.654253e-002	-3.076838e-002
5.553688616071312e-010	-1.736851e-002	-3.177085e-002
5.565546874999880e-010	-1.822297e-002	-3.267931e-002
5.579497767857017e-010	-1.924778e-002	-3.345167e-002
5.593448660714155e-010	-2.019079e-002	-3.388874e-002
5.607399553571293e-010	-2.105201e-002	-3.399050e-002
5.621350446428432e-010	-2.183144e-002	-3.375697e-002
5.635301339285570e-010	-2.252907e-002	-3.318815e-002
5.649252232142708e-010	-2.314491e-002	-3.228403e-002
5.663203124999846e-010	-2.367895e-002	-3.104461e-002
5.674015066964127e-010	-2.395816e-002	-2.981493e-002
5.684827008928410e-010	-2.413834e-002	-2.847665e-002
5.695638950892692e-010	-2.421948e-002	-2.702977e-002
5.706450892856973e-010	-2.420159e-002	-2.547428e-002
5.717262834821255e-010	-2.408466e-002	-2.381019e-002
5.728074776785538e-010	-2.386869e-002	-2.203750e-002
5.738886718749819e-010	-2.355369e-002	-2.015621e-002
5.749175502231958e-010	-2.315083e-002	-1.836513e-002
5.759464285714097e-010	-2.268136e-002	-1.661347e-002
5.769753069196237e-010	-2.214528e-002	-1.490126e-002
5.780041852678377e-010	-2.154259e-002	-1.322847e-002
5.790330636160516e-010	-2.087329e-002	-1.159512e-002
5.800619419642655e-010	-2.013738e-002	-1.000121e-002
5.810908203124794e-010	-1.933486e-002	-8.446729e-003
5.819976283481934e-010	-1.859636e-002	-7.172946e-003
5.829044363839073e-010	-1.784058e-002	-5.948366e-003
5.838112444196213e-010	-1.706752e-002	-4.772988e-003
5.847180524553353e-010	-1.627717e-002	-3.646814e-003
5.856248604910493e-010	-1.546954e-002	-2.569842e-003
5.865316685267632e-010	-1.464464e-002	-1.542072e-003
5.874384765624772e-010	-1.380245e-002	-5.635058e-004
5.881360212053341e-010	-1.315685e-002	1.701763e-004
5.888335658481910e-010	-1.251000e-002	9.019829e-004
5.895311104910479e-010	-1.186191e-002	1.631914e-003
5.902286551339048e-010	-1.121256e-002	2.359970e-003
5.909261997767617e-010	-1.056197e-002	3.086151e-003
5.916237444196186e-010	-9.910125e-003	3.810456e-003
5.923212890624755e-010	-9.257033e-003	4.532885e-003
5.938210100446178e-010	-7.864018e-003	6.160882e-003
5.953207310267602e-010	-6.449422e-003	7.866334e-003
5.968204520089025e-010	-5.013243e-003	9.649240e-003
5.983201729910449e-010	-3.555481e-003	1.150960e-002
5.998198939731872e-010	-2.076138e-003	1.344742e-002
6.013196149553296e-010	-5.752121e-004	1.546269e-002
6.028193359374718e-010	9.472961e-004	1.755542e-002
6.039702845981857e-010	2.156129e-003	1.917273e-002
6.051212332588996e-010	3.368493e-003	2.070390e-002
6.062721819196135e-010	4.584390e-003	2.214892e-002
6.074231305803274e-010	5.803817e-003	2.350779e-002
6.085740792410413e-010	7.026776e-003	2.478052e-002
6.097250279017552e-010	8.253267e-003	2.596710e-002
6.108759765624690e-010	9.483290e-003	2.706752e-002
6.123756975446113e-010	1.106962e-002	2.818332e-002
6.138754185267537e-010	1.256455e-002	2.906632e-002
6.153751395088960e-010	1.396809e-002	2.971655e-002
6.168748604910384e-010	1.528022e-002	3.013399e-002
6.183745814731807e-010	1.650095e-002	3.031866e-002
6.198743024553231e-010	1.763029e-002	3.027053e-002
6.213740234374654e-010	1.866823e-002	2.998963e-002
6.216181640624653e-010	1.882054e-002	2.994045e-002
6.237282366071074e-010	1.995190e-002	2.933273e-002
6.258383091517496e-010	2.089914e-002	2.869032e-002
6.279483816963916e-010	2.166227e-002	2.801321e-002
6.300584542410338e-010	2.224128e-002	2.730140e-002
6.321685267856759e-010	2.263617e-002	2.655490e-002
6.342785993303181e-010	2.284695e-002	2.577370e-002
6.363886718749601e-010	2.287361e-002	2.495780e-002
6.379232700892453e-010	2.287149e-002	2.431190e-002
6.394578683035305e-010	2.278145e-002	2.346416e-002
6.409924665178157e-010	2.260350e-002	2.241457e-002
6.425270647321008e-010	2.233762e-002	2.116315e-002
6.440616629463860e-010	2.198382e-002	1.970989e-002
6.455962611606712e-010	2.154210e-002	1.805478e-002
6.471308593749564e-010	2.101246e-002	1.619783e-002
6.480551060267418e-010	2.062255e-002	1.491891e-002
6.489793526785272e-010	2.018437e-002	1.358452e-002
6.499035993303126e-010	1.969792e-002	1.219467e-002
6.508278459820979e-010	1.916320e-002	1.074937e-002
6.517520926338833e-010	1.858020e-002	9.248607e-003
6.526763392856687e-010	1.794894e-002	7.692384e-003
6.536005859374542e-010	1.726940e-002	6.080702e-003
6.541934988838825e-010	1.680645e-002	5.045614e-003
6.547864118303109e-010	1.632643e-002	4.017373e-003
6.553793247767393e-010	1.582933e-002	2.995980e-003
6.559722377231676e-010	1.531514e-002	1.981434e-003
6.565651506695959e-010	1.478388e-002	9.737343e-004
6.571580636160244e-010	1.423554e-002	-2.711782e-005
6.577509765624527e-010	1.367011e-002	-1.021123e-003
6.585182756695953e-010	1.291303e-002	-2.280979e-003
6.592855747767379e-010	1.214279e-002	-3.484744e-003
6.600528738838804e-010	1.135939e-002	-4.632416e-003
6.608201729910231e-010	1.056285e-002	-5.723995e-003
6.615874720981656e-010	9.753153e-003	-6.759483e-003
6.623547712053083e-010	8.930306e-003	-7.738878e-003
6.631220703124508e-010	8.094307e-003	-8.662181e-003
6.640637555803077e-010	7.061215e-003	-9.681033e-003
6.650054408481644e-010	6.046584e-003	-1.058042e-002
6.659471261160213e-010	5.050413e-003	-1.136033e-002
6.668888113838781e-010	4.072703e-003	-1.202078e-002
6.678304966517349e-010	3.113454e-003	-1.256176e-002
6.687721819195917e-010	2.172666e-003	-1.298327e-002
6.697138671874485e-010	1.250338e-003	-1.328532e-002
6.707427455356624e-010	2.910214e-004	-1.346769e-002
6.717716238838764e-010	-6.088278e-004	-1.353758e-002
6.728005022320903e-010	-1.449209e-003	-1.349498e-002
6.738293805803043e-010	-2.230123e-003	-1.333991e-002
6.748582589285182e-010	-2.951569e-003	-1.307235e-002
6.758871372767321e-010	-3.613548e-003	-1.269232e-002
6.769160156249460e-010	-4.216059e-003	-1.219980e-002
6.782064732142313e-010	-4.864182e-003	-1.145769e-002
6.794969308035166e-010	-5.404303e-003	-1.061724e-002
6.807873883928019e-010	-5.836422e-003	-9.678467e-003
6.820778459820870e-010	-6.160538e-003	-8.641362e-003
6.833683035713723e-010	-6.376651e-003	-7.505925e-003
6.846587611606576e-010	-6.484762e-003	-6.272158e-003
6.859492187499429e-010	-6.484870e-003	-4.940060e-003
6.867339564731569e-010	-6.434644e-003	-4.104558e-003
6.875186941963709e-010	-6.350051e-003	-3.256177e-003
6.883034319195849e-010	-6.231090e-003	-2.394917e-003
6.890881696427990e-010	-6.077761e-003	-1.520778e-003
6.898729073660130e-010	-5.890066e-003	-6.337607e-004
6.906576450892270e-010	-5.668002e-003	2.661360e-004
6.914423828124410e-010	-5.411571e-003	1.178912e-003
6.922445591517264e-010	-5.115970e-003	2.116035e-003
6.930467354910119e-010	-4.795338e-003	3.033081e-003
6.938489118302973e-010	-4.449674e-003	3.930051e-003
6.946510881695827e-010	-4.078980e-003	4.806945e-003
6.954532645088681e-010	-3.683254e-003	5.663763e-003
6.962554408481536e-010	-3.262497e-003	6.500504e-003
6.970576171874390e-010	-2.816708e-003	7.317170e-003
6.978946707588673e-010	-2.330522e-003	8.125247e-003
6.987317243302956e-010	-1.837743e-003	8.866759e-003
6.995687779017239e-010	-1.338371e-003	9.541705e-003
7.004058314731521e-010	-8.324068e-004	1.015009e-002
7.012428850445804e-010	-3.198498e-004	1.069190e-002
7.020799386160087e-010	1.992998e-004	1.116716e-002
7.029169921874370e-010	7.250421e-004	1.157584e-002
7.038586774552938e-010	1.311232e-003	1.192135e-002
7.048003627231506e-010	1.871254e-003	1.215305e-002
7.057420479910074e-010	2.405110e-003	1.227095e-002
7.066837332588642e-010	2.912799e-003	1.227503e-002
7.076254185267211e-010	3.394321e-003	1.216530e-002
7.085671037945778e-010	3.849677e-003	1.194176e-002
7.095087890624347e-010	4.278866e-003	1.160441e-002
7.104330357142201e-010	4.652211e-003	1.114864e-002
7.113572823660055e-010	4.976769e-003	1.061958e-002
7.122815290177909e-010	5.252541e-003	1.001721e-002
7.132057756695762e-010	5.479525e-003	9.341553e-003
7.141300223213616e-010	5.657723e-003	8.592595e-003
7.150542689731470e-010	5.787135e-003	7.770339e-003
7.159785156249324e-010	5.867759e-003	6.874786e-003
7.166760602677894e-010	5.889812e-003	6.180843e-003
7.173736049106462e-010	5.885374e-003	5.488992e-003
7.180711495535031e-010	5.854446e-003	4.799233e-003
7.187686941963600e-010	5.797026e-003	4.111566e-003
7.194662388392169e-010	5.713116e-003	3.425991e-003
7.201637834820738e-010	5.602715e-003	2.742509e-003
7.208613281249307e-010	5.465823e-003	2.061119e-003
7.215239955356448e-010	5.313377e-003	1.438701e-003
7.221866629463588e-010	5.147297e-003	8.537239e-004
7.228493303570728e-010	4.967583e-003	3.061862e-004
7.235119977677870e-010	4.774235e-003	-2.039116e-004
7.241746651785010e-010	4.567253e-003	-6.765696e-004
7.248373325892151e-010	4.346636e-003	-1.111788e-003
7.254999999999291e-010	4.112386e-003	-1.509566e-003
7.264068080356431e-010	3.774297e-003	-1.964320e-003
7.273136160713570e-010	3.443994e-003	-2.306277e-003
7.282204241070710e-010	3.121479e-003	-2.535436e-003
7.291272321427850e-010	2.806750e-003	-2.651799e-003
7.300340401784990e-010	2.499808e-003	-2.655364e-003
7.309408482142129e-010	2.200653e-003	-2.546133e-003
7.318476562499269e-010	1.909285e-003	-2.324104e-003
7.325277622767124e-010	1.714517e-003	-2.072215e-003
7.332078683034979e-010	1.540485e-003	-1.766510e-003
7.338879743302834e-010	1.387189e-003	-1.406990e-003
7.345680803570688e-010	1.254629e-003	-9.936539e-004
7.352481863838542e-010	1.142805e-003	-5.265023e-004
7.359282924106397e-010	1.051717e-003	-5.535192e-006
7.366083984374252e-010	9.813656e-004	5.692475e-004
7.372361886159965e-010	9.413157e-004	1.137782e-003
7.378639787945676e-010	9.231312e-004	1.724522e-003
7.384917689731388e-010	9.268123e-004	2.329468e-003
7.391195591517101e-010	9.523587e-004	2.952619e-003
7.397473493302813e-010	9.997706e-004	3.593975e-003
7.403751395088525e-010	1.069048e-003	4.253538e-003
7.410029296874237e-010	1.160191e-003	4.931305e-003
7.417702287945662e-010	1.304731e-003	5.768402e-003
7.425375279017089e-010	1.474186e-003	6.576617e-003
7.433048270088514e-010	1.668556e-003	7.355948e-003
7.440721261159941e-010	1.887841e-003	8.106397e-003
7.448394252231366e-010	2.132042e-003	8.827963e-003
7.456067243302793e-010	2.401158e-003	9.520647e-003
7.463740234374218e-010	2.695188e-003	1.018445e-002
7.466181640624217e-010	2.790342e-003	1.037734e-002
7.475424107142072e-010	3.178833e-003	1.107104e-002
7.484666573659926e-010	3.567259e-003	1.164620e-002
7.493909040177780e-010	3.955619e-003	1.210282e-002
7.503151506695633e-010	4.343914e-003	1.244091e-002
7.512393973213487e-010	4.732143e-003	1.266047e-002
7.521636439731341e-010	5.120307e-003	1.276149e-002
7.530878906249195e-010	5.508406e-003	1.274397e-002
7.542388392856334e-010	5.963417e-003	1.249429e-002
7.553897879463472e-010	6.348215e-003	1.204751e-002
7.565407366070611e-010	6.662800e-003	1.140361e-002
7.576916852677751e-010	6.907173e-003	1.056261e-002
7.588426339284889e-010	7.081334e-003	9.524502e-003
7.599935825892028e-010	7.185281e-003	8.289285e-003
7.611445312499167e-010	7.219017e-003	6.856962e-003
7.618420758927736e-010	7.182045e-003	5.916433e-003
7.625396205356305e-010	7.108341e-003	4.933761e-003
7.632371651784874e-010	6.997903e-003	3.908944e-003
7.639347098213443e-010	6.850732e-003	2.841982e-003
7.646322544642012e-010	6.666828e-003	1.732877e-003
7.653297991070580e-010	6.446190e-003	5.816273e-004
7.660273437499150e-010	6.188820e-003	-6.117665e-004
7.667423270088433e-010	5.883843e-003	-1.863840e-003
7.674573102677717e-010	5.543161e-003	-3.124620e-003
7.681722935267000e-010	5.166775e-003	-4.394107e-003
7.688872767856283e-010	4.754684e-003	-5.672299e-003
7.696022600445566e-010	4.306888e-003	-6.959199e-003
7.703172433034849e-010	3.823388e-003	-8.254805e-003
7.710322265624132e-010	3.304183e-003	-9.559117e-003
7.719041573659844e-010	2.623355e-003	-1.114230e-002
7.727760881695554e-010	1.909390e-003	-1.267740e-002
7.736480189731266e-010	1.162290e-003	-1.416444e-002
7.745199497766978e-010	3.820533e-004	-1.560340e-002
7.753918805802689e-010	-4.313194e-004	-1.699429e-002
7.762638113838400e-010	-1.277828e-003	-1.833711e-002
7.771357421874111e-010	-2.157473e-003	-1.963186e-002
7.780774274552680e-010	-3.132098e-003	-2.093748e-002
7.790191127231247e-010	-4.104458e-003	-2.211970e-002
7.799607979909816e-010	-5.074553e-003	-2.317852e-002
7.809024832588383e-010	-6.042384e-003	-2.411394e-002
7.818441685266952e-010	-7.007950e-003	-2.492595e-002
7.827858537945520e-010	-7.971251e-003	-2.561455e-002
7.837275390624088e-010	-8.932288e-003	-2.617975e-002
7.849656808034798e-010	-1.016586e-002	-2.667177e-002
7.862038225445508e-010	-1.130687e-002	-2.690082e-002
7.874419642856218e-010	-1.235533e-002	-2.686690e-002
7.886801060266928e-010	-1.331123e-002	-2.657001e-002
7.899182477677638e-010	-1.417458e-002	-2.601014e-002
7.911563895088348e-010	-1.494538e-002	-2.518730e-002
7.923945312499058e-010	-1.562362e-002	-2.410149e-002
7.934582868302626e-010	-1.608121e-002	-2.295196e-002
7.945220424106193e-010	-1.643350e-002	-2.168149e-002
7.955857979909761e-010	-1.668048e-002	-2.029008e-002
7.966495535713329e-010	-1.682216e-002	-1.877774e-002
7.977133091516897e-010	-1.685854e-002	-1.714446e-002
7.987770647320464e-010	-1.678961e-002	-1.539024e-002
7.998408203124032e-010	-1.661538e-002	-1.351508e-002
8.006255580356172e-010	-1.641394e-002	-1.210627e-002
8.014102957588312e-010	-1.616236e-002	-1.069546e-002
8.021950334820452e-010	-1.586063e-002	-9.282637e-003
8.029797712052593e-010	-1.550875e-002	-7.867809e-003
8.037645089284733e-010	-1.510672e-002	-6.450976e-003
8.045492466516873e-010	-1.465454e-002	-5.032136e-003
8.053339843749013e-010	-1.415221e-002	-3.611290e-003
8.060489676338296e-010	-1.365689e-002	-2.345186e-003
8.067639508927580e-010	-1.313625e-002	-1.118047e-003
8.074789341516863e-010	-1.259029e-002	7.012847e-005
8.081939174106146e-010	-1.201902e-002	1.219340e-003
8.089089006695429e-010	-1.142243e-002	2.329586e-003
8.096238839284713e-010	-1.080053e-002	3.400869e-003
8.103388671873995e-010	-1.015331e-002	4.433187e-003
8.113503069195420e-010	-9.201529e-003	5.798003e-003
8.123617466516846e-010	-8.247725e-003	7.032470e-003
8.133731863838270e-010	-7.291894e-003	8.136587e-003
8.143846261159696e-010	-6.334037e-003	9.110355e-003
8.153960658481121e-010	-5.374152e-003	9.953774e-003
8.164075055802546e-010	-4.412240e-003	1.066684e-002
8.174189453123971e-010	-3.448301e-003	1.124956e-002
8.183780691963253e-010	-2.564444e-003	1.165652e-002
8.193371930802536e-010	-1.720582e-003	1.194905e-002
8.202963169641818e-010	-9.167153e-004	1.212716e-002
8.212554408481100e-010	-1.528437e-004	1.219085e-002
8.222145647320382e-010	5.710326e-004	1.214011e-002
8.231736886159665e-010	1.254914e-003	1.197495e-002
8.241328124998947e-010	1.898800e-003	1.169537e-002
8.251791294641801e-010	2.532224e-003	1.126727e-002
8.262254464284655e-010	3.096234e-003	1.075960e-002
8.272717633927508e-010	3.590829e-003	1.017235e-002
8.283180803570361e-010	4.016010e-003	9.505530e-003
8.293643973213215e-010	4.371777e-003	8.759128e-003
8.304107142856068e-010	4.658129e-003	7.933151e-003
8.314570312498922e-010	4.875067e-003	7.027596e-003
8.323115234373919e-010	4.996168e-003	6.264141e-003
8.331660156248916e-010	5.076292e-003	5.494219e-003
8.340205078123913e-010	5.115440e-003	4.717830e-003
8.348749999998910e-010	5.113611e-003	3.934973e-003
8.357294921873907e-010	5.070806e-003	3.145649e-003
8.365839843748904e-010	4.987026e-003	2.349858e-003
8.374384765623901e-010	4.862268e-003	1.547600e-003
8.382580915177470e-010	4.708765e-003	7.944431e-004
8.390777064731038e-010	4.532005e-003	6.832669e-005
8.398973214284607e-010	4.331988e-003	-6.307496e-004
8.407169363838175e-010	4.108715e-003	-1.302786e-003
8.415365513391744e-010	3.862185e-003	-1.947782e-003
8.423561662945312e-010	3.592398e-003	-2.565738e-003
8.431757812498881e-010	3.299356e-003	-3.156654e-003
8.441697823659592e-010	2.920969e-003	-3.816540e-003
8.451637834820302e-010	2.537612e-003	-4.405204e-003
8.461577845981013e-010	2.149283e-003	-4.922646e-003
8.471517857141724e-010	1.755984e-003	-5.368866e-003
8.481457868302436e-010	1.357713e-003	-5.743864e-003
8.491397879463146e-010	9.544721e-004	-6.047639e-003
8.501337890623857e-010	5.462597e-004	-6.280192e-003
8.511801060266710e-010	1.305250e-004	-6.428553e-003
8.522264229909564e-010	-2.598477e-004	-6.497726e-003
8.532727399552418e-010	-6.248585e-004	-6.487712e-003
8.543190569195270e-010	-9.645074e-004	-6.398509e-003
8.553653738838124e-010	-1.278794e-003	-6.230119e-003
8.564116908480978e-010	-1.567719e-003	-5.982542e-003
8.574580078123831e-010	-1.831283e-003	-5.655776e-003
8.584520089284542e-010	-2.042319e-003	-5.278529e-003
8.594460100445252e-010	-2.218428e-003	-4.863371e-003
8.604400111605964e-010	-2.359612e-003	-4.410303e-003
8.614340122766675e-010	-2.465869e-003	-3.919324e-003
8.624280133927386e-010	-2.537200e-003	-3.390434e-003
8.634220145088096e-010	-2.573605e-003	-2.823633e-003
8.644160156248807e-010	-2.575084e-003	-2.218921e-003
8.652705078123804e-010	-2.545944e-003	-1.690101e-003
8.661249999998801e-010	-2.495120e-003	-1.164796e-003
8.669794921873798e-010	-2.422612e-003	-6.430071e-004
8.678339843748795e-010	-2.328420e-003	-1.247336e-004
8.686884765623792e-010	-2.212544e-003	3.900242e-004
8.695429687498789e-010	-2.074983e-003	9.012665e-004
8.703974609373786e-010	-1.915739e-003	1.408993e-003
8.716181640623782e-010	-1.664201e-003	2.089220e-003
8.726644810266636e-010	-1.416112e-003	2.648195e-003
8.737107979909489e-010	-1.159136e-003	3.156055e-003
8.747571149552343e-010	-8.932698e-004	3.612799e-003
8.758034319195196e-010	-6.185153e-004	4.018428e-003
8.768497488838049e-010	-3.348721e-004	4.372941e-003
8.778960658480903e-010	-4.234015e-005	4.676339e-003
8.789423828123756e-010	2.590806e-004	4.928622e-003
8.800933314730895e-010	5.861795e-004	5.121453e-003
8.812442801338034e-010	8.927102e-004	5.233895e-003
8.823952287945173e-010	1.178673e-003	5.265948e-003
8.835461774552312e-010	1.444067e-003	5.217611e-003
8.846971261159451e-010	1.688892e-003	5.088886e-003
8.858480747766590e-010	1.913150e-003	4.879772e-003
8.869990234373728e-010	2.116839e-003	4.590269e-003
8.880279017855868e-010	2.264534e-003	4.259095e-003
8.890567801338007e-010	2.381049e-003	3.884180e-003
8.900856584820146e-010	2.466383e-003	3.465523e-003
8.911145368302286e-010	2.520536e-003	3.003126e-003
8.921434151784425e-010	2.543508e-003	2.496987e-003
8.931722935266564e-010	2.535299e-003	1.947108e-003
8.942011718748703e-010	2.495910e-003	1.353487e-003
8.950731026784415e-010	2.433747e-003	8.327470e-004
8.959450334820125e-010	2.350669e-003	3.093886e-004
8.968169642855837e-010	2.246678e-003	-2.165886e-004
8.976888950891548e-010	2.121771e-003	-7.451845e-004
8.985608258927260e-010	1.975951e-003	-1.276399e-003
8.994327566962970e-010	1.809216e-003	-1.810232e-003
9.003046874998682e-010	1.621567e-003	-2.346684e-003
9.014033203123678e-010	1.355484e-003	-3.006752e-003
9.025019531248674e-010	1.074010e-003	-3.627662e-003
9.036005859373671e-010	7.771460e-004	-4.209414e-003
9.046992187498667e-010	4.648918e-004	-4.752008e-003
9.057978515623663e-010	1.372474e-004	-5.255445e-003
9.068964843748659e-010	-2.057873e-004	-5.719725e-003
9.079951171873655e-010	-5.642122e-004	-6.144846e-003
9.092506975445079e-010	-9.782508e-004	-6.552698e-003
9.105062779016504e-010	-1.378552e-003	-6.887924e-003
9.117618582587928e-010	-1.765117e-003	-7.150522e-003
9.130174386159352e-010	-2.137945e-003	-7.340495e-003
9.142730189730776e-010	-2.497036e-003	-7.457841e-003
9.155285993302201e-010	-2.842389e-003	-7.502561e-003
9.167841796873625e-010	-3.174006e-003	-7.474654e-003
9.184059709820047e-010	-3.555569e-003	-7.321274e-003
9.200277622766471e-010	-3.876290e-003	-7.078248e-003
9.216495535712893e-010	-4.136168e-003	-6.745577e-003
9.232713448659317e-010	-4.335203e-003	-6.323260e-003
9.248931361605739e-010	-4.473397e-003	-5.811297e-003
9.265149274552163e-010	-4.550747e-003	-5.209689e-003
9.281367187498585e-010	-4.567256e-003	-4.518434e-003
9.292004743302158e-010	-4.536493e-003	-4.036733e-003
9.302642299105731e-010	-4.480294e-003	-3.546787e-003
9.313279854909304e-010	-4.398657e-003	-3.048596e-003
9.323917410712876e-010	-4.291583e-003	-2.542162e-003
9.334554966516449e-010	-4.159073e-003	-2.027483e-003
9.345192522320023e-010	-4.001125e-003	-1.504559e-003
9.355830078123595e-010	-3.817739e-003	-9.733915e-004
9.365944475445029e-010	-3.621887e-003	-4.793084e-004
9.376058872766463e-010	-3.414077e-003	-8.312516e-006
9.386173270087897e-010	-3.194310e-003	4.395961e-004
9.396287667409329e-010	-2.962586e-003	8.644174e-004
9.406402064730763e-010	-2.718904e-003	1.266151e-003
9.416516462052197e-010	-2.463264e-003	1.644798e-003
9.426630859373631e-010	-2.195667e-003	2.000358e-003
9.439884207587924e-010	-1.835497e-003	2.397766e-003
9.453137555802215e-010	-1.483954e-003	2.739464e-003
9.466390904016508e-010	-1.141038e-003	3.025453e-003
9.479644252230799e-010	-8.067485e-004	3.255732e-003
9.492897600445093e-010	-4.810860e-004	3.430302e-003
9.506150948659384e-010	-1.640502e-004	3.549162e-003
9.519404296873677e-010	1.443587e-004	3.612312e-003
9.532308872766541e-010	4.159116e-004	3.632720e-003
9.545213448659403e-010	6.688459e-004	3.645762e-003
9.558118024552267e-010	9.031613e-004	3.651440e-003
9.571022600445131e-010	1.118858e-003	3.649754e-003
9.583927176337996e-010	1.315936e-003	3.640704e-003
9.596831752230858e-010	1.494395e-003	3.624289e-003
9.609736328123722e-010	1.654236e-003	3.600509e-003
9.625605468748730e-010	1.828775e-003	3.617262e-003
9.641474609373738e-010	1.990885e-003	3.637779e-003
9.657343749998746e-010	2.140567e-003	3.662060e-003
9.673212890623754e-010	2.277819e-003	3.690106e-003
9.689082031248761e-010	2.402642e-003	3.721917e-003
9.704951171873769e-010	2.515036e-003	3.757491e-003
9.720820312498777e-010	2.615002e-003	3.796830e-003
9.739130859373786e-010	2.726743e-003	3.785815e-003
9.757441406248796e-010	2.819167e-003	3.743058e-003
9.775751953123805e-010	2.892273e-003	3.668560e-003
9.794062499998814e-010	2.946061e-003	3.562321e-003
9.812373046873823e-010	2.980531e-003	3.424340e-003
9.830683593748832e-010	2.995683e-003	3.254618e-003
9.848994140623841e-010	2.991517e-003	3.053155e-003
9.865560825891707e-010	2.962377e-003	2.884036e-003
9.882127511159571e-010	2.924686e-003	2.727407e-003
9.898694196427437e-010	2.878442e-003	2.583267e-003
9.915260881695303e-010	2.823647e-003	2.451616e-003
9.931827566963169e-010	2.760301e-003	2.332455e-003
9.948394252231033e-010	2.688402e-003	2.225782e-003
9.964960937498899e-010	2.607952e-003	2.131599e-003
9.966181640623900e-010	2.602306e-003	2.124329e-003
9.981178850445336e-010	2.535119e-003	2.046114e-003
9.996176060266772e-010	2.462774e-003	1.942876e-003
1.001117327008821e-009	2.385271e-003	1.814617e-003
1.002617047990964e-009	2.302609e-003	1.661334e-003
1.004116768973108e-009	2.214790e-003	1.483030e-003
1.005616489955252e-009	2.121813e-003	1.279703e-003
1.007116210937395e-009	2.023677e-003	1.051355e-003
1.008197405133824e-009	1.943294e-003	8.510395e-004
1.009278599330253e-009	1.855610e-003	6.429731e-004
1.010359793526683e-009	1.760624e-003	4.271554e-004
1.011440987723112e-009	1.658336e-003	2.035864e-004
1.012522181919541e-009	1.548746e-003	-2.773387e-005
1.013603376115970e-009	1.431855e-003	-2.668054e-004
1.014684570312399e-009	1.307662e-003	-5.136283e-004
1.015765764508828e-009	1.173429e-003	-7.550171e-004
1.016846958705257e-009	1.036976e-003	-9.733658e-004
1.017928152901686e-009	8.983049e-004	-1.168674e-003
1.019009347098115e-009	7.574144e-004	-1.340943e-003
1.020090541294545e-009	6.143050e-004	-1.490171e-003
1.021171735490974e-009	4.689764e-004	-1.616359e-003
1.022252929687403e-009	3.214288e-004	-1.719508e-003
1.023595703124903e-009	1.414220e-004	-1.778985e-003
1.024938476562404e-009	-2.129760e-005	-1.788731e-003
1.026281249999905e-009	-1.667300e-004	-1.748746e-003
1.027624023437405e-009	-2.948753e-004	-1.659029e-003
1.028966796874906e-009	-4.057334e-004	-1.519582e-003
1.030309570312407e-009	-4.993043e-004	-1.330403e-003
1.031652343749907e-009	-5.755880e-004	-1.091494e-003
1.032611467633837e-009	-6.099842e-004	-9.040854e-004
1.033570591517766e-009	-6.331204e-004	-7.159495e-004
1.034529715401695e-009	-6.449966e-004	-5.270858e-004
1.035488839285624e-009	-6.456128e-004	-3.374945e-004
1.036447963169553e-009	-6.349690e-004	-1.471754e-004
1.037407087053482e-009	-6.130651e-004	4.387147e-005
1.038366210937411e-009	-5.799013e-004	2.356460e-004
1.039743861607054e-009	-5.102520e-004	4.869812e-004
1.041121512276698e-009	-4.354651e-004	6.982750e-004
1.042499162946342e-009	-3.555406e-004	8.695275e-004
1.043876813615985e-009	-2.704785e-004	1.000739e-003
1.045254464285628e-009	-1.802788e-004	1.091908e-003
1.046632114955272e-009	-8.494156e-005	1.143037e-003
1.048009765624916e-009	1.553329e-005	1.154124e-003
1.049474609374916e-009	1.095264e-004	1.105119e-003
1.050939453124917e-009	1.869943e-004	1.021191e-003
1.052404296874918e-009	2.479370e-004	9.023386e-004
1.053869140624919e-009	2.923546e-004	7.485620e-004
1.055333984374919e-009	3.202470e-004	5.598614e-004
1.056798828124920e-009	3.316143e-004	3.362366e-004
1.058263671874921e-009	3.264564e-004	7.768782e-005
1.059589006696350e-009	2.995965e-004	-1.746362e-004
1.060914341517779e-009	2.577704e-004	-4.319700e-004
1.062239676339209e-009	2.009780e-004	-6.943137e-004
1.063565011160638e-009	1.292193e-004	-9.616672e-004
1.064890345982067e-009	4.249442e-005	-1.234031e-003
1.066215680803496e-009	-5.919673e-005	-1.511404e-003
1.067541015624925e-009	-1.758541e-004	-1.793787e-003
1.068796595982069e-009	-3.000154e-004	-2.055008e-003
1.070052176339212e-009	-4.275838e-004	-2.287942e-003
1.071307756696356e-009	-5.585593e-004	-2.492590e-003
1.072563337053499e-009	-6.929419e-004	-2.668951e-003
1.073818917410643e-009	-8.307317e-004	-2.817026e-003
1.075074497767786e-009	-9.719287e-004	-2.936814e-003
1.076330078124930e-009	-1.116533e-003	-3.028316e-003
1.077812360491002e-009	-1.284996e-003	-3.064989e-003
1.079294642857074e-009	-1.428916e-003	-3.023441e-003
1.080776925223146e-009	-1.548292e-003	-2.903671e-003
1.082259207589218e-009	-1.643125e-003	-2.705679e-003
1.083741489955291e-009	-1.713414e-003	-2.429466e-003
1.085223772321363e-009	-1.759160e-003	-2.075032e-003
1.086706054687435e-009	-1.780363e-003	-1.642375e-003
1.087700055803507e-009	-1.766140e-003	-1.303891e-003
1.088694056919579e-009	-1.733097e-003	-9.456845e-004
1.089688058035651e-009	-1.681233e-003	-5.677572e-004
1.090682059151723e-009	-1.610549e-003	-1.701086e-004
1.091676060267795e-009	-1.521045e-003	2.472612e-004
1.092670061383867e-009	-1.412720e-003	6.843523e-004
1.093664062499938e-009	-1.285574e-003	1.141165e-003
1.094640624999939e-009	-1.139731e-003	1.596839e-003
1.095617187499939e-009	-9.805603e-004	2.039077e-003
1.096593749999940e-009	-8.080626e-004	2.467877e-003
1.097570312499940e-009	-6.222377e-004	2.883241e-003
1.098546874999941e-009	-4.230855e-004	3.285168e-003
1.099523437499941e-009	-2.106061e-004	3.673658e-003
1.100499999999942e-009	1.520048e-005	4.048711e-003
1.101633510044585e-009	2.913925e-004	4.443528e-003
1.102767020089229e-009	5.643654e-004	4.775693e-003
1.103900530133872e-009	8.341190e-004	5.045207e-003
1.105034040178515e-009	1.100653e-003	5.252070e-003
1.106167550223159e-009	1.363969e-003	5.396282e-003
1.107301060267802e-009	1.624065e-003	5.477843e-003
1.108434570312446e-009	1.880941e-003	5.496753e-003
1.109794782366018e-009	2.166825e-003	5.394411e-003
1.111154994419590e-009	2.408947e-003	5.193227e-003
1.112515206473162e-009	2.607307e-003	4.893202e-003
1.113875418526734e-009	2.761906e-003	4.494334e-003
1.115235630580306e-009	2.872742e-003	3.996625e-003
1.116595842633878e-009	2.939817e-003	3.400074e-003
1.117956054687451e-009	2.963130e-003	2.704681e-003
1.118461774553522e-009	2.953963e-003	2.432987e-003
1.118967494419594e-009	2.937132e-003	2.154432e-003
1.119473214285665e-009	2.912637e-003	1.869017e-003
1.119978934151737e-009	2.880477e-003	1.576742e-003
1.120484654017809e-009	2.840654e-003	1.277608e-003
1.120990373883881e-009	2.793167e-003	9.716129e-004
1.121496093749952e-009	2.738016e-003	6.587580e-004
1.121618164062452e-009	2.723586e-003	5.830227e-004
1.122472656249953e-009	2.608156e-003	3.769740e-005
1.123327148437453e-009	2.474094e-003	-5.061861e-004
1.124181640624954e-009	2.321402e-003	-1.048628e-003
1.125036132812454e-009	2.150079e-003	-1.589628e-003
1.125890624999954e-009	1.960125e-003	-2.129186e-003
1.126745117187455e-009	1.751540e-003	-2.667303e-003
1.127599609374955e-009	1.524325e-003	-3.203978e-003
1.128733119419599e-009	1.194421e-003	-3.896036e-003
1.129866629464242e-009	8.518201e-004	-4.542645e-003
1.131000139508886e-009	4.965213e-004	-5.143806e-003
1.132133649553529e-009	1.285250e-004	-5.699517e-003
1.133267159598172e-009	-2.521689e-004	-6.209779e-003
1.134400669642816e-009	-6.455604e-004	-6.674593e-003
1.135534179687459e-009	-1.051649e-003	-7.093958e-003
1.136824637276746e-009	-1.513751e-003	-7.486611e-003
1.138115094866032e-009	-1.955617e-003	-7.795417e-003
1.139405552455318e-009	-2.377248e-003	-8.020375e-003
1.140696010044605e-009	-2.778644e-003	-8.161485e-003
1.141986467633891e-009	-3.159805e-003	-8.218747e-003
1.143276925223177e-009	-3.520731e-003	-8.192161e-003
1.144567382812464e-009	-3.861421e-003	-8.081728e-003
1.145945033482107e-009	-4.178209e-003	-7.855885e-003
1.147322684151751e-009	-4.445053e-003	-7.561141e-003
1.148700334821395e-009	-4.661954e-003	-7.197495e-003
1.150077985491038e-009	-4.828912e-003	-6.764948e-003
1.151455636160681e-009	-4.945925e-003	-6.263500e-003
1.152833286830325e-009	-5.012996e-003	-5.693150e-003
1.154210937499969e-009	-5.030123e-003	-5.053899e-003
1.155204938616040e-009	-5.004884e-003	-4.574784e-003
1.156198939732112e-009	-4.956631e-003	-4.097618e-003
1.157192940848184e-009	-4.885362e-003	-3.622401e-003
1.158186941964256e-009	-4.791079e-003	-3.149132e-003
1.159180943080328e-009	-4.673780e-003	-2.677813e-003
1.160174944196400e-009	-4.533467e-003	-2.208442e-003
1.161168945312472e-009	-4.370139e-003	-1.741020e-003
1.162285016741044e-009	-4.161648e-003	-1.245134e-003
1.163401088169616e-009	-3.943811e-003	-7.948258e-004
1.164517159598188e-009	-3.716628e-003	-3.900963e-004
1.165633231026760e-009	-3.480098e-003	-3.094505e-005
1.166749302455332e-009	-3.234222e-003	2.826278e-004
1.167865373883904e-009	-2.979000e-003	5.506224e-004
1.168981445312476e-009	-2.714431e-003	7.730387e-004
1.170080078124977e-009	-2.460391e-003	9.209924e-004
1.171178710937477e-009	-2.218979e-003	1.025526e-003
1.172277343749978e-009	-1.990194e-003	1.086639e-003
1.173375976562478e-009	-1.774035e-003	1.104333e-003
1.174474609374979e-009	-1.570504e-003	1.078606e-003
1.175573242187479e-009	-1.379600e-003	1.009459e-003
1.176671874999980e-009	-1.201323e-003	8.968922e-004
1.177578683035694e-009	-1.072638e-003	7.847911e-004
1.178485491071409e-009	-9.560340e-004	6.693994e-004
1.179392299107124e-009	-8.515112e-004	5.507171e-004
1.180299107142839e-009	-7.590694e-004	4.287442e-004
1.181205915178553e-009	-6.787086e-004	3.034808e-004
1.182112723214268e-009	-6.104288e-004	1.749267e-004
1.183019531249983e-009	-5.542301e-004	4.308209e-005
1.184309988839269e-009	-4.983484e-004	-1.242716e-004
1.185600446428556e-009	-4.508439e-004	-2.532317e-004
1.186890904017842e-009	-4.117164e-004	-3.437981e-004
1.188181361607128e-009	-3.809661e-004	-3.959708e-004
1.189471819196415e-009	-3.585928e-004	-4.097498e-004
1.190762276785701e-009	-3.445967e-004	-3.851352e-004
1.192052734374987e-009	-3.389776e-004	-3.221269e-004
1.193255998883917e-009	-3.257331e-004	-2.116407e-004
1.194459263392846e-009	-3.033888e-004	-7.655576e-005
1.195662527901775e-009	-2.719447e-004	8.312794e-005
1.196865792410704e-009	-2.314008e-004	2.674104e-004
1.198069056919633e-009	-1.817571e-004	4.762916e-004
1.199272321428562e-009	-1.230136e-004	7.097716e-004
1.200475585937492e-009	-5.517033e-005	9.678503e-004
1.201992745535707e-009	5.373492e-005	1.308877e-003
1.203509905133922e-009	1.775335e-004	1.647508e-003
1.205027064732137e-009	3.162254e-004	1.983744e-003
1.206544224330352e-009	4.698106e-004	2.317585e-003
1.208061383928567e-009	6.382892e-004	2.649031e-003
1.209578543526782e-009	8.216611e-004	2.978081e-003
1.211095703124997e-009	1.019926e-003	3.304737e-003
1.212630301339283e-009	1.232589e-003	3.623444e-003
1.214164899553570e-009	1.443900e-003	3.902977e-003
1.215699497767856e-009	1.653859e-003	4.143336e-003
1.217234095982143e-009	1.862467e-003	4.344522e-003
1.218768694196429e-009	2.069722e-003	4.506533e-003
1.220303292410716e-009	2.275626e-003	4.629371e-003
1.221837890625002e-009	2.480178e-003	4.713035e-003
1.223599190848217e-009	2.702810e-003	4.702834e-003
1.225360491071433e-009	2.883523e-003	4.594452e-003
1.227121791294648e-009	3.022317e-003	4.387888e-003
1.228883091517863e-009	3.119192e-003	4.083143e-003
1.230644391741078e-009	3.174148e-003	3.680217e-003
1.232405691964293e-009	3.187186e-003	3.179109e-003
1.234166992187508e-009	3.158304e-003	2.579820e-003
1.235108677455366e-009	3.111326e-003	2.232419e-003
1.236050362723224e-009	3.049429e-003	1.881921e-003
1.236992047991081e-009	2.972614e-003	1.528325e-003
1.237933733258939e-009	2.880879e-003	1.171631e-003
1.238875418526797e-009	2.774226e-003	8.118401e-004
1.239817103794654e-009	2.652655e-003	4.489515e-004
1.240758789062512e-009	2.516164e-003	8.296531e-005
1.241578404017869e-009	2.386571e-003	-2.228244e-004
1.242398018973227e-009	2.251263e-003	-5.127090e-004
1.243217633928584e-009	2.110239e-003	-7.866884e-004
1.244037248883942e-009	1.963500e-003	-1.044763e-003
1.244856863839300e-009	1.811046e-003	-1.286932e-003
1.245676478794657e-009	1.652876e-003	-1.513196e-003
1.246496093750015e-009	1.488992e-003	-1.723554e-003
1.246618164062515e-009	1.464779e-003	-1.752439e-003
1.247943498883944e-009	1.190273e-003	-2.031496e-003
1.249268833705373e-009	9.261252e-004	-2.253913e-003
1.250594168526802e-009	6.723343e-004	-2.419691e-003
1.251919503348232e-009	4.289007e-004	-2.528829e-003
1.253244838169661e-009	1.958243e-004	-2.581328e-003
1.254570172991090e-009	-2.689468e-005	-2.577187e-003
1.255895507812519e-009	-2.392564e-004	-2.516407e-003
1.257133649553591e-009	-4.108760e-004	-2.414115e-003
1.258371791294663e-009	-5.618004e-004	-2.291692e-003
1.259609933035735e-009	-6.920298e-004	-2.149138e-003
1.260848074776808e-009	-8.015640e-004	-1.986453e-003
1.262086216517879e-009	-8.904031e-004	-1.803636e-003
1.263324358258952e-009	-9.585472e-004	-1.600688e-003
1.264562500000024e-009	-1.005996e-003	-1.377609e-003
1.265818080357167e-009	-1.030621e-003	-1.150874e-003
1.267073660714311e-009	-1.041082e-003	-9.350052e-004
1.268329241071454e-009	-1.037379e-003	-7.300025e-004
1.269584821428597e-009	-1.019514e-003	-5.358658e-004
1.270840401785741e-009	-9.874850e-004	-3.525951e-004
1.272095982142884e-009	-9.412927e-004	-1.801904e-004
1.273351562500028e-009	-8.809372e-004	-1.865174e-005
1.274833844866100e-009	-7.964719e-004	1.401199e-004
1.276316127232172e-009	-7.156083e-004	2.503320e-004
1.277798409598244e-009	-6.383464e-004	3.119846e-004
1.279280691964317e-009	-5.646863e-004	3.250778e-004
1.280762974330389e-009	-4.946279e-004	2.896115e-004
1.282245256696461e-009	-4.281712e-004	2.055857e-004
1.283727539062533e-009	-3.653162e-004	7.300042e-005
1.285000558035748e-009	-3.297052e-004	-1.003582e-004
1.286273577008963e-009	-3.120139e-004	-3.054902e-004
1.287546595982178e-009	-3.122423e-004	-5.423957e-004
1.288819614955393e-009	-3.303903e-004	-8.110746e-004
1.290092633928608e-009	-3.664580e-004	-1.111527e-003
1.291365652901823e-009	-4.204454e-004	-1.443753e-003
1.292638671875038e-009	-4.923525e-004	-1.807752e-003
1.293789620535752e-009	-5.796220e-004	-2.152702e-003
1.294940569196467e-009	-6.799168e-004	-2.489740e-003
1.296091517857182e-009	-7.932368e-004	-2.818865e-003
1.297242466517897e-009	-9.195822e-004	-3.140077e-003
1.298393415178612e-009	-1.058953e-003	-3.453377e-003
1.299544363839327e-009	-1.211349e-003	-3.758764e-003
1.300695312500042e-009	-1.376770e-003	-4.056238e-003
1.302142717633971e-009	-1.602856e-003	-4.387955e-003
1.303590122767900e-009	-1.822969e-003	-4.653665e-003
1.305037527901830e-009	-2.037110e-003	-4.853369e-003
1.306484933035759e-009	-2.245277e-003	-4.987066e-003
1.307932338169688e-009	-2.447472e-003	-5.054757e-003
1.309379743303617e-009	-2.643694e-003	-5.056442e-003
1.310827148437547e-009	-2.833942e-003	-4.992121e-003
1.312309430803619e-009	-2.998613e-003	-4.825675e-003
1.313791713169691e-009	-3.127286e-003	-4.596595e-003
1.315273995535763e-009	-3.219961e-003	-4.304880e-003
1.316756277901835e-009	-3.276640e-003	-3.950530e-003
1.318238560267907e-009	-3.297321e-003	-3.533545e-003
1.319720842633980e-009	-3.282005e-003	-3.053925e-003
1.321203125000052e-009	-3.230692e-003	-2.511671e-003
1.322266880580410e-009	-3.163411e-003	-2.102364e-003
1.323330636160767e-009	-3.077171e-003	-1.687157e-003
1.324394391741125e-009	-2.971972e-003	-1.266050e-003
1.325458147321483e-009	-2.847816e-003	-8.390416e-004
1.326521902901840e-009	-2.704700e-003	-4.061331e-004
1.327585658482198e-009	-2.542627e-003	3.267576e-005
1.328649414062556e-009	-2.361594e-003	4.773851e-004
1.329835239955413e-009	-2.138120e-003	9.653978e-004
1.331021065848271e-009	-1.903820e-003	1.427696e-003
1.332206891741129e-009	-1.658695e-003	1.864279e-003
1.333392717633987e-009	-1.402744e-003	2.275148e-003
1.334578543526844e-009	-1.135968e-003	2.660302e-003
1.335764369419702e-009	-8.583657e-004	3.019742e-003
1.336950195312560e-009	-5.699383e-004	3.353467e-003
1.338258091517917e-009	-2.484660e-004	3.668304e-003
1.339565987723275e-009	6.157802e-005	3.925607e-003
1.340873883928633e-009	3.601938e-004	4.125377e-003
1.342181780133991e-009	6.473813e-004	4.267612e-003
1.343489676339349e-009	9.231405e-004	4.352313e-003
1.344797572544707e-009	1.187471e-003	4.379481e-003
1.346105468750064e-009	1.440374e-003	4.349114e-003
1.347483119419708e-009	1.676847e-003	4.237878e-003
1.348860770089351e-009	1.880218e-003	4.077329e-003
1.350238420758995e-009	2.050488e-003	3.867466e-003
1.351616071428638e-009	2.187657e-003	3.608290e-003
1.352993722098282e-009	2.291725e-003	3.299801e-003
1.354371372767926e-009	2.362692e-003	2.941998e-003
1.355749023437569e-009	2.400558e-003	2.534882e-003
1.356812779017927e-009	2.401118e-003	2.205023e-003
1.357876534598284e-009	2.383676e-003	1.875337e-003
1.358940290178642e-009	2.348231e-003	1.545825e-003
1.360004045759000e-009	2.294784e-003	1.216486e-003
1.361067801339358e-009	2.223335e-003	8.873206e-004
1.362131556919715e-009	2.133883e-003	5.583287e-004
1.363195312500073e-009	2.026428e-003	2.295102e-004
1.364381138392931e-009	1.887411e-003	-1.169559e-004
1.365566964285788e-009	1.741274e-003	-4.307194e-004
1.366752790178646e-009	1.588016e-003	-7.117804e-004
1.367938616071504e-009	1.427637e-003	-9.601388e-004
1.369124441964362e-009	1.260138e-003	-1.175795e-003
1.370310267857219e-009	1.085518e-003	-1.358748e-003
1.371496093750077e-009	9.037779e-004	-1.508999e-003
1.371618164062577e-009	8.859036e-004	-1.521401e-003
1.373100446428649e-009	6.630863e-004	-1.627862e-003
1.374582728794721e-009	4.596640e-004	-1.678640e-003
1.376065011160793e-009	2.756367e-004	-1.673734e-003
1.377547293526866e-009	1.110043e-004	-1.613144e-003
1.379029575892938e-009	-3.423298e-005	-1.496870e-003
1.380511858259010e-009	-1.600753e-004	-1.324913e-003
1.381994140625082e-009	-2.665226e-004	-1.097272e-003
1.383197405134011e-009	-3.254195e-004	-8.869913e-004
1.384400669642940e-009	-3.667549e-004	-6.675848e-004
1.385603934151870e-009	-3.905288e-004	-4.390521e-004
1.386807198660799e-009	-3.967412e-004	-2.013933e-004
1.388010463169728e-009	-3.853920e-004	4.539160e-005
1.389213727678657e-009	-3.564814e-004	3.013026e-004
1.390416992187586e-009	-3.100093e-004	5.663398e-004
1.392056222098301e-009	-2.166432e-004	9.199088e-004
1.393695452009017e-009	-1.087424e-004	1.250594e-003
1.395334681919732e-009	1.369326e-005	1.558394e-003
1.396973911830447e-009	1.506637e-004	1.843311e-003
1.398613141741162e-009	3.021689e-004	2.105344e-003
1.400252371651877e-009	4.682089e-004	2.344492e-003
1.401891601562592e-009	6.487836e-004	2.560756e-003
1.403792410714379e-009	8.605842e-004	2.763280e-003
1.405693219866165e-009	1.058112e-003	2.913709e-003
1.407594029017952e-009	1.241366e-003	3.012044e-003
1.409494838169739e-009	1.410347e-003	3.058285e-003
1.411395647321525e-009	1.565054e-003	3.052432e-003
1.413296456473312e-009	1.705488e-003	2.994485e-003
1.415197265625099e-009	1.831649e-003	2.884444e-003
1.416487723214385e-009	1.894548e-003	2.771738e-003
1.417778180803671e-009	1.944937e-003	2.653552e-003
1.419068638392958e-009	1.982815e-003	2.529887e-003
1.420359095982244e-009	2.008184e-003	2.400742e-003
1.421649553571531e-009	2.021043e-003	2.266116e-003
1.422940011160817e-009	2.021392e-003	2.126011e-003
1.424230468750103e-009	2.009231e-003	1.980426e-003
1.425503487723318e-009	1.983240e-003	1.852990e-003
1.426776506696533e-009	1.956347e-003	1.761639e-003
1.428049525669748e-009	1.928553e-003	1.706373e-003
1.429322544642963e-009	1.899858e-003	1.687191e-003
1.430595563616178e-009	1.870262e-003	1.704095e-003
1.431868582589393e-009	1.839764e-003	1.757084e-003
1.433141601562608e-009	1.808365e-003	1.846157e-003
1.434484375000108e-009	1.786790e-003	2.016688e-003
1.435827148437609e-009	1.784625e-003	2.229533e-003
1.437169921875110e-009	1.801869e-003	2.484690e-003
1.438512695312610e-009	1.838522e-003	2.782161e-003
1.439855468750111e-009	1.894584e-003	3.121944e-003
1.441198242187612e-009	1.970056e-003	3.504041e-003
1.442541015625112e-009	2.064937e-003	3.928450e-003
1.443726841517970e-009	2.175687e-003	4.319373e-003
1.444912667410828e-009	2.299853e-003	4.694668e-003
1.446098493303685e-009	2.437436e-003	5.054337e-003
1.447284319196543e-009	2.588434e-003	5.398379e-003
1.448470145089401e-009	2.752850e-003	5.726793e-003
1.449655970982259e-009	2.930681e-003	6.039581e-003
1.450841796875117e-009	3.121929e-003	6.336742e-003
1.452376395089403e-009	3.386925e-003	6.649272e-003
1.453910993303689e-009	3.636675e-003	6.872885e-003
1.455445591517976e-009	3.871179e-003	7.007582e-003
1.456980189732262e-009	4.090436e-003	7.053362e-003
1.458514787946549e-009	4.294447e-003	7.010225e-003
1.460049386160835e-009	4.483211e-003	6.878172e-003
1.461583984375122e-009	4.656729e-003	6.657202e-003
1.463223214285837e-009	4.791715e-003	6.300872e-003
1.464862444196552e-009	4.871915e-003	5.862796e-003
1.466501674107267e-009	4.897328e-003	5.342975e-003
1.468140904017982e-009	4.867955e-003	4.741408e-003
1.469780133928697e-009	4.783796e-003	4.058096e-003
1.471419363839413e-009	4.644850e-003	3.293038e-003
1.473058593750128e-009	4.451118e-003	2.446234e-003
1.474209542410842e-009	4.274164e-003	1.818884e-003
1.475360491071557e-009	4.070206e-003	1.177517e-003
1.476511439732272e-009	3.839246e-003	5.221334e-004
1.477662388392987e-009	3.581283e-003	-1.472670e-004
1.478813337053702e-009	3.296317e-003	-8.306841e-004
1.479964285714417e-009	2.984349e-003	-1.528118e-003
1.481115234375132e-009	2.645378e-003	-2.239569e-003
1.482213867187632e-009	2.297502e-003	-2.919159e-003
1.483312500000133e-009	1.936383e-003	-3.573287e-003
1.484411132812633e-009	1.562023e-003	-4.201954e-003
1.485509765625134e-009	1.174420e-003	-4.805159e-003
1.486608398437634e-009	7.735751e-004	-5.382902e-003
1.487707031250135e-009	3.594879e-004	-5.935183e-003
1.488805664062635e-009	-6.784149e-005	-6.462003e-003
1.489904296875136e-009	-5.011684e-004	-6.935352e-003
1.491002929687637e-009	-9.257565e-004	-7.343763e-003
1.492101562500137e-009	-1.341606e-003	-7.687235e-003
1.493200195312638e-009	-1.748717e-003	-7.965768e-003
1.494298828125138e-009	-2.147088e-003	-8.179364e-003
1.495397460937639e-009	-2.536722e-003	-8.328021e-003
1.496496093750139e-009	-2.917616e-003	-8.411739e-003
1.496618164062639e-009	-2.957707e-003	-8.415542e-003
1.498013253348354e-009	-3.406889e-003	-8.375085e-003
1.499408342634069e-009	-3.802537e-003	-8.233580e-003
1.500803431919784e-009	-4.144654e-003	-7.991025e-003
1.502198521205499e-009	-4.433237e-003	-7.647421e-003
1.503593610491214e-009	-4.668288e-003	-7.202767e-003
1.504988699776929e-009	-4.849806e-003	-6.657064e-003
1.506383789062644e-009	-4.977792e-003	-6.010312e-003
1.507412667410859e-009	-5.023122e-003	-5.496442e-003
1.508441545759074e-009	-5.037141e-003	-4.971410e-003
1.509470424107289e-009	-5.019850e-003	-4.435216e-003
1.510499302455503e-009	-4.971247e-003	-3.887860e-003
1.511528180803718e-009	-4.891333e-003	-3.329341e-003
1.512557059151933e-009	-4.780108e-003	-2.759659e-003
1.513585937500148e-009	-4.637572e-003	-2.178815e-003
1.514649693080505e-009	-4.459466e-003	-1.592878e-003
1.515713448660863e-009	-4.263262e-003	-1.034702e-003
1.516777204241221e-009	-4.048959e-003	-5.042889e-004
1.517840959821579e-009	-3.816558e-003	-1.637650e-006
1.518904715401936e-009	-3.566058e-003	4.732514e-004
1.519968470982294e-009	-3.297459e-003	9.203784e-004
1.521032226562652e-009	-3.010762e-003	1.339743e-003
1.522305245535866e-009	-2.655084e-003	1.780414e-003
1.523578264509081e-009	-2.305749e-003	2.154930e-003
1.524851283482296e-009	-1.962759e-003	2.463292e-003
1.526124302455511e-009	-1.626113e-003	2.705499e-003
1.527397321428726e-009	-1.295811e-003	2.881551e-003
1.528670340401941e-009	-9.718530e-004	2.991449e-003
1.529943359375156e-009	-6.542392e-004	3.035192e-003
1.531355887276942e-009	-3.314195e-004	2.991914e-003
1.532768415178729e-009	-4.712511e-005	2.878220e-003
1.534180943080515e-009	1.986440e-004	2.694110e-003
1.535593470982302e-009	4.058878e-004	2.439584e-003
1.537005998884088e-009	5.746064e-004	2.114643e-003
1.538418526785874e-009	7.047997e-004	1.719285e-003
1.539831054687661e-009	7.964676e-004	1.253511e-003
1.540877371651947e-009	8.296884e-004	8.758771e-004
1.541923688616233e-009	8.393100e-004	4.851974e-004
1.542970005580520e-009	8.253326e-004	8.147216e-005
1.544016322544806e-009	7.877561e-004	-3.352986e-004
1.545062639509092e-009	7.265805e-004	-7.651148e-004
1.546108956473378e-009	6.418058e-004	-1.207976e-003
1.547155273437665e-009	5.334320e-004	-1.663884e-003
1.548288783482308e-009	3.889399e-004	-2.156946e-003
1.549422293526951e-009	2.285751e-004	-2.626087e-003
1.550555803571595e-009	5.233774e-005	-3.071307e-003
1.551689313616238e-009	-1.397723e-004	-3.492606e-003
1.552822823660882e-009	-3.477549e-004	-3.889983e-003
1.553956333705525e-009	-5.716102e-004	-4.263439e-003
1.555089843750168e-009	-8.113381e-004	-4.612974e-003
1.556415178571598e-009	-1.102844e-003	-4.957167e-003
1.557740513393027e-009	-1.385172e-003	-5.233591e-003
1.559065848214456e-009	-1.658322e-003	-5.442244e-003
1.560391183035885e-009	-1.922294e-003	-5.583128e-003
1.561716517857315e-009	-2.177087e-003	-5.656242e-003
1.563041852678744e-009	-2.422702e-003	-5.661586e-003
1.564367187500173e-009	-2.659140e-003	-5.599161e-003
1.565657645089460e-009	-2.858423e-003	-5.459814e-003
1.566948102678746e-009	-3.029140e-003	-5.282633e-003
1.568238560268032e-009	-3.171289e-003	-5.067617e-003
1.569529017857319e-009	-3.284872e-003	-4.814768e-003
1.570819475446605e-009	-3.369888e-003	-4.524084e-003
1.572109933035891e-009	-3.426337e-003	-4.195566e-003
1.573400390625178e-009	-3.454219e-003	-3.829214e-003
1.574655970982321e-009	-3.447066e-003	-3.466198e-003
1.575911551339465e-009	-3.419761e-003	-3.115830e-003
1.577167131696608e-009	-3.372303e-003	-2.778107e-003
1.578422712053751e-009	-3.304694e-003	-2.453031e-003
1.579678292410895e-009	-3.216933e-003	-2.140600e-003
1.580933872768038e-009	-3.109019e-003	-1.840816e-003
1.582189453125182e-009	-2.980953e-003	-1.553679e-003
1.583863560268040e-009	-2.787669e-003	-1.235247e-003
1.585537667410898e-009	-2.597084e-003	-9.721615e-004
1.587211774553756e-009	-2.409199e-003	-7.644219e-004
1.588885881696614e-009	-2.224013e-003	-6.120285e-004
1.590559988839472e-009	-2.041526e-003	-5.149810e-004
1.592234095982330e-009	-1.861738e-003	-4.732797e-004
1.593908203125188e-009	-1.684650e-003	-4.869243e-004
1.595268415178760e-009	-1.563781e-003	-5.327858e-004
1.596628627232332e-009	-1.456602e-003	-5.914014e-004
1.597988839285904e-009	-1.363114e-003	-6.627709e-004
1.599349051339476e-009	-1.283316e-003	-7.468945e-004
1.600709263393048e-009	-1.217208e-003	-8.437721e-004
1.602069475446621e-009	-1.164791e-003	-9.534038e-004
1.603429687500193e-009	-1.126065e-003	-1.075789e-003
1.604999162946622e-009	-1.101931e-003	-1.215585e-003
1.606568638393051e-009	-1.086539e-003	-1.336478e-003
1.608138113839481e-009	-1.079888e-003	-1.438467e-003
1.609707589285910e-009	-1.081979e-003	-1.521554e-003
1.611277064732339e-009	-1.092813e-003	-1.585737e-003
1.612846540178769e-009	-1.112387e-003	-1.631018e-003
1.614416015625198e-009	-1.140704e-003	-1.657395e-003
1.615427455357341e-009	-1.156493e-003	-1.651217e-003
1.616438895089485e-009	-1.169262e-003	-1.629102e-003
1.617450334821628e-009	-1.179011e-003	-1.591051e-003
1.618461774553771e-009	-1.185740e-003	-1.537064e-003
1.619473214285915e-009	-1.189450e-003	-1.467140e-003
1.620484654018058e-009	-1.190141e-003	-1.381281e-003
1.621496093750202e-009	-1.187811e-003	-1.279485e-003
1.621618164062702e-009	-1.186948e-003	-1.265962e-003
1.622978376116274e-009	-1.173615e-003	-1.091722e-003
1.624338588169846e-009	-1.146227e-003	-8.950402e-004
1.625698800223418e-009	-1.104785e-003	-6.759185e-004
1.627059012276990e-009	-1.049288e-003	-4.343565e-004
1.628419224330562e-009	-9.797371e-004	-1.703540e-004
1.629779436384134e-009	-8.961310e-004	1.160889e-004
1.631139648437706e-009	-7.984703e-004	4.249721e-004
1.632360351562707e-009	-6.940167e-004	7.111749e-004
1.633581054687708e-009	-5.807090e-004	9.882013e-004
1.634801757812708e-009	-4.585473e-004	1.256051e-003
1.636022460937709e-009	-3.275316e-004	1.514725e-003
1.637243164062709e-009	-1.876619e-004	1.764223e-003
1.638463867187710e-009	-3.893824e-005	2.004544e-003
1.639684570312711e-009	1.186394e-004	2.235689e-003
1.641271484375211e-009	3.342332e-004	2.490091e-003
1.642858398437712e-009	5.414629e-004	2.695982e-003
1.644445312500213e-009	7.403287e-004	2.853361e-003
1.646032226562714e-009	9.308303e-004	2.962228e-003
1.647619140625215e-009	1.112968e-003	3.022584e-003
1.649206054687715e-009	1.286742e-003	3.034428e-003
1.650792968750216e-009	1.452151e-003	2.997760e-003
1.652275251116288e-009	1.580181e-003	2.916166e-003
1.653757533482361e-009	1.689664e-003	2.820717e-003
1.655239815848433e-009	1.780602e-003	2.711414e-003
1.656722098214505e-009	1.852993e-003	2.588255e-003
1.658204380580577e-009	1.906839e-003	2.451241e-003
1.659686662946649e-009	1.942139e-003	2.300373e-003
1.661168945312721e-009	1.958893e-003	2.135650e-003
1.663209263393080e-009	1.946910e-003	1.923199e-003
1.665249581473438e-009	1.923543e-003	1.740856e-003
1.667289899553796e-009	1.888791e-003	1.588622e-003
1.669330217634154e-009	1.842656e-003	1.466496e-003
1.671370535714512e-009	1.785136e-003	1.374479e-003
1.673410853794870e-009	1.716231e-003	1.312570e-003
1.675451171875229e-009	1.635942e-003	1.280770e-003
1.677508928571658e-009	1.561333e-003	1.300285e-003
1.679566685268088e-009	1.510646e-003	1.384568e-003
1.681624441964517e-009	1.483882e-003	1.533617e-003
1.683682198660947e-009	1.481039e-003	1.747435e-003
1.685739955357377e-009	1.502119e-003	2.026019e-003
1.687797712053806e-009	1.547121e-003	2.369371e-003
1.689855468750236e-009	1.616045e-003	2.777489e-003
1.691233119419879e-009	1.693216e-003	3.097183e-003
1.692610770089523e-009	1.786341e-003	3.420335e-003
1.693988420759166e-009	1.895419e-003	3.746946e-003
1.695366071428810e-009	2.020450e-003	4.077015e-003
1.696743722098453e-009	2.161434e-003	4.410542e-003
1.698121372768097e-009	2.318371e-003	4.747528e-003
1.699499023437740e-009	2.491262e-003	5.087973e-003
1.701208007812741e-009	2.731900e-003	5.477677e-003
1.702916992187742e-009	2.968925e-003	5.803281e-003
1.704625976562743e-009	3.202336e-003	6.064786e-003
1.706334960937744e-009	3.432132e-003	6.262192e-003
1.708043945312745e-009	3.658315e-003	6.395500e-003
1.709752929687746e-009	3.880883e-003	6.464708e-003
1.711461914062746e-009	4.099838e-003	6.469816e-003
1.713258091518104e-009	4.294398e-003	6.365072e-003
1.715054268973462e-009	4.449900e-003	6.202280e-003
1.716850446428820e-009	4.566346e-003	5.981441e-003
1.718646623884179e-009	4.643735e-003	5.702555e-003
1.720442801339537e-009	4.682067e-003	5.365622e-003
1.722238978794895e-009	4.681342e-003	4.970641e-003
1.724035156250253e-009	4.641560e-003	4.517613e-003
1.725569754464539e-009	4.566725e-003	4.112043e-003
1.727104352678826e-009	4.467885e-003	3.705098e-003
1.728638950893112e-009	4.345042e-003	3.296778e-003
1.730173549107399e-009	4.198196e-003	2.887083e-003
1.731708147321685e-009	4.027346e-003	2.476013e-003
1.733242745535972e-009	3.832493e-003	2.063568e-003
1.734777343750258e-009	3.613636e-003	1.649748e-003
1.736242187500259e-009	3.388027e-003	1.274319e-003
1.737707031250260e-009	3.158694e-003	9.301730e-004
1.739171875000260e-009	2.925639e-003	6.173087e-004
1.740636718750261e-009	2.688860e-003	3.357264e-004
1.742101562500262e-009	2.448358e-003	8.542617e-005
1.743566406250262e-009	2.204133e-003	-1.335921e-004
1.745031250000263e-009	1.956185e-003	-3.213283e-004
1.746618164062764e-009	1.704070e-003	-4.683825e-004
1.748083007812765e-009	1.477503e-003	-5.522440e-004
1.749547851562765e-009	1.268691e-003	-6.013904e-004
1.751012695312766e-009	1.077634e-003	-6.158216e-004
1.752477539062767e-009	9.043322e-004	-5.955377e-004
1.753942382812768e-009	7.487854e-004	-5.405387e-004
1.755407226562768e-009	6.109937e-004	-4.508245e-004
1.756872070312769e-009	4.909569e-004	-3.263951e-004
1.758075334821698e-009	4.128101e-004	-2.099826e-004
1.759278599330627e-009	3.467475e-004	-9.476126e-005
1.760481863839557e-009	2.927692e-004	1.926886e-005
1.761685128348486e-009	2.508752e-004	1.321078e-004
1.762888392857415e-009	2.210654e-004	2.437555e-004
1.764091657366344e-009	2.033398e-004	3.542121e-004
1.765294921875273e-009	1.976985e-004	4.634774e-004
1.766881835937774e-009	2.086014e-004	5.827168e-004
1.768468750000275e-009	2.206180e-004	6.635466e-004
1.770055664062776e-009	2.337484e-004	7.059669e-004
1.771642578125276e-009	2.479924e-004	7.099778e-004
1.773229492187777e-009	2.633500e-004	6.755791e-004
1.774816406250278e-009	2.798214e-004	6.027709e-004
1.776403320312779e-009	2.974065e-004	4.915533e-004
1.777868164062780e-009	2.982266e-004	3.390211e-004
1.779333007812780e-009	2.844425e-004	1.621441e-004
1.780797851562781e-009	2.560541e-004	-3.907773e-005
1.782262695312782e-009	2.130615e-004	-2.646444e-004
1.783727539062782e-009	1.554646e-004	-5.145559e-004
1.785192382812783e-009	8.326351e-005	-7.888123e-004
1.786657226562784e-009	-3.541830e-006	-1.087414e-003
1.788156947544928e-009	-1.147839e-004	-1.404133e-003
1.789656668527071e-009	-2.377215e-004	-1.711450e-003
1.791156389509215e-009	-3.723546e-004	-2.009364e-003
1.792656110491358e-009	-5.186832e-004	-2.297875e-003
1.794155831473502e-009	-6.767073e-004	-2.576984e-003
1.795655552455646e-009	-8.464269e-004	-2.846689e-003
1.797155273437789e-009	-1.027842e-003	-3.106992e-003
1.799160714286004e-009	-1.282306e-003	-3.400092e-003
1.801166155134220e-009	-1.525537e-003	-3.644456e-003
1.803171595982435e-009	-1.757535e-003	-3.840084e-003
1.805177036830650e-009	-1.978298e-003	-3.986977e-003
1.807182477678866e-009	-2.187828e-003	-4.085134e-003
1.809187918527081e-009	-2.386125e-003	-4.134556e-003
1.811193359375296e-009	-2.573188e-003	-4.135243e-003
1.813338309152083e-009	-2.733094e-003	-4.085609e-003
1.815483258928870e-009	-2.867706e-003	-4.022472e-003
1.817628208705657e-009	-2.977023e-003	-3.945830e-003
1.819773158482443e-009	-3.061046e-003	-3.855684e-003
1.821918108259230e-009	-3.119773e-003	-3.752034e-003
1.824063058036017e-009	-3.153206e-003	-3.634880e-003
1.826208007812804e-009	-3.161344e-003	-3.504221e-003
1.828980747768162e-009	-3.137319e-003	-3.370929e-003
1.831753487723521e-009	-3.109626e-003	-3.267080e-003
1.834526227678879e-009	-3.078265e-003	-3.192673e-003
1.837298967634238e-009	-3.043236e-003	-3.147711e-003
1.840071707589596e-009	-3.004539e-003	-3.132191e-003
1.842844447544955e-009	-2.962174e-003	-3.146114e-003
1.845617187500313e-009	-2.916140e-003	-3.189481e-003
1.847901646205672e-009	-2.904749e-003	-3.228266e-003
1.850186104911030e-009	-2.888538e-003	-3.231564e-003
1.852470563616388e-009	-2.867508e-003	-3.199375e-003
1.854755022321747e-009	-2.841659e-003	-3.131698e-003
1.857039481027105e-009	-2.810990e-003	-3.028535e-003
1.859323939732463e-009	-2.775502e-003	-2.889885e-003
1.861608398437821e-009	-2.735195e-003	-2.715748e-003
1.863020926339606e-009	-2.695123e-003	-2.577915e-003
1.864433454241390e-009	-2.647347e-003	-2.432955e-003
1.865845982143174e-009	-2.591865e-003	-2.280867e-003
1.867258510044958e-009	-2.528679e-003	-2.121651e-003
1.868671037946743e-009	-2.457788e-003	-1.955308e-003
1.870083565848527e-009	-2.379191e-003	-1.781837e-003
1.871496093750311e-009	-2.292890e-003	-1.601238e-003
1.871618164062811e-009	-2.285127e-003	-1.586033e-003
1.874635044643165e-009	-2.066138e-003	-1.208242e-003
1.877651925223518e-009	-1.835983e-003	-8.432052e-004
1.880668805803872e-009	-1.594662e-003	-4.909230e-004
1.883685686384225e-009	-1.342174e-003	-1.513954e-004
1.886702566964579e-009	-1.078521e-003	1.753776e-004
1.889719447544932e-009	-8.037012e-004	4.893960e-004
1.892736328125286e-009	-5.177155e-004	7.906599e-004
1.895892717634211e-009	-2.233898e-004	1.073184e-003
1.899049107143136e-009	5.277342e-005	1.321054e-003
1.902205496652061e-009	3.107743e-004	1.534271e-003
1.905361886160985e-009	5.506128e-004	1.712834e-003
1.908518275669910e-009	7.722890e-004	1.856743e-003
1.911674665178835e-009	9.758027e-004	1.965999e-003
1.914831054687760e-009	1.161154e-003	2.040600e-003
1.918528041294898e-009	1.334473e-003	2.136202e-003
1.922225027902037e-009	1.490506e-003	2.222387e-003
1.925922014509175e-009	1.629252e-003	2.299158e-003
1.929619001116313e-009	1.750711e-003	2.366513e-003
1.933315987723452e-009	1.854883e-003	2.424452e-003
1.937012974330590e-009	1.941769e-003	2.472976e-003
1.940709960937729e-009	2.011368e-003	2.512084e-003
1.944093052455582e-009	2.072849e-003	2.497298e-003
1.947476143973435e-009	2.106818e-003	2.438315e-003
1.950859235491288e-009	2.113274e-003	2.335133e-003
1.954242327009141e-009	2.092217e-003	2.187754e-003
1.957625418526994e-009	2.043647e-003	1.996177e-003
1.961008510044847e-009	1.967563e-003	1.760403e-003
1.964391601562700e-009	1.863967e-003	1.480430e-003
1.967321289062697e-009	1.736006e-003	1.230498e-003
1.970250976562693e-009	1.598458e-003	9.906984e-004
1.973180664062690e-009	1.451324e-003	7.610325e-004
1.976110351562686e-009	1.294603e-003	5.414998e-004
1.979040039062683e-009	1.128296e-003	3.321005e-004
1.981969726562679e-009	9.524026e-004	1.328344e-004
1.984899414062676e-009	7.669228e-004	-5.629833e-005
1.986556082589460e-009	6.665657e-004	-1.483102e-004
1.988212751116243e-009	5.698798e-004	-2.292049e-004
1.989869419643027e-009	4.768649e-004	-2.989823e-004
1.991526088169811e-009	3.875211e-004	-3.576425e-004
1.993182756696595e-009	3.018483e-004	-4.051854e-004
1.994839425223378e-009	2.198467e-004	-4.416111e-004
1.996496093750162e-009	1.415162e-004	-4.669196e-004
1.996618164062662e-009	1.361055e-004	-4.682955e-004
1.999914062500158e-009	3.047444e-006	-4.852159e-004
2.000000000000000e-009	-8.748408e-008	-4.851881e-004
