time	V(n_3p)
0.000000000000000e+000	0.000000e+000
5.192973791062864e-011	-1.663338e-006
1.038594758212573e-010	-2.217772e-006
1.557892137318859e-010	-1.663303e-006
2.077189516425146e-010	6.863901e-011
2.596486895531432e-010	2.772344e-006
3.115784274637718e-010	6.653522e-006
3.635081653744004e-010	1.164360e-005
3.684187518125414e-010	9.863043e-006
3.733293382506824e-010	7.599640e-006
3.782399246888235e-010	4.853394e-006
3.831505111269645e-010	1.624304e-006
3.880610975651056e-010	-2.087630e-006
3.929716840032466e-010	-6.282407e-006
3.978822704413876e-010	-1.096003e-005
4.012066896265370e-010	-1.117651e-005
4.045311088116864e-010	-1.218406e-005
4.078555279968358e-010	-1.398268e-005
4.111799471819851e-010	-1.657235e-005
4.145043663671345e-010	-1.995309e-005
4.178287855522839e-010	-2.412489e-005
4.211532047374333e-010	-2.908775e-005
4.240083103412381e-010	-2.877100e-005
4.268634159450429e-010	-2.859341e-005
4.297185215488477e-010	-2.855497e-005
4.325736271526526e-010	-2.865570e-005
4.354287327564573e-010	-2.889558e-005
4.382838383602621e-010	-2.927462e-005
4.411389439640670e-010	-2.979281e-005
4.439720660921650e-010	-3.219887e-005
4.468051882202630e-010	-3.315619e-005
4.496383103483610e-010	-3.266477e-005
4.524714324764591e-010	-3.072462e-005
4.553045546045571e-010	-2.733572e-005
4.581376767326551e-010	-2.249810e-005
4.609707988607531e-010	-1.621173e-005
4.641557362774968e-010	-2.094447e-005
4.673406736942405e-010	-2.328200e-005
4.705256111109841e-010	-2.322431e-005
4.737105485277278e-010	-2.077141e-005
4.768954859444715e-010	-1.592330e-005
4.800804233612152e-010	-8.679973e-006
4.832653607779589e-010	9.585666e-007
4.852929263712158e-010	-4.543476e-006
4.873204919644727e-010	-8.385642e-006
4.893480575577297e-010	-1.056793e-005
4.913756231509866e-010	-1.109034e-005
4.934031887442436e-010	-9.952879e-006
4.954307543375005e-010	-7.155538e-006
4.974583199307575e-010	-2.698320e-006
5.001458778043933e-010	1.084207e-005
5.028334356780291e-010	2.768285e-005
5.055209935516650e-010	4.782402e-005
5.082085514253008e-010	7.126559e-005
5.108961092989366e-010	9.800756e-005
5.135836671725724e-010	1.280499e-004
5.162712250462083e-010	1.613927e-004
5.180092610054234e-010	1.985149e-004
5.197472969646387e-010	2.430467e-004
5.214853329238538e-010	2.949879e-004
5.232233688830691e-010	3.543387e-004
5.249614048422842e-010	4.210989e-004
5.266994408014995e-010	4.952687e-004
5.284374767607146e-010	5.768479e-004
5.317428873775750e-010	7.704674e-004
5.339822031619568e-010	9.517742e-004
5.361775061841190e-010	1.196261e-003
5.372756572542762e-010	1.352687e-003
5.383778270807232e-010	1.538133e-003
5.395038468565337e-010	1.761618e-003
5.406218463797221e-010	2.022183e-003
5.417485587878621e-010	2.328477e-003
5.428518365697853e-010	2.675286e-003
5.439571032676046e-010	3.073378e-003
5.450700426309211e-010	3.529315e-003
5.461923723047517e-010	4.048634e-003
5.472905405306004e-010	4.617685e-003
5.483986466541871e-010	5.255607e-003
5.494914124406000e-010	5.949540e-003
5.505985545593082e-010	6.720065e-003
5.517095006197352e-010	7.562913e-003
5.528314132186185e-010	8.486004e-003
5.539250278986883e-010	9.456109e-003
5.550266015261424e-010	1.050389e-002
5.561067810762851e-010	1.160034e-002
5.572009898452268e-010	1.278069e-002
5.582835157334846e-010	1.401724e-002
5.594063150080522e-010	1.537167e-002
5.605227549886692e-010	1.679040e-002
5.616275481440702e-010	1.826416e-002
5.627256239746885e-010	1.979680e-002
5.649308814719020e-010	2.307400e-002
5.682591016471709e-010	2.849787e-002
5.716127668494056e-010	3.448924e-002
5.749149464213179e-010	4.082919e-002
5.771418044649283e-010	4.530972e-002
5.793614489044169e-010	4.991022e-002
5.815544625378166e-010	5.456155e-002
5.848675192060426e-010	6.172556e-002
5.881937406825868e-010	6.897497e-002
5.896161060792441e-010	7.210592e-002
5.910384714759012e-010	7.514822e-002
5.924608368725585e-010	7.810185e-002
5.938832022692158e-010	8.096683e-002
5.953055676658730e-010	8.374315e-002
5.967279330625302e-010	8.643080e-002
5.981502984591875e-010	8.902980e-002
6.014416391969135e-010	9.424045e-002
6.047741925115070e-010	9.838676e-002
6.080645198278937e-010	1.012663e-001
6.096475139913604e-010	1.021596e-001
6.112305081548272e-010	1.028692e-001
6.128135023182939e-010	1.033951e-001
6.143964964817607e-010	1.037373e-001
6.159794906452273e-010	1.038958e-001
6.175624848086941e-010	1.038705e-001
6.191454789721608e-010	1.036615e-001
6.224070301945857e-010	1.031586e-001
6.257061226325767e-010	1.024903e-001
6.290239383682219e-010	1.017671e-001
6.323374840877897e-010	1.010284e-001
6.356895420781380e-010	1.002425e-001
6.390186513253544e-010	9.935699e-002
6.423476968992976e-010	9.825465e-002
6.456511329069821e-010	9.678382e-002
6.469217688463085e-010	9.610363e-002
6.481924047856347e-010	9.529498e-002
6.494630407249610e-010	9.435787e-002
6.507336766642872e-010	9.329229e-002
6.520043126036135e-010	9.209824e-002
6.532749485429397e-010	9.077572e-002
6.545455844822661e-010	8.932474e-002
6.567737847197907e-010	8.635569e-002
6.589607347842889e-010	8.297046e-002
6.611398240471073e-010	7.915812e-002
6.622388719043652e-010	7.708418e-002
6.633444200515338e-010	7.490690e-002
6.655458441634719e-010	7.033972e-002
6.677838248938075e-010	6.545724e-002
6.710833288942178e-010	5.802359e-002
6.723617074345196e-010	5.508769e-002
6.736400859748214e-010	5.220420e-002
6.749184645151232e-010	4.937312e-002
6.761968430554250e-010	4.659444e-002
6.774752215957268e-010	4.386817e-002
6.787536001360286e-010	4.119431e-002
6.800319786763304e-010	3.857285e-002
6.822405012062639e-010	3.435825e-002
6.844473008252360e-010	3.053216e-002
6.866567811040907e-010	2.716638e-002
6.888578592744661e-010	2.435059e-002
6.899549344098252e-010	2.316714e-002
6.910647552840756e-010	2.212690e-002
6.921867974284766e-010	2.123944e-002
6.933430679896610e-010	2.049910e-002
6.944359568291930e-010	1.996054e-002
6.955401443164108e-010	1.957128e-002
6.966393957926554e-010	1.933134e-002
6.977314483160767e-010	1.922897e-002
6.999513459479806e-010	1.938415e-002
7.010704123197692e-010	1.961294e-002
7.021670751246799e-010	1.990967e-002
7.032703704254774e-010	2.025981e-002
7.043946313184313e-010	2.064768e-002
7.054908529519319e-010	2.103475e-002
7.065969035893418e-010	2.141320e-002
7.076991158453974e-010	2.175883e-002
7.088057505111867e-010	2.205644e-002
7.099025577759763e-010	2.228740e-002
7.110322029979400e-010	2.244551e-002
7.121208828615684e-010	2.251181e-002
7.132234669242168e-010	2.248631e-002
7.143165213311325e-010	2.236569e-002
7.154187954298746e-010	2.214747e-002
7.165269007587379e-010	2.183264e-002
7.176399410269000e-010	2.142479e-002
7.187621515185629e-010	2.092750e-002
7.198763946397556e-010	2.035658e-002
7.209796911614798e-010	1.972466e-002
7.231975935067855e-010	1.829234e-002
7.265225552325723e-010	1.587563e-002
7.277764594553193e-010	1.490556e-002
7.290303636780664e-010	1.393423e-002
7.302842679008135e-010	1.296164e-002
7.315381721235607e-010	1.198778e-002
7.327920763463077e-010	1.101267e-002
7.340459805690548e-010	1.003629e-002
7.352998847918019e-010	9.058651e-003
7.375393871411930e-010	7.367913e-003
7.397365181351619e-010	5.789334e-003
7.419366714000130e-010	4.342175e-003
7.430409934462523e-010	3.687439e-003
7.441623126723805e-010	3.084821e-003
7.452892930848175e-010	2.552869e-003
7.463911367416387e-010	2.114334e-003
7.475028024475163e-010	1.763319e-003
7.486083566903692e-010	1.513987e-003
7.497046632340698e-010	1.372313e-003
7.508098420286437e-010	1.341750e-003
7.519152414232746e-010	1.427957e-003
7.530122551243046e-010	1.630977e-003
7.541204000596157e-010	1.954746e-003
7.552298542727436e-010	2.396077e-003
7.563379959842154e-010	2.949435e-003
7.574356090517499e-010	3.602006e-003
7.585391408979187e-010	4.354622e-003
7.596289839701907e-010	5.183268e-003
7.607304479310214e-010	6.095829e-003
7.629745560155961e-010	8.137126e-003
7.651702501267186e-010	1.028182e-002
7.673613259822193e-010	1.246024e-002
7.695727489200330e-010	1.459398e-002
7.717892115011518e-010	1.657190e-002
7.739902650657421e-010	1.829495e-002
7.761837087634482e-010	1.970639e-002
7.784042295883371e-010	2.077307e-002
7.806086500064775e-010	2.143877e-002
7.828433315068506e-010	2.170140e-002
7.850521056128552e-010	2.156436e-002
7.872585236984436e-010	2.106904e-002
7.895102453041881e-010	2.025455e-002
7.928262378716962e-010	1.866046e-002
7.940832623396901e-010	1.795600e-002
7.953402868076841e-010	1.727195e-002
7.965973112756781e-010	1.660831e-002
7.978543357436720e-010	1.596509e-002
7.991113602116660e-010	1.534228e-002
8.003683846796600e-010	1.473988e-002
8.016254091476539e-010	1.415789e-002
8.038413335495808e-010	1.329623e-002
8.060587393687665e-010	1.258575e-002
8.082911232320879e-010	1.200760e-002
8.115916488384247e-010	1.134579e-002
8.130151628243097e-010	1.111838e-002
8.144386768101945e-010	1.090400e-002
8.158621907960795e-010	1.070266e-002
8.172857047819644e-010	1.051436e-002
8.187092187678493e-010	1.033908e-002
8.201327327537342e-010	1.017685e-002
8.215562467396192e-010	1.002764e-002
8.237634160074892e-010	9.789838e-003
8.259872018731364e-010	9.529988e-003
8.292895744271933e-010	9.009461e-003
8.314941258287542e-010	8.483829e-003
8.326063329825643e-010	8.138526e-003
8.337360470455878e-010	7.721123e-003
8.348175224836480e-010	7.251422e-003
8.359243533031380e-010	6.693590e-003
8.370112052282823e-010	6.065727e-003
8.381136037838717e-010	5.345463e-003
8.392114300687260e-010	4.544614e-003
8.403412199235174e-010	3.635835e-003
8.414304207800459e-010	2.683192e-003
8.425502044691691e-010	1.633014e-003
8.436443540157382e-010	5.469454e-004
8.447430032609386e-010	-5.917443e-004
8.469542795420881e-010	-2.976075e-003
8.502983680664208e-010	-6.588071e-003
8.525184326650982e-010	-8.813741e-003
8.536229306221919e-010	-9.830025e-003
8.547335293024601e-010	-1.077674e-002
8.558403901852923e-010	-1.163700e-002
8.569428648317431e-010	-1.240492e-002
8.580540165993493e-010	-1.308468e-002
8.591924867167814e-010	-1.368037e-002
8.602831633668453e-010	-1.415449e-002
8.613908293671377e-010	-1.453984e-002
8.635687512187688e-010	-1.502251e-002
8.657860456233582e-010	-1.516047e-002
8.679823252184214e-010	-1.497746e-002
8.702003529768273e-010	-1.450670e-002
8.723951970878766e-010	-1.379778e-002
8.757285342105238e-010	-1.236086e-002
8.790535991321148e-010	-1.066599e-002
8.812785822076171e-010	-9.500619e-003
8.834788980876041e-010	-8.409462e-003
8.846295001066893e-010	-7.886715e-003
8.857236747262764e-010	-7.430440e-003
8.868337463729223e-010	-7.014663e-003
8.879419275802851e-010	-6.651697e-003
8.890358994722530e-010	-6.347409e-003
8.901334808372290e-010	-6.097141e-003
8.912520573148620e-010	-5.897884e-003
8.923787289582270e-010	-5.751132e-003
8.945797496089457e-010	-5.600081e-003
8.968114759168640e-010	-5.580157e-003
8.977547144424533e-010	-5.607412e-003
8.986979529680426e-010	-5.626485e-003
8.996411914936319e-010	-5.637374e-003
9.005844300192212e-010	-5.640081e-003
9.015276685448105e-010	-5.634604e-003
9.024709070703998e-010	-5.620945e-003
9.034141455959891e-010	-5.599102e-003
9.045080110278026e-010	-5.532782e-003
9.056138054790030e-010	-5.432858e-003
9.067190218534373e-010	-5.298648e-003
9.078153402873149e-010	-5.131820e-003
9.089153884011608e-010	-4.932239e-003
9.100179555274501e-010	-4.702478e-003
9.122149910367311e-010	-4.169774e-003
9.154952366509993e-010	-3.243454e-003
9.187961458435697e-010	-2.214662e-003
9.210131820884064e-010	-1.473704e-003
9.232335370327227e-010	-6.727151e-004
9.243496461106825e-010	-2.400642e-004
9.254545512966423e-010	2.120065e-004
9.265552501054130e-010	6.881244e-004
9.276569489658023e-010	1.191705e-003
9.287701288860824e-010	1.728002e-003
9.298609546117680e-010	2.278856e-003
9.309665386147287e-010	2.859602e-003
9.320601775097026e-010	3.451582e-003
9.331575930582242e-010	4.056755e-003
9.342533001681155e-010	4.664364e-003
9.364598956983372e-010	5.860913e-003
9.386497693124676e-010	6.944625e-003
9.408388821917627e-010	7.843578e-003
9.419467978963292e-010	8.205642e-003
9.430700180287378e-010	8.499273e-003
9.441693442318887e-010	8.710234e-003
9.452709175909109e-010	8.843026e-003
9.463843142243853e-010	8.896704e-003
9.474928462935330e-010	8.871301e-003
9.485996028217317e-010	8.771124e-003
9.497155361371115e-010	8.600080e-003
9.508201500318416e-010	8.368683e-003
9.519122697622330e-010	8.087437e-003
9.530075009101754e-010	7.762118e-003
9.541212220387846e-010	7.396813e-003
9.552110578648438e-010	7.015441e-003
9.563134878327847e-010	6.615400e-003
9.585074980385882e-010	5.812438e-003
9.617974142915985e-010	4.702482e-003
9.639878006125012e-010	4.086229e-003
9.662698518293029e-010	3.574172e-003
9.685035900815428e-010	3.203973e-003
9.707140556663176e-010	2.955452e-003
9.729542419975302e-010	2.804994e-003
9.762809841555983e-010	2.718729e-003
9.784774504022603e-010	2.712945e-003
9.806975778240647e-010	2.713839e-003
9.818072591571376e-010	2.706848e-003
9.829118848445791e-010	2.689511e-003
9.840437929322171e-010	2.656727e-003
9.851321184516426e-010	2.606974e-003
9.862458688366747e-010	2.533714e-003
9.873713027973808e-010	2.433159e-003
9.884695725350937e-010	2.306285e-003
9.895683597271124e-010	2.148432e-003
9.906741663577890e-010	1.956453e-003
9.918784658153157e-010	1.708154e-003
9.929698664871062e-010	1.447308e-003
9.941055961178559e-010	1.139955e-003
9.951968734729583e-010	8.110538e-004
9.963009961851810e-010	4.463601e-004
9.973937518619571e-010	5.583579e-005
9.985458300606318e-010	-3.850639e-004
1.000739412825792e-009	-1.296239e-003
1.002959617500273e-009	-2.294959e-003
1.006260784949266e-009	-3.878933e-003
1.009575804703806e-009	-5.547483e-003
1.012939909485825e-009	-7.291173e-003
1.014047774058974e-009	-7.880736e-003
1.015155638632122e-009	-8.461447e-003
1.016263503205270e-009	-9.033307e-003
1.017371367778419e-009	-9.596315e-003
1.018479232351567e-009	-1.015047e-002
1.019587096924716e-009	-1.069578e-002
1.020694961497864e-009	-1.123223e-002
1.022907911053223e-009	-1.219545e-002
1.025120358691807e-009	-1.300026e-002
1.027328064418914e-009	-1.359540e-002
1.029598661276321e-009	-1.394690e-002
1.031813936704561e-009	-1.400788e-002
1.034011157270156e-009	-1.378550e-002
1.036242796756820e-009	-1.328310e-002
1.038463345857759e-009	-1.253461e-002
1.040680491993804e-009	-1.157806e-002
1.043998762517141e-009	-9.844861e-003
1.047338947050382e-009	-7.841282e-003
1.050699248770597e-009	-5.647537e-003
1.053986552625278e-009	-3.380778e-003
1.055102455453467e-009	-2.582969e-003
1.056218358281657e-009	-1.789461e-003
1.057334261109846e-009	-1.000254e-003
1.058450163938035e-009	-2.153475e-004
1.059566066766225e-009	5.652574e-004
1.060681969594414e-009	1.341561e-003
1.061797872422604e-009	2.113564e-003
1.064013899505494e-009	3.558849e-003
1.066251022263593e-009	4.897120e-003
1.068525678414538e-009	6.101943e-003
1.070760621487161e-009	7.115334e-003
1.072965372184013e-009	7.948810e-003
1.075238675509521e-009	8.650615e-003
1.077448324364679e-009	9.205189e-003
1.079629404531954e-009	9.658153e-003
1.081851196181706e-009	1.004890e-002
1.084085679491127e-009	1.038588e-002
1.086362465938636e-009	1.067298e-002
1.089640310359334e-009	1.095440e-002
1.092978544909152e-009	1.099984e-002
1.095211961154858e-009	1.084558e-002
1.097417473583294e-009	1.052455e-002
1.099631137215778e-009	1.002894e-002
1.101872378740046e-009	9.361323e-003
1.105169990215459e-009	8.131973e-003
1.106444936738222e-009	7.586539e-003
1.107719883260985e-009	7.032862e-003
1.108994829783748e-009	6.470943e-003
1.110269776306511e-009	5.900781e-003
1.111544722829274e-009	5.322376e-003
1.112819669352037e-009	4.735729e-003
1.114094615874800e-009	4.140839e-003
1.117370316295334e-009	2.641438e-003
1.120742239521053e-009	1.085135e-003
1.124062406742913e-009	-4.926419e-004
1.127380622072247e-009	-2.123934e-003
1.130753941958562e-009	-3.796404e-003
1.134055205676373e-009	-5.353197e-003
1.136253702915038e-009	-6.284225e-003
1.138510292983782e-009	-7.104216e-003
1.140712415617940e-009	-7.735942e-003
1.142892305040777e-009	-8.169641e-003
1.145123159461087e-009	-8.397631e-003
1.147362483945195e-009	-8.399575e-003
1.149618390902970e-009	-8.175970e-003
1.151822451581010e-009	-7.753358e-003
1.154024271797301e-009	-7.152234e-003
1.156255064929623e-009	-6.389551e-003
1.158499514285296e-009	-5.498506e-003
1.161786660763560e-009	-4.037114e-003
1.165167096829917e-009	-2.423731e-003
1.167399432229350e-009	-1.331316e-003
1.169681036237928e-009	-2.082171e-004
1.171912054559482e-009	8.891831e-004
1.174110608855047e-009	1.965093e-003
1.176305577840706e-009	3.028101e-003
1.178508229948177e-009	4.073679e-003
1.180687100957785e-009	5.070758e-003
1.182931889850734e-009	6.034051e-003
1.185137712545624e-009	6.885477e-003
1.187434294551178e-009	7.632958e-003
1.189645890032845e-009	8.182474e-003
1.191862605117182e-009	8.536063e-003
1.194119691479254e-009	8.675481e-003
1.196315029220357e-009	8.596242e-003
1.198508999632127e-009	8.321329e-003
1.200748790377493e-009	7.871926e-003
1.204079171598563e-009	6.990425e-003
1.207477194773203e-009	5.991556e-003
1.209732528637633e-009	5.356191e-003
1.211937017213024e-009	4.796783e-003
1.214295808383253e-009	4.285295e-003
1.215400414736567e-009	4.078091e-003
1.216519975529714e-009	3.888094e-003
1.217600776596649e-009	3.722280e-003
1.218694345296467e-009	3.570120e-003
1.219830648063679e-009	3.426188e-003
1.220980210160739e-009	3.292520e-003
1.223178880048629e-009	3.060183e-003
1.225410200310029e-009	2.840703e-003
1.228764429027378e-009	2.515391e-003
1.229873008594898e-009	2.403947e-003
1.230981588162418e-009	2.294879e-003
1.232090167729937e-009	2.188189e-003
1.233198747297457e-009	2.083875e-003
1.234307326864977e-009	1.981938e-003
1.235415906432497e-009	1.882378e-003
1.236524486000017e-009	1.785195e-003
1.238772245648653e-009	1.617477e-003
1.241059282242455e-009	1.486730e-003
1.243267766090824e-009	1.405498e-003
1.246633036591700e-009	1.372970e-003
1.249920348136000e-009	1.444128e-003
1.253308452325564e-009	1.609786e-003
1.255547924344056e-009	1.773570e-003
1.257787396362549e-009	1.951365e-003
1.260026868381041e-009	2.143170e-003
1.262266340399534e-009	2.348987e-003
1.264505812418027e-009	2.568814e-003
1.266745284436519e-009	2.802653e-003
1.268984756455012e-009	3.050502e-003
1.272372025659163e-009	3.405104e-003
1.275715885293166e-009	3.736375e-003
1.278032904382060e-009	3.942702e-003
1.281333538320895e-009	4.178638e-003
1.284699933826009e-009	4.307351e-003
1.286918056195332e-009	4.303474e-003
1.289129249371470e-009	4.210044e-003
1.291371850375097e-009	4.008749e-003
1.293603176679095e-009	3.690462e-003
1.295859769309464e-009	3.242475e-003
1.298105748927711e-009	2.670683e-003
1.300311159483316e-009	1.993184e-003
1.302543359356362e-009	1.202068e-003
1.304801002466539e-009	3.101369e-004
1.306993206673587e-009	-6.267845e-004
1.310319445705207e-009	-2.142391e-003
1.313708853467512e-009	-3.751130e-003
1.317079769722267e-009	-5.361730e-003
1.318514369578924e-009	-6.050016e-003
1.319948969435581e-009	-6.714432e-003
1.321383569292238e-009	-7.354978e-003
1.322818169148895e-009	-7.971653e-003
1.324252769005552e-009	-8.564458e-003
1.325687368862209e-009	-9.133393e-003
1.327121968718866e-009	-9.678457e-003
1.330457788603714e-009	-1.074413e-002
1.333882165462772e-009	-1.153887e-002
1.336168465446900e-009	-1.187832e-002
1.339527043394016e-009	-1.208467e-002
1.342893669064289e-009	-1.194643e-002
1.346305569894720e-009	-1.147757e-002
1.349636958101978e-009	-1.073636e-002
1.353011620703315e-009	-9.744946e-003
1.356328911676071e-009	-8.587388e-003
1.359678537883827e-009	-7.301159e-003
1.361937162696250e-009	-6.407766e-003
1.364233008122211e-009	-5.511083e-003
1.366494154282021e-009	-4.667608e-003
1.368707284674095e-009	-3.905250e-003
1.370973310901567e-009	-3.210683e-003
1.373226490354666e-009	-2.621224e-003
1.375430020469853e-009	-2.149609e-003
1.377687264070699e-009	-1.774109e-003
1.379919520251361e-009	-1.503602e-003
1.382146197827359e-009	-1.322676e-003
1.384493654516445e-009	-1.212738e-003
1.387823659232852e-009	-1.165082e-003
1.391258720215447e-009	-1.201175e-003
1.393507124684558e-009	-1.246922e-003
1.395802315533990e-009	-1.294273e-003
1.398090461969910e-009	-1.327232e-003
1.400304910303264e-009	-1.331626e-003
1.402638649248095e-009	-1.292848e-003
1.404902090214180e-009	-1.201052e-003
1.407096151335514e-009	-1.053429e-003
1.409401672505132e-009	-8.326814e-004
1.411677167418714e-009	-5.507672e-004
1.413891660828790e-009	-2.219225e-004
1.416268114877084e-009	1.793280e-004
1.419615224417155e-009	8.028948e-004
1.423094002021573e-009	1.490714e-003
1.426455600964121e-009	2.176578e-003
1.429897164127939e-009	2.906264e-003
1.433216600384764e-009	3.656736e-003
1.434697998511322e-009	4.015119e-003
1.436179396637881e-009	4.385185e-003
1.437660794764440e-009	4.766934e-003
1.439142192890999e-009	5.160366e-003
1.440623591017558e-009	5.565480e-003
1.442104989144117e-009	5.982277e-003
1.443586387270675e-009	6.410757e-003
1.447011747717647e-009	7.392649e-003
1.449318763007364e-009	8.038686e-003
1.451518417803245e-009	8.631223e-003
1.453870686610309e-009	9.232511e-003
1.456170591486103e-009	9.785301e-003
1.457281349502107e-009	1.003995e-002
1.458377728926909e-009	1.028375e-002
1.460694736979707e-009	1.077580e-002
1.462971530306363e-009	1.123056e-002
1.465230266959591e-009	1.165395e-002
1.467550907382919e-009	1.205679e-002
1.469794062045335e-009	1.240766e-002
1.472031965911378e-009	1.270822e-002
1.474345629733162e-009	1.295059e-002
1.476557286732818e-009	1.309915e-002
1.478898334696008e-009	1.314658e-002
1.481231993066269e-009	1.305976e-002
1.483439965202520e-009	1.283586e-002
1.485787353354421e-009	1.242990e-002
1.488020646548782e-009	1.187153e-002
1.489109549900944e-009	1.153634e-002
1.490208266318416e-009	1.115594e-002
1.491371600634956e-009	1.070722e-002
1.492527037347195e-009	1.021547e-002
1.493622004431069e-009	9.708192e-003
1.494729693942764e-009	9.155714e-003
1.495826954111561e-009	8.571408e-003
1.496991732338798e-009	7.913516e-003
1.498178039673055e-009	7.207021e-003
1.500446876120216e-009	5.768423e-003
1.503799599247578e-009	3.495667e-003
1.507236701193983e-009	1.102074e-003
1.509470642563847e-009	-4.208323e-004
1.511743979458197e-009	-1.897296e-003
1.513935132315442e-009	-3.216282e-003
1.516162010933427e-009	-4.422167e-003
1.518417707943148e-009	-5.480341e-003
1.520639933323092e-009	-6.343459e-003
1.522878555885049e-009	-7.020679e-003
1.525120157287123e-009	-7.499904e-003
1.527331907425437e-009	-7.779041e-003
1.529718963461551e-009	-7.874086e-003
1.532026276198951e-009	-7.779987e-003
1.534228300114568e-009	-7.542539e-003
1.536660760755229e-009	-7.145685e-003
1.540115292005985e-009	-6.418020e-003
1.543665380903496e-009	-5.585337e-003
1.545906864220121e-009	-5.068139e-003
1.547003777038308e-009	-4.826281e-003
1.548276667021472e-009	-4.558448e-003
1.550674796970673e-009	-4.097841e-003
1.552885752208013e-009	-3.728548e-003
1.555269386955438e-009	-3.388417e-003
1.557601410175965e-009	-3.106422e-003
1.561080948427128e-009	-2.754925e-003
1.564602977028481e-009	-2.448522e-003
1.566940712116667e-009	-2.267415e-003
1.569278447204854e-009	-2.074748e-003
1.571616182293040e-009	-1.870523e-003
1.573953917381227e-009	-1.654739e-003
1.576291652469413e-009	-1.427396e-003
1.578629387557599e-009	-1.188494e-003
1.580967122645786e-009	-9.380331e-004
1.582436685354700e-009	-7.569382e-004
1.583906248063613e-009	-5.719544e-004
1.585375810772527e-009	-3.830817e-004
1.586845373481441e-009	-1.903201e-004
1.588314936190355e-009	6.330488e-006
1.589784498899268e-009	2.068700e-004
1.591254061608182e-009	4.112984e-004
1.594759196260569e-009	8.374289e-004
1.597008949733019e-009	1.053496e-003
1.599303558580789e-009	1.206623e-003
1.601576875352887e-009	1.277403e-003
1.603777661285804e-009	1.260851e-003
1.604902855655496e-009	1.218989e-003
1.606218738343425e-009	1.141652e-003
1.608612766562581e-009	9.259214e-004
1.610851350377138e-009	6.450585e-004
1.613149735453089e-009	2.907372e-004
1.616439359866951e-009	-3.003964e-004
1.617905573651265e-009	-5.937441e-004
1.619371787435579e-009	-8.834331e-004
1.620838001219893e-009	-1.169463e-003
1.622304215004207e-009	-1.451835e-003
1.623770428788521e-009	-1.730548e-003
1.625236642572835e-009	-2.005602e-003
1.626702856357149e-009	-2.276998e-003
1.630034778210535e-009	-2.810730e-003
1.633360189504441e-009	-3.232456e-003
1.636669424731437e-009	-3.519025e-003
1.640000484530487e-009	-3.660435e-003
1.643331693004407e-009	-3.654097e-003
1.646810541892149e-009	-3.504592e-003
1.650152083856471e-009	-3.250899e-003
1.653540337172594e-009	-2.921229e-003
1.655765954878974e-009	-2.685977e-003
1.657975080065684e-009	-2.453107e-003
1.660207402794128e-009	-2.231765e-003
1.662507809041124e-009	-2.032079e-003
1.664758624676781e-009	-1.877010e-003
1.666958472730912e-009	-1.773978e-003
1.669229352929885e-009	-1.725414e-003
1.671509122722518e-009	-1.739399e-003
1.674831275376933e-009	-1.868510e-003
1.678199717262307e-009	-2.105835e-003
1.679498011261941e-009	-2.226737e-003
1.680796305261575e-009	-2.341028e-003
1.682094599261209e-009	-2.448707e-003
1.683392893260843e-009	-2.549773e-003
1.684691187260477e-009	-2.644227e-003
1.685989481260111e-009	-2.732070e-003
1.687287775259745e-009	-2.813300e-003
1.689572736176187e-009	-2.881015e-003
1.691811946495646e-009	-2.863683e-003
1.694145857383467e-009	-2.744097e-003
1.696431960451991e-009	-2.520282e-003
1.698635026225365e-009	-2.205618e-003
1.700863752734147e-009	-1.795701e-003
1.703113307708303e-009	-1.301403e-003
1.706412852063878e-009	-4.667261e-004
1.709784808415249e-009	4.609721e-004
1.711058112798017e-009	8.234389e-004
1.712331417180786e-009	1.176072e-003
1.713604721563555e-009	1.518873e-003
1.714878025946324e-009	1.851840e-003
1.716151330329093e-009	2.174974e-003
1.717424634711861e-009	2.488274e-003
1.718697939094630e-009	2.791742e-003
1.720954543344774e-009	3.276801e-003
1.723194413841503e-009	3.701098e-003
1.725406257147225e-009	4.062736e-003
1.727651606391373e-009	4.372867e-003
1.729868213496141e-009	4.626083e-003
1.732166489609706e-009	4.838236e-003
1.734449559272663e-009	5.004342e-003
1.736644727861600e-009	5.128255e-003
1.740080072499865e-009	5.265822e-003
1.743412229326664e-009	5.350274e-003
1.746778880679742e-009	5.400978e-003
1.750135941057413e-009	5.422865e-003
1.753488607546514e-009	5.410103e-003
1.756825152259570e-009	5.342437e-003
1.759062017993650e-009	5.249422e-003
1.761284961607434e-009	5.103996e-003
1.763533227152875e-009	4.888736e-003
1.765823221678567e-009	4.584426e-003
1.768027090263045e-009	4.198758e-003
1.769186977270939e-009	3.956359e-003
1.770369437305562e-009	3.680323e-003
1.771507476278456e-009	3.386892e-003
1.773739044667527e-009	2.733772e-003
1.775992610681977e-009	1.976267e-003
1.778228784289268e-009	1.140994e-003
1.781530561985840e-009	-2.009197e-004
1.785025249631290e-009	-1.676352e-003
1.788364415377807e-009	-3.032552e-003
1.790656660301484e-009	-3.877045e-003
1.792889859455281e-009	-4.596609e-003
1.795241694113416e-009	-5.215418e-003
1.797523729854493e-009	-5.656758e-003
1.799717850573736e-009	-5.917858e-003
1.802053827882935e-009	-6.010081e-003
1.804321314891744e-009	-5.913463e-003
1.806546583740029e-009	-5.643816e-003
1.808856266604028e-009	-5.190584e-003
1.811106409048256e-009	-4.594017e-003
1.813300771535608e-009	-3.883068e-003
1.815590142703021e-009	-3.028021e-003
1.817812869794195e-009	-2.111484e-003
1.821327607888178e-009	-5.514161e-004
1.822475243071043e-009	-1.896077e-005
1.823622878253909e-009	5.063110e-004
1.824770513436774e-009	1.024399e-003
1.825918148619640e-009	1.535304e-003
1.827065783802505e-009	2.039025e-003
1.828213418985371e-009	2.535562e-003
1.829361054168236e-009	3.024916e-003
1.831553678774508e-009	3.892252e-003
1.834075222812830e-009	4.786692e-003
1.836387388875322e-009	5.493560e-003
1.838585447409462e-009	6.054797e-003
1.841125515566926e-009	6.562610e-003
1.843408767292402e-009	6.889878e-003
1.845793243009601e-009	7.105604e-003
1.849156151577109e-009	7.207894e-003
1.852726579133651e-009	7.090688e-003
1.856154115158561e-009	6.795760e-003
1.859835246794398e-009	6.314815e-003
1.863098093156315e-009	5.767703e-003
1.866724370342127e-009	5.044211e-003
1.870076623897311e-009	4.282131e-003
1.873747088784281e-009	3.365169e-003
1.875434930986615e-009	2.915952e-003
1.877122773188950e-009	2.461928e-003
1.878810615391284e-009	2.003098e-003
1.880498457593618e-009	1.539461e-003
1.882186299795952e-009	1.071018e-003
1.883874141998287e-009	5.977676e-004
1.885561984200621e-009	1.197110e-004
1.888946688313541e-009	-8.263425e-004
1.892490888077912e-009	-1.801951e-003
1.894672244601579e-009	-2.387029e-003
1.897174723408313e-009	-3.033673e-003
1.899477494872656e-009	-3.594819e-003
1.901682806908366e-009	-4.090266e-003
1.903940682233523e-009	-4.542944e-003
1.906124825569077e-009	-4.917296e-003
1.908314965361989e-009	-5.220449e-003
1.910558275257602e-009	-5.448522e-003
1.912816804890156e-009	-5.589146e-003
1.915090798210727e-009	-5.638873e-003
1.918464289927594e-009	-5.546188e-003
1.921825897324953e-009	-5.268054e-003
1.925360862033242e-009	-4.796221e-003
1.928736474757765e-009	-4.197144e-003
1.932057197865861e-009	-3.491920e-003
1.933506450160601e-009	-3.145972e-003
1.934955702455342e-009	-2.796616e-003
1.936404954750083e-009	-2.443852e-003
1.937854207044824e-009	-2.087679e-003
1.939303459339564e-009	-1.728099e-003
1.940752711634305e-009	-1.365111e-003
1.942201963929045e-009	-9.987139e-004
1.945580053330300e-009	-2.206517e-004
1.947874790218460e-009	2.455535e-004
1.950128351153138e-009	6.389010e-004
1.952337484193017e-009	9.531835e-004
1.954680256644133e-009	1.203081e-003
1.956930919504107e-009	1.359966e-003
1.959154237672579e-009	1.435808e-003
1.961466215793605e-009	1.434925e-003
1.963691032562664e-009	1.362631e-003
1.965927371207037e-009	1.225806e-003
1.968215948287929e-009	1.026591e-003
1.971516045518681e-009	6.501886e-004
1.974859832100472e-009	1.854573e-004
1.978226131265843e-009	-3.372812e-004
1.980575757642907e-009	-7.171757e-004
1.982796235012984e-009	-1.075291e-003
1.985032825598248e-009	-1.424675e-003
1.987239325439871e-009	-1.748662e-003
1.989428108912024e-009	-2.041322e-003
1.991649251298272e-009	-2.301892e-003
1.993873646324639e-009	-2.520537e-003
1.996171595856539e-009	-2.698029e-003
1.998397876008426e-009	-2.821231e-003
2.001684832628672e-009	-2.915591e-003
2.005114507867152e-009	-2.908500e-003
2.008516579342326e-009	-2.806576e-003
2.010264664868796e-009	-2.715898e-003
2.012012750395266e-009	-2.613172e-003
2.013760835921736e-009	-2.498397e-003
2.015508921448206e-009	-2.371572e-003
2.017257006974676e-009	-2.232699e-003
2.019005092501146e-009	-2.081777e-003
2.020753178027616e-009	-1.918806e-003
2.022993184262054e-009	-1.714354e-003
2.025301450270425e-009	-1.503922e-003
2.027496071126815e-009	-1.308718e-003
2.029709250342921e-009	-1.120882e-003
2.032024880597614e-009	-9.381857e-004
2.034326332720872e-009	-7.744819e-004
2.037673932094023e-009	-5.752023e-004
2.040994389212261e-009	-4.302876e-004
2.044372574409371e-009	-3.412025e-004
2.047743147603338e-009	-3.091724e-004
2.049658490295651e-009	-3.228834e-004
2.051573832987963e-009	-3.391926e-004
2.053489175680275e-009	-3.580999e-004
2.055404518372588e-009	-3.796054e-004
2.057319861064900e-009	-4.037091e-004
2.059235203757213e-009	-4.304109e-004
2.061150546449525e-009	-4.597108e-004
2.063400625341277e-009	-4.636158e-004
2.065650704233029e-009	-4.573266e-004
2.067900783124781e-009	-4.408432e-004
2.070150862016533e-009	-4.141656e-004
2.072400940908285e-009	-3.772938e-004
2.074651019800037e-009	-3.302278e-004
2.076901098691789e-009	-2.729676e-004
2.080259520560439e-009	-2.057838e-004
2.083614176605635e-009	-1.459972e-004
2.086939139398220e-009	-8.593989e-005
2.090297340695751e-009	-8.236626e-006
2.093654749197486e-009	1.055787e-004
2.097012151350654e-009	2.709813e-004
2.100345898124031e-009	4.933478e-004
2.103666754478429e-009	7.699542e-004
2.107040527375056e-009	1.096768e-003
2.110439396892131e-009	1.457459e-003
2.119398184795795e-009	2.440960e-003
2.122703188341725e-009	2.773553e-003
2.126026638150728e-009	3.064880e-003
2.128224756164572e-009	3.223201e-003
2.130414098872228e-009	3.345547e-003
2.132740656231066e-009	3.429004e-003
2.134974050086822e-009	3.456916e-003
2.137297087863743e-009	3.425485e-003
2.139550920448781e-009	3.332084e-003
2.141850810663034e-009	3.171337e-003
2.144034913059755e-009	2.958620e-003
2.146243538952044e-009	2.687650e-003
2.149602531193801e-009	2.181696e-003
2.152929338487308e-009	1.594545e-003
2.156457756085323e-009	9.158542e-004
2.157881844653606e-009	6.294900e-004
2.159305933221889e-009	3.485925e-004
2.160730021790172e-009	7.316167e-005
2.162154110358455e-009	-1.968025e-004
2.163578198926738e-009	-4.612999e-004
2.165002287495020e-009	-7.203307e-004
2.166426376063304e-009	-9.738948e-004
2.168662178056349e-009	-1.340839e-003
2.170863648453402e-009	-1.670821e-003
2.173198763819868e-009	-1.983957e-003
2.175573629147335e-009	-2.261478e-003
2.177860957986850e-009	-2.488453e-003
2.180044539316629e-009	-2.667305e-003
2.182239504858087e-009	-2.808890e-003
2.184476772342603e-009	-2.912563e-003
2.186766878506973e-009	-2.974596e-003
2.189055622173905e-009	-2.990240e-003
2.191267836169525e-009	-2.959759e-003
2.193457267425936e-009	-2.884448e-003
2.195874311105034e-009	-2.749034e-003
2.199189377168691e-009	-2.477132e-003
2.202619086441554e-009	-2.101403e-003
2.206060152141865e-009	-1.647381e-003
2.207522030544665e-009	-1.432107e-003
2.208983908947464e-009	-1.215017e-003
2.210445787350263e-009	-9.961111e-004
2.211907665753063e-009	-7.753900e-004
2.213369544155862e-009	-5.528534e-004
2.214831422558661e-009	-3.285013e-004
2.216293300961460e-009	-1.023336e-004
2.219885292558203e-009	4.191054e-004
2.223239555931605e-009	8.649977e-004
2.226535985497775e-009	1.253291e-003
2.229974498549540e-009	1.595566e-003
2.233313558263228e-009	1.856454e-003
2.236622734006255e-009	2.034472e-003
2.240124536454321e-009	2.123287e-003
2.243451209971775e-009	2.103552e-003
2.246780567056365e-009	1.978552e-003
2.250133156828315e-009	1.750729e-003
2.253472070456255e-009	1.435864e-003
2.256769764988702e-009	1.060546e-003
2.261367099369848e-009	4.834162e-004
2.262791041535476e-009	2.983786e-004
2.264214983701104e-009	1.217164e-004
2.265638925866732e-009	-4.657061e-005
2.267062868032360e-009	-2.064823e-004
2.268486810197989e-009	-3.580187e-004
2.269910752363616e-009	-5.011798e-004
2.271334694529245e-009	-6.359657e-004
2.274657793838256e-009	-8.864779e-004
2.278148910774585e-009	-1.061260e-003
2.281474256791200e-009	-1.141135e-003
2.284830130891431e-009	-1.139031e-003
2.288180884557274e-009	-1.061016e-003
2.291494328124136e-009	-9.193210e-004
2.294822159737208e-009	-7.252597e-004
2.296761124771659e-009	-5.860548e-004
2.298700089806110e-009	-4.460632e-004
2.300639054840561e-009	-3.052850e-004
2.302578019875012e-009	-1.637201e-004
2.304516984909463e-009	-2.136857e-005
2.306455949943915e-009	1.217696e-004
2.308394914978366e-009	2.656944e-004
2.311138598906317e-009	4.401892e-004
2.313882282834268e-009	5.943563e-004
2.316625966762219e-009	7.281958e-004
2.319369650690171e-009	8.417075e-004
2.322113334618122e-009	9.348916e-004
2.324857018546073e-009	1.007748e-003
2.327600702474024e-009	1.060277e-003
2.329703448909181e-009	1.099946e-003
2.331806195344338e-009	1.130121e-003
2.333908941779494e-009	1.150802e-003
2.336011688214651e-009	1.161988e-003
2.338114434649808e-009	1.163679e-003
2.340217181084965e-009	1.155876e-003
2.342319927520122e-009	1.138579e-003
2.345710326199054e-009	1.061421e-003
2.349079215784968e-009	9.226180e-004
2.352427255598031e-009	7.132377e-004
2.355765525941063e-009	4.309533e-004
2.359275719722838e-009	6.323849e-005
2.360730000448904e-009	-1.124946e-004
2.362184281174970e-009	-2.886249e-004
2.363638561901036e-009	-4.651523e-004
2.365092842627102e-009	-6.420769e-004
2.366547123353168e-009	-8.193987e-004
2.368001404079234e-009	-9.971177e-004
2.369455684805300e-009	-1.175234e-003
2.372887068164659e-009	-1.538898e-003
2.376326197655629e-009	-1.821951e-003
2.379704865292090e-009	-1.999123e-003
2.383036262128725e-009	-2.064755e-003
2.386437755976523e-009	-2.018403e-003
2.389743353058846e-009	-1.870408e-003
2.393164475445875e-009	-1.625148e-003
2.394807835161308e-009	-1.471511e-003
2.396451194876740e-009	-1.312578e-003
2.398094554592173e-009	-1.148350e-003
2.399737914307605e-009	-9.788267e-004
2.401381274023038e-009	-8.040073e-004
2.403024633738471e-009	-6.238923e-004
2.404667993453903e-009	-4.384817e-004
2.408129621191077e-009	-9.467629e-005
2.411564807136005e-009	1.841919e-004
2.414952617259483e-009	3.749704e-004
2.417274672203451e-009	4.494902e-004
2.419600741117727e-009	4.757161e-004
2.421958638528503e-009	4.532019e-004
2.425309856587118e-009	3.419587e-004
2.428765427447581e-009	1.452289e-004
2.432364571605165e-009	-1.213985e-004
2.433989343583256e-009	-2.612302e-004
2.435614115561347e-009	-3.956902e-004
2.437238887539437e-009	-5.247786e-004
2.438863659517527e-009	-6.484953e-004
2.440488431495618e-009	-7.668403e-004
2.442113203473708e-009	-8.798138e-004
2.443737975451799e-009	-9.874156e-004
2.447308142981858e-009	-1.155410e-003
2.450690949228556e-009	-1.239000e-003
2.454153836139126e-009	-1.245126e-003
2.457587275267295e-009	-1.175444e-003
2.460961059778321e-009	-1.040417e-003
2.464343816364724e-009	-8.462293e-004
2.467748478399567e-009	-5.979154e-004
2.471165654069297e-009	-3.013983e-004
2.474603253644652e-009	3.745797e-005
2.478050942827051e-009	4.076724e-004
2.479864981494041e-009	6.168915e-004
2.481679020161031e-009	8.207320e-004
2.483493058828021e-009	1.019194e-003
2.485307097495011e-009	1.212277e-003
2.487121136162001e-009	1.399981e-003
2.488935174828991e-009	1.582307e-003
2.490749213495981e-009	1.759254e-003
2.492903348715260e-009	1.944759e-003
2.495057483934538e-009	2.104328e-003
2.497211619153817e-009	2.237959e-003
2.499365754373096e-009	2.345655e-003
2.501519889592374e-009	2.427413e-003
2.503674024811653e-009	2.483236e-003
2.505828160030931e-009	2.513121e-003
2.509321244915899e-009	2.504236e-003
2.512781853826552e-009	2.429835e-003
2.516143953157740e-009	2.297691e-003
2.519643034289281e-009	2.100970e-003
2.523133898413558e-009	1.848998e-003
2.526577890481334e-009	1.551300e-003
2.530093669638043e-009	1.203710e-003
2.533651306784626e-009	8.150499e-004
2.535646185496127e-009	5.781753e-004
2.537641064207628e-009	3.405594e-004
2.539635942919129e-009	1.022022e-004
2.541630821630630e-009	-1.368963e-004
2.543625700342131e-009	-3.767360e-004
2.545620579053632e-009	-6.173171e-004
2.547615457765133e-009	-8.586394e-004
2.549819224285887e-009	-1.117049e-003
2.552022990806640e-009	-1.349964e-003
2.554226757327393e-009	-1.557384e-003
2.556430523848146e-009	-1.739310e-003
2.558634290368900e-009	-1.895740e-003
2.560838056889653e-009	-2.026676e-003
2.563041823410406e-009	-2.132116e-003
2.566680872951614e-009	-2.204748e-003
2.570099662111331e-009	-2.165777e-003
2.573844406354742e-009	-1.994904e-003
2.577342586355615e-009	-1.712450e-003
2.580927094621639e-009	-1.307450e-003
2.584574308401212e-009	-7.942911e-004
2.586139457459117e-009	-5.419011e-004
2.587704606517022e-009	-2.871737e-004
2.589269755574927e-009	-3.010908e-005
2.590834904632832e-009	2.292928e-004
2.592400053690737e-009	4.910321e-004
2.593965202748642e-009	7.551086e-004
2.595530351806547e-009	1.021522e-003
2.599086128371271e-009	1.569938e-003
2.602586761447618e-009	2.033512e-003
2.605239889115472e-009	2.319253e-003
2.608753158290100e-009	2.596451e-003
2.612400741281509e-009	2.752143e-003
2.615831971187641e-009	2.773042e-003
2.619271108960378e-009	2.676574e-003
2.622771108032342e-009	2.469362e-003
2.626167800490249e-009	2.179532e-003
2.628145937412905e-009	1.968866e-003
2.630124074335559e-009	1.748693e-003
2.632102211258215e-009	1.519013e-003
2.634080348180870e-009	1.279826e-003
2.636058485103525e-009	1.031133e-003
2.638036622026180e-009	7.729330e-004
2.640014758948835e-009	5.052261e-004
2.642408465418598e-009	1.873779e-004
2.644802171888362e-009	-1.180575e-004
2.647195878358125e-009	-4.110801e-004
2.649589584827888e-009	-6.916898e-004
2.651983291297652e-009	-9.598868e-004
2.654376997767415e-009	-1.215671e-003
2.656770704237178e-009	-1.459042e-003
2.659952195997528e-009	-1.756358e-003
2.663133687757878e-009	-2.002629e-003
2.666315179518227e-009	-2.197856e-003
2.669496671278577e-009	-2.342040e-003
2.672678163038927e-009	-2.435179e-003
2.675859654799276e-009	-2.477274e-003
2.679041146559626e-009	-2.468326e-003
2.682482887539118e-009	-2.374516e-003
2.685878586493562e-009	-2.209016e-003
2.689581748858446e-009	-1.950524e-003
2.691475796771119e-009	-1.782539e-003
2.693369844683793e-009	-1.604797e-003
2.695263892596466e-009	-1.417296e-003
2.697157940509140e-009	-1.220039e-003
2.699051988421814e-009	-1.013023e-003
2.700946036334487e-009	-7.962503e-004
2.702840084247161e-009	-5.697199e-004
2.706498225261408e-009	-1.587223e-004
2.709820244106876e-009	1.821404e-004
2.713527927490604e-009	5.008118e-004
2.717032649321587e-009	7.229105e-004
2.720649065661526e-009	8.591546e-004
2.724138908958097e-009	8.986925e-004
2.727838437372928e-009	8.494321e-004
2.731371695186490e-009	7.300330e-004
2.733053349563216e-009	6.478102e-004
2.734735003939943e-009	5.631333e-004
2.736416658316670e-009	4.760022e-004
2.738098312693397e-009	3.864170e-004
2.739779967070124e-009	2.943776e-004
2.741461621446851e-009	1.998840e-004
2.743143275823578e-009	1.029362e-004
2.746873076274495e-009	-7.378832e-005
2.750256348260061e-009	-1.919369e-004
2.753860215678962e-009	-2.623686e-004
2.757591755476031e-009	-2.712108e-004
2.761076215955583e-009	-2.251666e-004
2.764790401890164e-009	-1.313916e-004
2.766663426702923e-009	-6.608969e-005
2.768536451515682e-009	-3.485038e-006
2.770409476328441e-009	5.642237e-005
2.772282501141199e-009	1.136325e-004
2.774155525953958e-009	1.681454e-004
2.776028550766717e-009	2.199611e-004
2.777901575579475e-009	2.690796e-004
2.780647990427718e-009	3.085486e-004
2.783394405275961e-009	3.283514e-004
2.786140820124203e-009	3.284879e-004
2.788887234972446e-009	3.089583e-004
2.791633649820689e-009	2.697625e-004
2.794380064668931e-009	2.109004e-004
2.797126479517174e-009	1.323721e-004
2.801474030138027e-009	5.948997e-006
2.805821580758880e-009	-9.882647e-005
2.810169131379733e-009	-1.819543e-004
2.814516682000586e-009	-2.434344e-004
2.818864232621439e-009	-2.832669e-004
2.823211783242292e-009	-3.014517e-004
2.827559333863145e-009	-2.979889e-004
2.829826575107741e-009	-2.849796e-004
2.832093816352337e-009	-2.654796e-004
2.834361057596934e-009	-2.394888e-004
2.836628298841530e-009	-2.070072e-004
2.838895540086126e-009	-1.680349e-004
2.841162781330722e-009	-1.225717e-004
2.843430022575319e-009	-7.061778e-005
2.845534178815177e-009	-1.744666e-005
2.847638335055035e-009	4.611513e-005
2.849742491294894e-009	1.200676e-004
2.851846647534752e-009	2.044107e-004
2.853950803774610e-009	2.991445e-004
2.856054960014469e-009	4.042689e-004
2.858159116254327e-009	5.197841e-004
2.861499642983223e-009	7.300128e-004
2.864301543225252e-009	9.252129e-004
2.867697213818057e-009	1.176550e-003
2.871878808841189e-009	1.489177e-003
2.873617653638875e-009	1.618525e-003
2.875356498436561e-009	1.736988e-003
2.877095343234247e-009	1.844568e-003
2.878834188031933e-009	1.941264e-003
2.880573032829619e-009	2.027075e-003
2.882311877627305e-009	2.102003e-003
2.884050722424991e-009	2.166047e-003
2.887487249652937e-009	2.236956e-003
2.891214890604456e-009	2.237451e-003
2.895005850709043e-009	2.154711e-003
2.898612935493416e-009	2.001557e-003
2.902530819624171e-009	1.762472e-003
2.905854500247959e-009	1.511048e-003
2.909814765528547e-009	1.169785e-003
2.911907989043658e-009	9.704767e-004
2.914001212558769e-009	7.745878e-004
2.916094436073879e-009	5.821180e-004
2.918187659588990e-009	3.930672e-004
2.920280883104101e-009	2.074355e-004
2.922374106619212e-009	2.522278e-005
2.924467330134322e-009	-1.535708e-004
2.927349066370743e-009	-3.701249e-004
2.930230802607164e-009	-5.591061e-004
2.933112538843585e-009	-7.205143e-004
2.935994275080006e-009	-8.543496e-004
2.938876011316427e-009	-9.606119e-004
2.941757747552848e-009	-1.039301e-003
2.944639483789269e-009	-1.090418e-003
2.949015495358808e-009	-1.123747e-003
2.953391506928348e-009	-1.108462e-003
2.957767518497888e-009	-1.044561e-003
2.962143530067427e-009	-9.320459e-004
2.966519541636967e-009	-7.709154e-004
2.970895553206507e-009	-5.611700e-004
2.975271564776046e-009	-3.028096e-004
2.977395182453261e-009	-1.642024e-004
2.979518800130476e-009	-2.890958e-005
2.981642417807691e-009	1.030689e-004
2.983766035484906e-009	2.317330e-004
2.985889653162121e-009	3.570827e-004
2.988013270839336e-009	4.791180e-004
2.990136888516551e-009	5.978390e-004
2.993880343623874e-009	7.524042e-004
2.997887475013853e-009	8.439045e-004
2.999030884949753e-009	8.537056e-004
3.000000000000000e-009	8.559721e-004
