time	V(n_3p)
0.000000000000000e+000	0.000000e+000
1.953124965725918e-017	8.179895e-015
3.906249931451836e-017	1.635714e-014
7.812499862903672e-017	3.270632e-014
1.562499972580734e-016	6.537286e-014
3.124999945161469e-016	1.305788e-013
6.249999890322938e-016	2.604828e-013
1.249999978064588e-015	5.182662e-013
2.499999956129175e-015	1.025786e-012
4.999999912258350e-015	2.009056e-012
9.999999824516700e-015	3.851786e-012
1.999999964903340e-014	7.067382e-012
3.999999929806680e-014	1.180981e-011
7.999999859613360e-014	1.588452e-011
1.599999971922672e-013	1.073091e-011
3.199999943845344e-013	-1.342007e-011
6.399999887690688e-013	-2.149177e-011
1.279999977538138e-012	3.151387e-011
1.873195251888702e-012	4.345834e-012
2.653045862907368e-012	-4.400353e-011
3.543295967458162e-012	2.562498e-011
4.481655177111569e-012	4.221283e-011
5.549925175242135e-012	-5.132457e-011
6.563488564103121e-012	-3.936936e-011
7.600236665100290e-012	6.293054e-011
8.650465064473459e-012	5.978317e-011
9.773082267239794e-012	-6.101192e-011
1.094516928581112e-011	-9.460414e-011
1.188644194437327e-011	1.021334e-011
1.274469735056232e-011	1.175234e-010
1.369324832312686e-011	1.220904e-010
1.458826573690896e-011	3.591856e-012
1.549908240127254e-011	-1.409253e-010
1.650821182944498e-011	-1.823919e-010
1.767082865601893e-011	-2.672273e-011
1.913889031620750e-011	2.227646e-010
2.000000000000000e-011	2.489867e-010
2.016596456604489e-011	2.280669e-010
2.049789369813466e-011	1.989668e-010
2.116175196231420e-011	3.873273e-011
2.206720372150750e-011	-2.019687e-010
2.344456322668936e-011	-3.238940e-010
2.471661740586113e-011	-2.224067e-010
2.603457866044870e-011	2.492538e-010
2.774804945789275e-011	5.290041e-010
2.935323333918865e-011	1.069544e-010
3.082203328222076e-011	-3.622772e-010
3.216662401039206e-011	-6.400249e-010
3.347581327115263e-011	-5.892455e-010
3.487536007997575e-011	5.162239e-011
3.644026740241649e-011	1.004073e-009
3.790406991769960e-011	1.177326e-009
3.899722081236243e-011	5.457168e-010
3.993632204246014e-011	-3.270561e-010
4.096196910760101e-011	-1.196900e-009
4.202566060005912e-011	-1.630247e-009
4.340349489286523e-011	-1.287870e-009
4.491397426463689e-011	-9.848339e-011
4.611861208098298e-011	9.985621e-010
4.736783244825493e-011	1.831342e-009
4.850038615596364e-011	2.092174e-009
4.965786663178044e-011	1.746187e-009
5.077417064780507e-011	8.153831e-010
5.194236008055235e-011	-6.394718e-010
5.315152556151783e-011	-2.290552e-009
5.445443205564968e-011	-3.584427e-009
5.584785517462984e-011	-3.642084e-009
5.711197431553017e-011	-2.141176e-009
5.839944068108496e-011	6.901945e-010
5.976527542489564e-011	4.160496e-009
6.123846282757534e-011	6.768197e-009
6.243253258364668e-011	6.910544e-009
6.364762690648580e-011	4.691847e-009
6.499591565397439e-011	-1.497664e-010
6.625775573937440e-011	-5.714706e-009
6.746404590036751e-011	-1.030254e-008
6.867207139484415e-011	-1.255213e-008
6.982717767241348e-011	-1.147811e-008
7.102290377941646e-011	-6.802184e-009
7.224793041342552e-011	9.337585e-010
7.351621479615313e-011	1.013990e-008
7.477598453937794e-011	1.788876e-008
7.596542168070985e-011	2.159144e-008
7.715673677655090e-011	2.015504e-008
7.832761439435186e-011	1.328789e-008
7.951297168687131e-011	1.727034e-009
8.071177555021424e-011	-1.243677e-008
8.192942996012408e-011	-2.605184e-008
8.302295558204075e-011	-3.464802e-008
8.417388716491795e-011	-3.728345e-008
8.530319471462638e-011	-3.200805e-008
8.650483717423913e-011	-1.790840e-008
8.775634796901952e-011	3.751089e-009
8.895990244149171e-011	2.716385e-008
9.012062287102418e-011	4.720118e-008
9.126839356799486e-011	5.982469e-008
9.239139085095555e-011	6.175143e-008
9.356209089354614e-011	5.098044e-008
9.474074145859569e-011	2.769753e-008
9.596865008183456e-011	-6.030253e-009
9.713031401739589e-011	-4.114168e-008
9.830504574539739e-011	-7.280829e-008
9.949249930573844e-011	-9.403932e-008
1.000000000000000e-010	-9.849202e-008
1.001225703802352e-010	-9.898327e-008
1.003677111407057e-010	-9.953281e-008
1.008579926616466e-010	-9.818194e-008
1.016857063198492e-010	-8.842100e-008
1.026523037875587e-010	-6.558461e-008
1.037281975391773e-010	-2.847016e-008
1.047968806066669e-010	1.618250e-008
1.059022041372900e-010	6.409839e-008
1.070113246865648e-010	1.063602e-007
1.081312006247102e-010	1.360325e-007
1.093162502356643e-010	1.472652e-007
1.103528436928655e-010	1.372552e-007
1.112621714159493e-010	1.128474e-007
1.122025274697358e-010	7.390803e-008
1.131677011124909e-010	2.293065e-008
1.141421069360270e-010	-3.490544e-008
1.152624356721655e-010	-1.015937e-007
1.164617981319721e-010	-1.633932e-007
1.175436486775911e-010	-2.023554e-007
1.186649915422892e-010	-2.188080e-007
1.197630696432618e-010	-2.071842e-007
1.200000000000000e-010	-2.008853e-007
1.200811069230387e-010	-1.983291e-007
1.202433207691160e-010	-1.929260e-007
1.205677484612707e-010	-1.802706e-007
1.210971130526319e-010	-1.544012e-007
1.217479584625560e-010	-1.145687e-007
1.224961302760290e-010	-5.933855e-008
1.232513611062918e-010	4.614263e-009
1.240442811240751e-010	7.750035e-008
1.248562069840871e-010	1.545879e-007
1.257510114937721e-010	2.380471e-007
1.267730567084865e-010	3.256678e-007
1.277104016697789e-010	3.938293e-007
1.287667355759982e-010	4.516198e-007
1.297714903868868e-010	4.852485e-007
1.307867411444934e-010	4.975466e-007
1.317778773656742e-010	4.901169e-007
1.329432582050735e-010	4.619213e-007
1.340866734787859e-010	4.217761e-007
1.352599996650522e-010	3.789614e-007
1.364336314414827e-010	3.466808e-007
1.376959860567685e-010	3.366668e-007
1.388869030477505e-010	3.595213e-007
1.400781101816392e-010	4.183289e-007
1.412888492400661e-010	5.145199e-007
1.424138416529425e-010	6.324335e-007
1.434897375923496e-010	7.639288e-007
1.445783502593874e-010	9.065524e-007
1.456309569082417e-010	1.044133e-006
1.467019991393438e-010	1.174004e-006
1.477323788131238e-010	1.281245e-006
1.487066906102616e-010	1.361043e-006
1.499236796022555e-010	1.426126e-006
1.510395984604121e-010	1.450394e-006
1.521236687125688e-010	1.442184e-006
1.531369843338258e-010	1.407746e-006
1.541062827243388e-010	1.351341e-006
1.551466163397827e-010	1.263140e-006
1.561050365277613e-010	1.150216e-006
1.572291098258035e-010	9.599746e-007
1.583693627837527e-010	6.664501e-007
1.595186413758017e-010	2.045642e-007
1.605986622714344e-010	-4.642824e-007
1.618765538968577e-010	-1.709005e-006
1.630409990151072e-010	-3.452824e-006
1.642023952789189e-010	-6.002780e-006
1.653824520034269e-010	-9.696797e-006
1.666116077323825e-010	-1.506879e-005
1.677705559654333e-010	-2.190009e-005
1.689402979975025e-010	-3.089388e-005
1.701891932563952e-010	-4.322211e-005
1.714070669219026e-010	-5.832010e-005
1.725721415304865e-010	-7.589578e-005
1.737292688847361e-010	-9.657942e-005
1.748898654515393e-010	-1.206386e-004
1.760722371530891e-010	-1.484953e-004
1.772458582384956e-010	-1.792256e-004
1.784038331297882e-010	-2.120596e-004
1.794851788099393e-010	-2.442976e-004
1.805716056873667e-010	-2.772637e-004
1.817254003710899e-010	-3.114426e-004
1.828855314732988e-010	-3.428916e-004
1.841000141937855e-010	-3.695997e-004
1.852531013760286e-010	-3.853741e-004
1.864211573878379e-010	-3.869762e-004
1.875481480390720e-010	-3.691816e-004
1.886948436618638e-010	-3.243940e-004
1.898547763523337e-010	-2.426922e-004
1.910459496386138e-010	-1.088963e-004
1.921759545042110e-010	7.778337e-005
1.933181692017110e-010	3.412628e-004
1.944942422001219e-010	7.103430e-004
1.956189255563866e-010	1.176905e-003
1.967482024132020e-010	1.780970e-003
1.979143673780739e-010	2.575669e-003
1.990721261297379e-010	3.568108e-003
2.001699090664274e-010	4.728099e-003
2.013060755457844e-010	6.188853e-003
2.024186054041502e-010	7.911942e-003
2.034575268616911e-010	9.815952e-003
2.045346246041631e-010	1.212603e-002
2.056675406598515e-010	1.496408e-002
2.068100152457583e-010	1.829099e-002
2.079500942977787e-010	2.211704e-002
2.090656152688278e-010	2.638673e-002
2.102462085597500e-010	3.150876e-002
2.114038724552299e-010	3.716419e-002
2.125556780563852e-010	4.343705e-002
2.136499745986472e-010	5.000827e-002
2.147936324900136e-010	5.751965e-002
2.158861268507126e-010	6.530734e-002
2.169739397795656e-010	7.364535e-002
2.181221090303944e-010	8.305568e-002
2.192068452472167e-010	9.249181e-002
2.203791528025013e-010	1.032404e-001
2.215218109006112e-010	1.142135e-001
2.226498002734943e-010	1.254630e-001
2.236408476524209e-010	1.356343e-001
2.246443511404859e-010	1.461504e-001
2.256596305169847e-010	1.569531e-001
2.267378191991414e-010	1.685342e-001
2.277653988433451e-010	1.796080e-001
2.288672258983140e-010	1.914416e-001
2.299796882927233e-010	2.032660e-001
2.311055484495416e-010	2.150227e-001
2.322955857476714e-010	2.271308e-001
2.334599717486735e-010	2.385797e-001
2.346200003956244e-010	2.495216e-001
2.357265566190596e-010	2.594716e-001
2.369482173886418e-010	2.698506e-001
2.381286432968306e-010	2.792375e-001
2.393012651445515e-010	2.879125e-001
2.404520917981828e-010	2.957861e-001
2.415384194533858e-010	3.026374e-001
2.427239747574514e-010	3.094836e-001
2.438441303510409e-010	3.153679e-001
2.450154948309881e-010	3.209453e-001
2.461460456950014e-010	3.258056e-001
2.472950477332064e-010	3.302605e-001
2.484177723671508e-010	3.341835e-001
2.495156723742925e-010	3.376496e-001
2.506251470311710e-010	3.408207e-001
2.517129496178740e-010	3.436427e-001
2.528559997861268e-010	3.463382e-001
2.539696881251365e-010	3.487295e-001
2.551019413084052e-010	3.509501e-001
2.562438978817770e-010	3.529958e-001
2.574284690552463e-010	3.549286e-001
2.585538133488448e-010	3.565954e-001
2.597872029295993e-010	3.582363e-001
2.609423646488995e-010	3.595949e-001
2.621546818634560e-010	3.608281e-001
2.633664585365896e-010	3.618533e-001
2.645612277913800e-010	3.626489e-001
2.656965920029286e-010	3.631961e-001
2.668550577875589e-010	3.635352e-001
2.680257570036661e-010	3.636461e-001
2.691407403036274e-010	3.635326e-001
2.703068051492378e-010	3.631875e-001
2.714221166261028e-010	3.626477e-001
2.726391306867680e-010	3.618400e-001
2.737833171836737e-010	3.608917e-001
2.749186808833206e-010	3.597948e-001
2.760567261319729e-010	3.585687e-001
2.771675777497878e-010	3.572813e-001
2.783089014180326e-010	3.559017e-001
2.794624519223542e-010	3.544874e-001
2.805725836458885e-010	3.531449e-001
2.817870992351481e-010	3.517397e-001
2.829152315299380e-010	3.505294e-001
2.840971747057448e-010	3.493945e-001
2.852092351635839e-010	3.484763e-001
2.864141701628601e-010	3.476672e-001
2.875346813502041e-010	3.471000e-001
2.887475770664434e-010	3.466910e-001
2.898806135499688e-010	3.464959e-001
2.910555743524654e-010	3.464680e-001
2.922016514617655e-010	3.465871e-001
2.933223547777236e-010	3.468110e-001
2.944872931056446e-010	3.471135e-001
2.955966229151556e-010	3.474219e-001
2.967543122669381e-010	3.477087e-001
2.978799851764734e-010	3.478960e-001
2.989405794603894e-010	3.479353e-001
3.000178471392813e-010	3.477840e-001
3.011971400473605e-010	3.473319e-001
3.023146846816855e-010	3.465669e-001
3.034445337016620e-010	3.454002e-001
3.045653195576504e-010	3.437983e-001
3.056860478114570e-010	3.417054e-001
3.068022355449523e-010	3.390914e-001
3.078914645577079e-010	3.359990e-001
3.089850319035696e-010	3.323322e-001
3.101335323286321e-010	3.278579e-001
3.112658941311433e-010	3.228145e-001
3.123987434703747e-010	3.171444e-001
3.135318181478826e-010	3.108619e-001
3.146878190895395e-010	3.038475e-001
3.158716985282254e-010	2.960683e-001
3.170341640134286e-010	2.878901e-001
3.181722189628020e-010	2.794192e-001
3.193025599564459e-010	2.706102e-001
3.204972020331932e-010	2.609431e-001
3.216504319590531e-010	2.513360e-001
3.228953747010421e-010	2.407510e-001
3.240292114717622e-010	2.309941e-001
3.252143751913637e-010	2.207591e-001
3.263315610065225e-010	2.111463e-001
3.274617000198150e-010	2.015231e-001
3.286242635427504e-010	1.917931e-001
3.297988887968318e-010	1.821953e-001
3.309464125185331e-010	1.730947e-001
3.320948844348248e-010	1.643001e-001
3.332283132411982e-010	1.559586e-001
3.344142888418625e-010	1.476128e-001
3.355516523311944e-010	1.399889e-001
3.367938305637457e-010	1.320918e-001
3.379523103999629e-010	1.251259e-001
3.391142943252361e-010	1.185133e-001
3.402120301139586e-010	1.125941e-001
3.414077543486624e-010	1.064846e-001
3.425095228158509e-010	1.011432e-001
3.436976769335081e-010	9.566263e-002
3.448103589832010e-010	9.076676e-002
3.459461314718183e-010	8.597825e-002
3.471073799374952e-010	8.127531e-002
3.482368302495676e-010	7.686702e-002
3.493899496364541e-010	7.251725e-002
3.504683446068978e-010	6.857595e-002
3.515561931368667e-010	6.471737e-002
3.526365188860959e-010	6.100013e-002
3.537986187394879e-010	5.713214e-002
3.549272278577632e-010	5.351297e-002
3.560716499868413e-010	4.999400e-002
3.571952337297631e-010	4.670290e-002
3.583462408288106e-010	4.351956e-002
3.594966135607293e-010	4.055010e-002
3.606778155895316e-010	3.774616e-002
3.618212716111035e-010	3.529140e-002
3.629731807266560e-010	3.309862e-002
3.641181516783206e-010	3.121662e-002
3.653305799474850e-010	2.956444e-002
3.664592854217894e-010	2.835246e-002
3.676288916091004e-010	2.743482e-002
3.687315133283717e-010	2.688555e-002
3.698988337429153e-010	2.663270e-002
3.710553070919003e-010	2.670432e-002
3.722476046461302e-010	2.709533e-002
3.733903625252447e-010	2.774967e-002
3.745905764006491e-010	2.870120e-002
3.757549285063443e-010	2.985003e-002
3.769545468550526e-010	3.122711e-002
3.780721915466705e-010	3.265067e-002
3.791817095795070e-010	3.416209e-002
3.803484671916341e-010	3.581875e-002
3.815725261908770e-010	3.758905e-002
3.827379906037272e-010	3.926772e-002
3.838731601217281e-010	4.086365e-002
3.850174881590339e-010	4.240537e-002
3.861356761560287e-010	4.382445e-002
3.872341519425876e-010	4.511724e-002
3.883266624686996e-010	4.629125e-002
3.894704556260948e-010	4.739259e-002
3.906354796876507e-010	4.837612e-002
3.916935221974182e-010	4.914897e-002
3.927098412620474e-010	4.978693e-002
3.937803622311321e-010	5.035459e-002
3.948591242918341e-010	5.082689e-002
3.960203056666848e-010	5.123528e-002
3.971500329057943e-010	5.154563e-002
3.981263165041905e-010	5.175437e-002
3.991702238394492e-010	5.192593e-002
4.001812668904821e-010	5.204849e-002
4.013228374948360e-010	5.214251e-002
4.024534881141840e-010	5.219373e-002
4.036042517473277e-010	5.220430e-002
4.047217899786249e-010	5.217168e-002
4.058238201812354e-010	5.209155e-002
4.070206058055987e-010	5.193831e-002
4.081731891299558e-010	5.170980e-002
4.093588768394064e-010	5.137101e-002
4.104985000219748e-010	5.092428e-002
4.116477380159134e-010	5.032955e-002
4.128267606330517e-010	4.954325e-002
4.140303478581265e-010	4.853001e-002
4.151709658241314e-010	4.735091e-002
4.163095897742362e-010	4.594241e-002
4.174881267850845e-010	4.422581e-002
4.186604755811679e-010	4.224760e-002
4.198929736360455e-010	3.987393e-002
4.210792788058534e-010	3.731008e-002
4.222763626541885e-010	3.445995e-002
4.234143011471499e-010	3.152700e-002
4.245258471187575e-010	2.847895e-002
4.256528331927120e-010	2.523800e-002
4.268860015684993e-010	2.156679e-002
4.280035061866332e-010	1.817494e-002
4.291988220483131e-010	1.453828e-002
4.303357572734360e-010	1.112770e-002
4.315537814644598e-010	7.594151e-003
4.326810111528123e-010	4.493830e-003
4.338264052528060e-010	1.569913e-003
4.349622169283147e-010	-1.050932e-003
4.360944595174830e-010	-3.338783e-003
4.372128306657826e-010	-5.238903e-003
4.384175877312741e-010	-6.846512e-003
4.395808781542578e-010	-7.937745e-003
4.406975122397299e-010	-8.541304e-003
4.417698208309265e-010	-8.704560e-003
4.429170704661486e-010	-8.429846e-003
4.439722239684643e-010	-7.777119e-003
4.450847097630104e-010	-6.693525e-003
4.462490674728200e-010	-5.155313e-003
4.474176185138088e-010	-3.236830e-003
4.485525076322120e-010	-1.060868e-003
4.497371546330147e-010	1.482610e-003
4.509291880158771e-010	4.259943e-003
4.521089995527789e-010	7.158489e-003
4.532282107282553e-010	9.985937e-003
4.542928549050538e-010	1.269399e-002
4.553946063606453e-010	1.546485e-002
4.565249032320730e-010	1.822491e-002
4.577310527494694e-010	2.102574e-002
4.588976466852375e-010	2.354835e-002
4.601630005886503e-010	2.603342e-002
4.613145846396671e-010	2.803902e-002
4.624797046898186e-010	2.979905e-002
4.635288196644333e-010	3.114250e-002
4.647501155752752e-010	3.241396e-002
4.658772806559597e-010	3.331067e-002
4.670356532371664e-010	3.396378e-002
4.681814555082380e-010	3.435497e-002
4.694103896871033e-010	3.451191e-002
4.705511809026725e-010	3.443366e-002
4.716724805093603e-010	3.416651e-002
4.728031171914651e-010	3.372564e-002
4.740390095665076e-010	3.306886e-002
4.751862447731966e-010	3.231410e-002
4.763311289973378e-010	3.143772e-002
4.775341413915016e-010	3.039837e-002
4.786989302058235e-010	2.928688e-002
4.798562952114254e-010	2.808764e-002
4.809969709470635e-010	2.681794e-002
4.821418848080375e-010	2.545865e-002
4.833399000644620e-010	2.394667e-002
4.845338398298397e-010	2.234923e-002
4.856559758874353e-010	2.076598e-002
4.868265608247121e-010	1.903127e-002
4.879812708610636e-010	1.723989e-002
4.891162981451114e-010	1.540640e-002
4.901555305436660e-010	1.367073e-002
4.912331474778398e-010	1.182227e-002
4.923844559631365e-010	9.805434e-003
4.934472212949950e-010	7.919225e-003
4.945746286841410e-010	5.911073e-003
4.957155806963755e-010	3.892684e-003
4.968525924302852e-010	1.919477e-003
4.979709963497301e-010	4.109045e-005
4.991113605983458e-010	-1.783210e-003
5.002909653114555e-010	-3.544304e-003
5.014286084501449e-010	-5.094014e-003
5.025802617399364e-010	-6.487633e-003
5.037277082306461e-010	-7.677485e-003
5.049425673797947e-010	-8.698692e-003
5.061419144895351e-010	-9.448614e-003
5.073119873873079e-010	-9.921301e-003
5.084438693001528e-010	-1.013010e-002
5.095607503463371e-010	-1.009740e-002
5.107404552939095e-010	-9.812594e-003
5.119185544775819e-010	-9.285382e-003
5.131447069076331e-010	-8.501347e-003
5.143084488097648e-010	-7.561757e-003
5.154469437550264e-010	-6.488688e-003
5.165737966855291e-010	-5.309538e-003
5.177206887454663e-010	-4.026579e-003
5.189298608852739e-010	-2.627134e-003
5.201623895884067e-010	-1.199800e-003
5.213076026482081e-010	8.339450e-005
5.225011062202878e-010	1.331260e-003
5.236586352241606e-010	2.414334e-003
5.248248739057829e-010	3.341102e-003
5.260306060498511e-010	4.090016e-003
5.271604750583571e-010	4.571113e-003
5.283005006108662e-010	4.817410e-003
5.294508922472603e-010	4.805424e-003
5.306171835061318e-010	4.514185e-003
5.317654867991932e-010	3.946877e-003
5.329327351821955e-010	3.084519e-003
5.340950590243442e-010	1.944776e-003
5.352170426667596e-010	5.882001e-004
5.363429289355040e-010	-1.012503e-003
5.374892258817785e-010	-2.870702e-003
5.386049147969077e-010	-4.880487e-003
5.397174845268415e-010	-7.059887e-003
5.408469426087404e-010	-9.426685e-003
5.420416073651236e-010	-1.207001e-002
5.431879725234226e-010	-1.471289e-002
5.442451077268568e-010	-1.721750e-002
5.454030618094453e-010	-2.000733e-002
5.465393230230782e-010	-2.276562e-002
5.476642414953375e-010	-2.549076e-002
5.488930200127239e-010	-2.843223e-002
5.500508656928471e-010	-3.114517e-002
5.511890828785771e-010	-3.373381e-002
5.523636916389210e-010	-3.630255e-002
5.535302761074098e-010	-3.873146e-002
5.546581055433345e-010	-4.094772e-002
5.558658761684387e-010	-4.316145e-002
5.570079088877142e-010	-4.509054e-002
5.582863978333294e-010	-4.704794e-002
5.595211970627496e-010	-4.872585e-002
5.606844306330692e-010	-5.010850e-002
5.617773516409246e-010	-5.122849e-002
5.628858469590175e-010	-5.218498e-002
5.639833283454020e-010	-5.295325e-002
5.651751596044889e-010	-5.358699e-002
5.663378013677883e-010	-5.400638e-002
5.674926975053257e-010	-5.423240e-002
5.687206767980716e-010	-5.427024e-002
5.698899411797568e-010	-5.411904e-002
5.710413062818635e-010	-5.379936e-002
5.722233059726682e-010	-5.330369e-002
5.733817858708046e-010	-5.266256e-002
5.745150878374122e-010	-5.189617e-002
5.757328598038223e-010	-5.093063e-002
5.768869443507147e-010	-4.989070e-002
5.781223284454677e-010	-4.865579e-002
5.793308671241491e-010	-4.733856e-002
5.804724798913074e-010	-4.600679e-002
5.817088705695043e-010	-4.448172e-002
5.828813312907823e-010	-4.296789e-002
5.840791964059653e-010	-4.136568e-002
5.852805242618316e-010	-3.971450e-002
5.863911221236136e-010	-3.815876e-002
5.875111758792282e-010	-3.657106e-002
5.887110955431000e-010	-3.485981e-002
5.899176581888282e-010	-3.313891e-002
5.910741940394405e-010	-3.149893e-002
5.922831492661993e-010	-2.980448e-002
5.934022343508075e-010	-2.826207e-002
5.946272765290967e-010	-2.661104e-002
5.958387257152853e-010	-2.502458e-002
5.970280630855746e-010	-2.351878e-002
5.981764225551320e-010	-2.211902e-002
5.993312064574106e-010	-2.076962e-002
6.004666405891008e-010	-1.950311e-002
6.017481918953432e-010	-1.814842e-002
6.029186485824203e-010	-1.698192e-002
6.041011919158445e-010	-1.587223e-002
6.052882033594316e-010	-1.482684e-002
6.064248370085301e-010	-1.388797e-002
6.076943460001649e-010	-1.290704e-002
6.088911959332040e-010	-1.204248e-002
6.100742548206111e-010	-1.123892e-002
6.112076425928574e-010	-1.050990e-002
6.124039707114896e-010	-9.775341e-003
6.135262222386748e-010	-9.110693e-003
6.146279749756543e-010	-8.472733e-003
6.157411665562431e-010	-7.834066e-003
6.168406745715781e-010	-7.200352e-003
6.180804416059442e-010	-6.471119e-003
6.192195536525719e-010	-5.777528e-003
6.204476388593919e-010	-4.993284e-003
6.216347478079369e-010	-4.189539e-003
6.228611063533025e-010	-3.302586e-003
6.240405175361588e-010	-2.387801e-003
6.252577021187106e-010	-1.373864e-003
6.263996490207348e-010	-3.541321e-004
6.275766172110624e-010	7.685375e-004
6.287342847503328e-010	1.944077e-003
6.299324758092731e-010	3.233481e-003
6.311429439760695e-010	4.607233e-003
6.323036716265691e-010	5.985995e-003
6.334345876034843e-010	7.380142e-003
6.345822477058102e-010	8.837519e-003
6.358070784244808e-010	1.042873e-002
6.370135450311087e-010	1.201931e-002
6.382528459283777e-010	1.366197e-002
6.393707403889437e-010	1.513818e-002
6.404910425049674e-010	1.659923e-002
6.417177339350238e-010	1.816297e-002
6.429648634954594e-010	1.969820e-002
6.441939766498336e-010	2.114179e-002
6.453467976733663e-010	2.242023e-002
6.464912879179799e-010	2.360602e-002
6.477109127232704e-010	2.476758e-002
6.489304227805667e-010	2.581455e-002
6.502147045360161e-010	2.678515e-002
6.513780796176454e-010	2.754252e-002
6.525007410337731e-010	2.816087e-002
6.536345550450574e-010	2.867247e-002
6.548455693613635e-010	2.909474e-002
6.560702094404586e-010	2.939456e-002
6.573157036532203e-010	2.957384e-002
6.584781728776639e-010	2.963342e-002
6.596638289025750e-010	2.959523e-002
6.608934738814155e-010	2.946010e-002
6.620926075644826e-010	2.924559e-002
6.633612010409357e-010	2.894301e-002
6.645148987894780e-010	2.861207e-002
6.656973246999116e-010	2.823020e-002
6.668554922446121e-010	2.782589e-002
6.680700413661443e-010	2.738236e-002
6.692451116102675e-010	2.694587e-002
6.704238654771713e-010	2.651198e-002
6.715458421955793e-010	2.611212e-002
6.726807442764976e-010	2.572934e-002
6.738857768723468e-010	2.535538e-002
6.751078441966381e-010	2.501826e-002
6.763299697043082e-010	2.473047e-002
6.775230555091643e-010	2.450234e-002
6.786422748536632e-010	2.433909e-002
6.797404232156164e-010	2.422848e-002
6.809185522386970e-010	2.416502e-002
6.821522423713883e-010	2.415887e-002
6.834263917742424e-010	2.421429e-002
6.845757129699082e-010	2.431400e-002
6.856974833237620e-010	2.445153e-002
6.868998304004343e-010	2.463566e-002
6.880259441003665e-010	2.483463e-002
6.892985835917827e-010	2.507844e-002
6.904654081786328e-010	2.530804e-002
6.915904350622465e-010	2.552280e-002
6.928299040676294e-010	2.573700e-002
6.939499359538341e-010	2.589719e-002
6.953070626047517e-010	2.602895e-002
6.965360165521900e-010	2.607233e-002
6.977309625094381e-010	2.602888e-002
6.989156244123842e-010	2.588826e-002
7.001684578079022e-010	2.561985e-002
7.013970110900622e-010	2.522533e-002
7.026784270856880e-010	2.466507e-002
7.039033899587587e-010	2.398109e-002
7.050780682002358e-010	2.318618e-002
7.062680778355053e-010	2.224283e-002
7.074831902518907e-010	2.114051e-002
7.087348456862240e-010	1.986673e-002
7.098713486718898e-010	1.859899e-002
7.110243915757933e-010	1.721806e-002
7.121379977581995e-010	1.580821e-002
7.133492465353292e-010	1.420920e-002
7.146191607810674e-010	1.248358e-002
7.157775603979203e-010	1.088852e-002
7.168580995724714e-010	9.402929e-003
7.179873874028339e-010	7.873313e-003
7.191082939582250e-010	6.398126e-003
7.202888169961843e-010	4.912450e-003
7.214866407594797e-010	3.497496e-003
7.227173625431782e-010	2.161671e-003
7.238622822177402e-010	1.042520e-003
7.250092576031075e-010	5.394176e-005
7.261688493329235e-010	-8.005852e-004
7.273409481514613e-010	-1.509076e-003
7.285560205738173e-010	-2.074536e-003
7.297467023907047e-010	-2.461044e-003
7.310146280538962e-010	-2.693377e-003
7.322326076242645e-010	-2.748882e-003
7.333886662097506e-010	-2.658178e-003
7.345360761655180e-010	-2.440466e-003
7.357388545524740e-010	-2.088791e-003
7.368931670151982e-010	-1.646169e-003
7.381353437070374e-010	-1.071937e-003
7.392238018776382e-010	-4.991927e-004
7.403515306187170e-010	1.481692e-004
7.415653039539849e-010	8.903981e-004
7.427329245751551e-010	1.633955e-003
7.439120791970502e-010	2.399633e-003
7.450262796010771e-010	3.124858e-003
7.461940424557955e-010	3.875165e-003
7.474681929817748e-010	4.670266e-003
7.486454044197268e-010	5.373372e-003
7.498383335247775e-010	6.046512e-003
7.509841074509390e-010	6.649422e-003
7.522357080983517e-010	7.253032e-003
7.534185895584181e-010	7.766113e-003
7.545571294169369e-010	8.203668e-003
7.557791776700893e-010	8.608545e-003
7.569320132813423e-010	8.926371e-003
7.580730313728103e-010	9.177228e-003
7.592289667450067e-010	9.364408e-003
7.603892122713085e-010	9.482149e-003
7.616743223546581e-010	9.527488e-003
7.628817323605578e-010	9.485669e-003
7.640424618605864e-010	9.365527e-003
7.652746154264480e-010	9.149243e-003
7.665149512115673e-010	8.836338e-003
7.676885300865213e-010	8.450039e-003
7.688724766426198e-010	7.969689e-003
7.700137155637930e-010	7.419625e-003
7.711771833989013e-010	6.770902e-003
7.723784328599680e-010	6.009138e-003
7.735178354799434e-010	5.202533e-003
7.747476852341776e-010	4.244302e-003
7.759475740927790e-010	3.227508e-003
7.771092063467828e-010	2.173154e-003
7.783285078816839e-010	1.001776e-003
7.794419031543919e-010	-1.164600e-004
7.807172720654959e-010	-1.440753e-003
7.818986622868874e-010	-2.695527e-003
7.831147396106333e-010	-3.999712e-003
7.842634616110236e-010	-5.228951e-003
7.854266558965800e-010	-6.455896e-003
7.865522334643544e-010	-7.612101e-003
7.877073389900845e-010	-8.752318e-003
7.889339960265538e-010	-9.895849e-003
7.900966397393766e-010	-1.090143e-002
7.913714586708641e-010	-1.190051e-002
7.925321101311940e-010	-1.270373e-002
7.937315039963588e-010	-1.341587e-002
7.950056866385644e-010	-1.403097e-002
7.961766361579776e-010	-1.446070e-002
7.975223180909394e-010	-1.478814e-002
7.987393170261462e-010	-1.492849e-002
7.999227768258980e-010	-1.492310e-002
8.011919731840652e-010	-1.476483e-002
8.023854321720432e-010	-1.447710e-002
8.036001732346956e-010	-1.405361e-002
8.047773094351304e-010	-1.352663e-002
8.059702732722929e-010	-1.288668e-002
8.071225541187789e-010	-1.217930e-002
8.083791075560519e-010	-1.132365e-002
8.095883038423251e-010	-1.043347e-002
8.108066555579417e-010	-9.488185e-003
8.119836005296066e-010	-8.546074e-003
8.131546855243439e-010	-7.597547e-003
8.143371887489237e-010	-6.645780e-003
8.155912044399140e-010	-5.662332e-003
8.168204773431650e-010	-4.742832e-003
8.180454725489399e-010	-3.888554e-003
8.192717749513176e-010	-3.112304e-003
8.204364084905951e-010	-2.462331e-003
8.216600495823597e-010	-1.884690e-003
8.228775899530411e-010	-1.428881e-003
8.241260666555242e-010	-1.095530e-003
8.252720184696434e-010	-9.164687e-004
8.264490629066935e-010	-8.646928e-004
8.276781158366667e-010	-9.573078e-004
8.288657565860885e-010	-1.190667e-003
8.300449720924561e-010	-1.561573e-003
8.312863452976217e-010	-2.098604e-003
8.324662736624723e-010	-2.743116e-003
8.336248830186638e-010	-3.495869e-003
8.348298311448359e-010	-4.394861e-003
8.360606004246618e-010	-5.422622e-003
8.372867432218841e-010	-6.541307e-003
8.385538779628935e-010	-7.778038e-003
8.397039286557976e-010	-8.954062e-003
8.409216718885224e-010	-1.023436e-002
8.421347080648503e-010	-1.152429e-002
8.433585515464965e-010	-1.281722e-002
8.446198642683865e-010	-1.411541e-002
8.458220953008343e-010	-1.529660e-002
8.469536064077462e-010	-1.633751e-002
8.481669684923078e-010	-1.735559e-002
8.493367711225454e-010	-1.822162e-002
8.505869391034133e-010	-1.900098e-002
8.518456163082321e-010	-1.961394e-002
8.530144910471779e-010	-2.001411e-002
8.542365027689333e-010	-2.024578e-002
8.554619996135678e-010	-2.027730e-002
8.566779821178936e-010	-2.010410e-002
8.579199342268749e-010	-1.971498e-002
8.590634576885308e-010	-1.916872e-002
8.602701644335396e-010	-1.840237e-002
8.614346656159290e-010	-1.748632e-002
8.626887125937899e-010	-1.631948e-002
8.639590629419813e-010	-1.496463e-002
8.652104906940140e-010	-1.348118e-002
8.663788743364952e-010	-1.198395e-002
8.676130735231764e-010	-1.030935e-002
8.688351388396102e-010	-8.582602e-003
8.700834498712738e-010	-6.776533e-003
8.713483356513922e-010	-4.932470e-003
8.726146372608355e-010	-3.101999e-003
8.738872685996958e-010	-1.307441e-003
8.750797618882686e-010	3.087165e-004
8.763250464317594e-010	1.905151e-003
8.775419891097055e-010	3.355110e-003
8.787860116682266e-010	4.706434e-003
8.799588000448829e-010	5.845568e-003
8.812001863741748e-010	6.897007e-003
8.824949710312814e-010	7.815436e-003
8.837502627496066e-010	8.526545e-003
8.849777163410990e-010	9.049124e-003
8.861814529745065e-010	9.396725e-003
8.873816686142964e-010	9.584361e-003
8.886861508879129e-010	9.615327e-003
8.899107856110651e-010	9.489034e-003
8.911601177440166e-010	9.216115e-003
8.923698397317467e-010	8.824704e-003
8.936227757712445e-010	8.300880e-003
8.948203272900639e-010	7.700613e-003
8.961465137260994e-010	6.938736e-003
8.973516199923798e-010	6.172020e-003
8.985764709113294e-010	5.334690e-003
8.997542359881547e-010	4.486979e-003
9.010063530933480e-010	3.553574e-003
9.021917318937669e-010	2.651095e-003
9.035341664294212e-010	1.621139e-003
9.047660190551706e-010	6.801391e-004
9.059911772860988e-010	-2.411477e-004
9.071675410909059e-010	-1.103475e-003
9.084077567379873e-010	-1.980588e-003
9.097262101499366e-010	-2.868469e-003
9.110123880551937e-010	-3.682772e-003
9.122357247053339e-010	-4.403649e-003
9.134621853634770e-010	-5.068762e-003
9.147151931632060e-010	-5.684285e-003
9.159528048735388e-010	-6.225104e-003
9.172856189015543e-010	-6.729438e-003
9.185742210179140e-010	-7.137437e-003
9.197969019944442e-010	-7.450415e-003
9.210455661795450e-010	-7.694357e-003
9.222500571510193e-010	-7.856659e-003
9.234762679544397e-010	-7.948220e-003
9.247892257666983e-010	-7.964475e-003
9.260095022619738e-010	-7.904862e-003
9.272358470642648e-010	-7.774137e-003
9.284439617511795e-010	-7.578133e-003
9.296926253397606e-010	-7.308414e-003
9.309774378344458e-010	-6.963572e-003
9.322436781580435e-010	-6.561596e-003
9.334884612192585e-010	-6.111650e-003
9.347100369847078e-010	-5.623077e-003
9.359314291117723e-010	-5.094414e-003
9.371675937116626e-010	-4.525667e-003
9.384990305086816e-010	-3.884377e-003
9.397229339118006e-010	-3.277330e-003
9.408936949153303e-010	-2.689299e-003
9.421149045616346e-010	-2.077189e-003
9.433958472479647e-010	-1.446544e-003
9.446310726052238e-010	-8.592395e-004
9.459288653541337e-010	-2.748771e-004
9.472657015536214e-010	2.811505e-004
9.484852151207615e-010	7.389486e-004
9.497219818364895e-010	1.147202e-003
9.509678188358929e-010	1.494893e-003
9.522122710406775e-010	1.773256e-003
9.534895213194946e-010	1.983365e-003
9.546915076157400e-010	2.109167e-003
9.559345082472192e-010	2.165578e-003
9.571747789114710e-010	2.148670e-003
9.584280881187474e-010	2.060665e-003
9.597257733189091e-010	1.899987e-003
9.609434650899011e-010	1.691457e-003
9.621738474587719e-010	1.432040e-003
9.633939852418078e-010	1.135338e-003
9.646891135197963e-010	7.885033e-004
9.659325374628745e-010	4.357104e-004
9.671831949783428e-010	7.293986e-005
9.684498222520382e-010	-2.908781e-004
9.697079131886540e-010	-6.374515e-004
9.709261772797692e-010	-9.491417e-004
9.722142295675743e-010	-1.243405e-003
9.734436389703971e-010	-1.482762e-003
9.746327439396259e-010	-1.669794e-003
9.758785063558675e-010	-1.814201e-003
9.771056763966883e-010	-1.901967e-003
9.783197466553787e-010	-1.934237e-003
9.795899187655957e-010	-1.910172e-003
9.808194250081870e-010	-1.832299e-003
9.820396370842172e-010	-1.704976e-003
9.832711338523823e-010	-1.530136e-003
9.845468594430297e-010	-1.305435e-003
9.858228373609136e-010	-1.042705e-003
9.870865883547413e-010	-7.518759e-004
9.882827964682565e-010	-4.547881e-004
9.896102066448694e-010	-1.076875e-004
9.908100132162168e-010	2.159023e-004
9.921752950763192e-010	5.884253e-004
9.934208641781761e-010	9.269697e-004
9.947015694913696e-010	1.268836e-003
9.960509578200094e-010	1.617918e-003
9.972708554450128e-010	1.920823e-003
9.984905581464594e-010	2.209603e-003
9.997762889820896e-010	2.497390e-003
1.001066832976835e-009	2.768304e-003
1.002320682281267e-009	3.014038e-003
1.003619531790558e-009	3.250585e-003
1.004835196835617e-009	3.455772e-003
1.006150273410124e-009	3.660696e-003
1.007407013728368e-009	3.840580e-003
1.008694845717122e-009	4.009335e-003
1.009951949053311e-009	4.159301e-003
1.011211022440486e-009	4.295182e-003
1.012416268691574e-009	4.411952e-003
1.013657220289491e-009	4.518566e-003
1.014987359447853e-009	4.617332e-003
1.016225383275398e-009	4.694600e-003
1.017551644760009e-009	4.761372e-003
1.018765186297968e-009	4.807713e-003
1.020149178997468e-009	4.843114e-003
1.021433911065836e-009	4.859269e-003
1.022637444908122e-009	4.859901e-003
1.023904984194254e-009	4.845704e-003
1.025170589565609e-009	4.816828e-003
1.026385406304960e-009	4.775972e-003
1.027604366636606e-009	4.722897e-003
1.028970592468497e-009	4.650295e-003
1.030214914027126e-009	4.573362e-003
1.031551785965436e-009	4.480803e-003
1.032775560916982e-009	4.388440e-003
1.034150497415500e-009	4.277669e-003
1.035463878806707e-009	4.166463e-003
1.036799990068635e-009	4.049440e-003
1.038044528000461e-009	3.938068e-003
1.039334876829695e-009	3.821222e-003
1.040557223904872e-009	3.709987e-003
1.041908028486357e-009	3.587114e-003
1.043196619184899e-009	3.470353e-003
1.044499074453771e-009	3.352982e-003
1.045761599124790e-009	3.239792e-003
1.046994803352120e-009	3.129559e-003
1.048356417726820e-009	3.007721e-003
1.049668221969718e-009	2.889520e-003
1.051009473339309e-009	2.766873e-003
1.052263895797777e-009	2.649505e-003
1.053523694204765e-009	2.527885e-003
1.054763877857084e-009	2.403263e-003
1.056154012450740e-009	2.256126e-003
1.057416436641268e-009	2.114168e-003
1.058773460674022e-009	1.950917e-003
1.060001530862151e-009	1.792235e-003
1.061253673748160e-009	1.618381e-003
1.062615717111052e-009	1.414131e-003
1.063948651586985e-009	1.197993e-003
1.065276173755775e-009	9.662124e-004
1.066562097304575e-009	7.260251e-004
1.067812725291634e-009	4.782813e-004
1.069073990805757e-009	2.156045e-004
1.070325691578824e-009	-5.584074e-005
1.071665276392230e-009	-3.550964e-004
1.072981522326462e-009	-6.539939e-004
1.074279531782149e-009	-9.487140e-004
1.075508664084876e-009	-1.222919e-003
1.076940244017948e-009	-1.529193e-003
1.078228786326069e-009	-1.786350e-003
1.079568188920809e-009	-2.027669e-003
1.080860396537814e-009	-2.228732e-003
1.082104625141832e-009	-2.386919e-003
1.083470147909781e-009	-2.514236e-003
1.084797283341317e-009	-2.586270e-003
1.086112456730818e-009	-2.603094e-003
1.087515875374676e-009	-2.557935e-003
1.088780370689935e-009	-2.460160e-003
1.090032060895409e-009	-2.310298e-003
1.091449850861705e-009	-2.079047e-003
1.092727176652908e-009	-1.818282e-003
1.094128932995094e-009	-1.481103e-003
1.095411971723106e-009	-1.132326e-003
1.096664932969266e-009	-7.622011e-004
1.097867740054479e-009	-3.868573e-004
1.099117990356549e-009	1.568724e-005
1.100453430811901e-009	4.495419e-004
1.101829891017681e-009	8.894561e-004
1.103113059560073e-009	1.282583e-003
1.104347279064979e-009	1.636259e-003
1.105751723523174e-009	1.999339e-003
1.107125567471943e-009	2.304861e-003
1.108432854813167e-009	2.542542e-003
1.109747052410689e-009	2.723544e-003
1.110974312469477e-009	2.836458e-003
1.112301512575939e-009	2.894968e-003
1.113640043452577e-009	2.885971e-003
1.114958851076349e-009	2.810737e-003
1.116202810187407e-009	2.681043e-003
1.117481632875423e-009	2.491158e-003
1.118745267164544e-009	2.250975e-003
1.120144258618350e-009	1.929851e-003
1.121483950443405e-009	1.574233e-003
1.122826686748423e-009	1.177682e-003
1.124112246945485e-009	7.671213e-004
1.125345774004333e-009	3.510156e-004
1.126726210206620e-009	-1.328589e-004
1.128031754318905e-009	-6.013455e-004
1.129332692425679e-009	-1.071947e-003
1.130557415499962e-009	-1.512907e-003
1.131844382373673e-009	-1.968599e-003
1.133196801877691e-009	-2.433395e-003
1.134578402118484e-009	-2.887730e-003
1.135919856110041e-009	-3.304122e-003
1.137195193172986e-009	-3.673423e-003
1.138493414418970e-009	-4.019283e-003
1.139750385830243e-009	-4.322463e-003
1.140998082479275e-009	-4.590220e-003
1.142392886843976e-009	-4.848002e-003
1.143703370726721e-009	-5.048426e-003
1.144915777121369e-009	-5.196565e-003
1.146210146871208e-009	-5.314263e-003
1.147619252423965e-009	-5.394335e-003
1.148902390473121e-009	-5.423599e-003
1.150296370149978e-009	-5.408725e-003
1.151612147838000e-009	-5.351067e-003
1.152938226637057e-009	-5.251645e-003
1.154172578160602e-009	-5.123620e-003
1.155581911727184e-009	-4.938535e-003
1.156872771270016e-009	-4.735671e-003
1.158132364041988e-009	-4.510477e-003
1.159355681279442e-009	-4.269573e-003
1.160648163909445e-009	-3.995619e-003
1.162074365510028e-009	-3.676058e-003
1.163550590807522e-009	-3.333572e-003
1.164951847196744e-009	-3.004941e-003
1.166186226309695e-009	-2.718619e-003
1.167513197378040e-009	-2.420600e-003
1.168933460923658e-009	-2.120056e-003
1.170275263603964e-009	-1.860322e-003
1.171630177782851e-009	-1.628432e-003
1.172893257479463e-009	-1.444846e-003
1.174232594438390e-009	-1.289416e-003
1.175464146111090e-009	-1.185594e-003
1.176706470959593e-009	-1.121530e-003
1.178107845993091e-009	-1.100465e-003
1.179440908999314e-009	-1.131755e-003
1.180815634186350e-009	-1.216121e-003
1.182063126070094e-009	-1.337044e-003
1.183464773559889e-009	-1.520069e-003
1.184788598909667e-009	-1.734623e-003
1.186188462071784e-009	-1.999481e-003
1.187452920156139e-009	-2.266354e-003
1.188802137521936e-009	-2.572554e-003
1.190114817243458e-009	-2.884101e-003
1.191545039808004e-009	-3.229148e-003
1.192858487665566e-009	-3.542554e-003
1.194088596793462e-009	-3.825527e-003
1.195326754581622e-009	-4.093235e-003
1.196646263394327e-009	-4.352586e-003
1.198085644232826e-009	-4.597110e-003
1.199408977332062e-009	-4.780339e-003
1.200685475814379e-009	-4.914497e-003
1.201938143985195e-009	-5.002108e-003
1.203275080096112e-009	-5.044885e-003
1.204745791808797e-009	-5.029690e-003
1.206103119310627e-009	-4.957449e-003
1.207493170329913e-009	-4.826483e-003
1.208872749751914e-009	-4.641570e-003
1.210174609475346e-009	-4.419618e-003
1.211503989922784e-009	-4.148923e-003
1.212904706037658e-009	-3.820023e-003
1.214246007217536e-009	-3.467773e-003
1.215500506200374e-009	-3.109716e-003
1.216892465490120e-009	-2.685445e-003
1.218149163626001e-009	-2.282577e-003
1.219420604626423e-009	-1.860538e-003
1.220815363673507e-009	-1.386253e-003
1.222271256140364e-009	-8.847009e-004
1.223608192552281e-009	-4.237739e-004
1.224943379479322e-009	3.162100e-005
1.226275049310941e-009	4.759770e-004
1.227666602381718e-009	9.245371e-004
1.228982146577718e-009	1.329062e-003
1.230250486731522e-009	1.696873e-003
1.231620578861927e-009	2.065215e-003
1.233093677814355e-009	2.422717e-003
1.234433574179587e-009	2.709186e-003
1.235766629782358e-009	2.954156e-003
1.237055352612924e-009	3.150515e-003
1.238442853166429e-009	3.315366e-003
1.239826593659525e-009	3.430462e-003
1.241240514882322e-009	3.496935e-003
1.242589525019425e-009	3.512987e-003
1.243807600162844e-009	3.489244e-003
1.245059338496536e-009	3.429351e-003
1.246425079587397e-009	3.326571e-003
1.247906853802506e-009	3.176456e-003
1.249247295040924e-009	3.011794e-003
1.250675881052595e-009	2.813353e-003
1.252038287696805e-009	2.608983e-003
1.253392182972137e-009	2.398398e-003
1.254735001587848e-009	2.188987e-003
1.256139067887400e-009	1.976592e-003
1.257471094306042e-009	1.787418e-003
1.258763297608156e-009	1.620529e-003
1.260152144263119e-009	1.464296e-003
1.261634330545992e-009	1.328533e-003
1.262998264927866e-009	1.234868e-003
1.264324278304959e-009	1.174282e-003
1.265633943322267e-009	1.144505e-003
1.267031094074375e-009	1.145185e-003
1.268530257232851e-009	1.181302e-003
1.269880095468535e-009	1.242569e-003
1.271392606690566e-009	1.339197e-003
1.272848589827373e-009	1.455084e-003
1.274207546072574e-009	1.578218e-003
1.275526592974903e-009	1.706316e-003
1.276969163766079e-009	1.849635e-003
1.278451687798750e-009	1.993048e-003
1.279836434523146e-009	2.116432e-003
1.281239799167393e-009	2.223926e-003
1.282584819375730e-009	2.304069e-003
1.284030531394936e-009	2.358302e-003
1.285453507711735e-009	2.373001e-003
1.286767911489188e-009	2.347351e-003
1.288218097184887e-009	2.270212e-003
1.289539710509128e-009	2.151803e-003
1.290865657879881e-009	1.984335e-003
1.292280244208786e-009	1.750419e-003
1.293789804154363e-009	1.437802e-003
1.295153686599862e-009	1.100859e-003
1.296574032900910e-009	6.982785e-004
1.297988597054528e-009	2.498739e-004
1.299379792116841e-009	-2.308324e-004
1.300668827245081e-009	-7.046010e-004
1.302164750984290e-009	-1.278339e-003
1.303520540990715e-009	-1.810801e-003
1.304858107273697e-009	-2.337304e-003
1.306292924818677e-009	-2.891593e-003
1.307692594678567e-009	-3.410222e-003
1.309147221157602e-009	-3.913661e-003
1.310518564352523e-009	-4.344678e-003
1.312008014961332e-009	-4.754071e-003
1.313355369380484e-009	-5.064155e-003
1.314643282668152e-009	-5.301638e-003
1.315967490226968e-009	-5.482111e-003
1.317397686094826e-009	-5.602275e-003
1.318895504626946e-009	-5.644739e-003
1.320450459466643e-009	-5.601129e-003
1.322008936358421e-009	-5.473214e-003
1.323414552675527e-009	-5.292017e-003
1.324836751101112e-009	-5.053042e-003
1.326271542776487e-009	-4.764069e-003
1.327670544265312e-009	-4.445131e-003
1.328999356923844e-009	-4.116641e-003
1.330345822082550e-009	-3.766658e-003
1.331786573965582e-009	-3.381963e-003
1.333210242697645e-009	-2.999831e-003
1.334608864683572e-009	-2.629930e-003
1.336046374683524e-009	-2.262089e-003
1.337518592742000e-009	-1.904122e-003
1.338922921243063e-009	-1.584630e-003
1.340401412785121e-009	-1.274935e-003
1.341765325225453e-009	-1.015582e-003
1.343133328436298e-009	-7.821859e-004
1.344644755321805e-009	-5.563037e-004
1.346025799896034e-009	-3.795925e-004
1.347364686388390e-009	-2.353902e-004
1.348809980958562e-009	-1.095768e-004
1.350209458233564e-009	-1.712185e-005
1.351741443310563e-009	5.115729e-005
1.353126057032417e-009	8.341632e-005
1.354486516306538e-009	8.804730e-005
1.355925985914040e-009	6.401032e-005
1.357318277588989e-009	1.289133e-005
1.358856352634344e-009	-7.452291e-005
1.360240697345976e-009	-1.797786e-004
1.361534155851574e-009	-2.993830e-004
1.363043863115972e-009	-4.623249e-004
1.364441867964685e-009	-6.325779e-004
1.365844768102830e-009	-8.182044e-004
1.367308337940368e-009	-1.022632e-003
1.368772021397632e-009	-1.232158e-003
1.370186943016865e-009	-1.433224e-003
1.371562651892834e-009	-1.620961e-003
1.372953796966816e-009	-1.796403e-003
1.374435376719454e-009	-1.959728e-003
1.375889008130203e-009	-2.088921e-003
1.377213400726002e-009	-2.173791e-003
1.378725030227456e-009	-2.225618e-003
1.380186906305999e-009	-2.224510e-003
1.381667771993010e-009	-2.167227e-003
1.383127910220573e-009	-2.052193e-003
1.384552003384707e-009	-1.882401e-003
1.385944994300817e-009	-1.661265e-003
1.387501979398372e-009	-1.351576e-003
1.388914113768950e-009	-1.016847e-003
1.390428693435801e-009	-6.064188e-004
1.391866971927991e-009	-1.738279e-004
1.393261581497765e-009	2.781910e-004
1.394821425061216e-009	8.116961e-004
1.396246400978503e-009	1.315340e-003
1.397757714657602e-009	1.855089e-003
1.399155545302575e-009	2.349642e-003
1.400538738644610e-009	2.825201e-003
1.402097224532444e-009	3.333636e-003
1.403533347571289e-009	3.767392e-003
1.405044440927759e-009	4.178709e-003
1.406460097924404e-009	4.515479e-003
1.408001016877852e-009	4.822530e-003
1.409471240481802e-009	5.053744e-003
1.410873535800768e-009	5.216029e-003
1.412370955182086e-009	5.326174e-003
1.413795669372711e-009	5.371699e-003
1.415211607731558e-009	5.362430e-003
1.416758998608998e-009	5.295067e-003
1.418275044638205e-009	5.177462e-003
1.419979485425311e-009	4.994269e-003
1.421603598089357e-009	4.780305e-003
1.423134832156527e-009	4.554085e-003
1.424633150747717e-009	4.319869e-003
1.426113468138883e-009	4.085579e-003
1.427624099458401e-009	3.853173e-003
1.429084875488558e-009	3.643516e-003
1.430662588657411e-009	3.443061e-003
1.432135806993291e-009	3.287764e-003
1.433625505051036e-009	3.168800e-003
1.435076342925051e-009	3.094946e-003
1.436636613522105e-009	3.066478e-003
1.438142245983030e-009	3.092259e-003
1.439686706415498e-009	3.175021e-003
1.441113792713984e-009	3.302610e-003
1.442621775120074e-009	3.489850e-003
1.444230410491748e-009	3.746272e-003
1.445733687061564e-009	4.034921e-003
1.447255242509472e-009	4.369949e-003
1.448689536481612e-009	4.719475e-003
1.450174199333344e-009	5.108631e-003
1.451790540807969e-009	5.554470e-003
1.453303839757696e-009	5.983246e-003
1.454810625858473e-009	6.410907e-003
1.456298915711401e-009	6.824118e-003
1.457775885447120e-009	7.215408e-003
1.459396852737731e-009	7.611963e-003
1.460901955696224e-009	7.939684e-003
1.462411203392048e-009	8.220146e-003
1.463896676027626e-009	8.441702e-003
1.465508337803224e-009	8.613761e-003
1.467053412993025e-009	8.706691e-003
1.468580973937374e-009	8.725665e-003
1.470049007130490e-009	8.673931e-003
1.471530027848824e-009	8.552138e-003
1.473194064651583e-009	8.333697e-003
1.474716143814212e-009	8.061402e-003
1.476250155618769e-009	7.721530e-003
1.477719834402584e-009	7.339512e-003
1.479205589249327e-009	6.903377e-003
1.480852029745304e-009	6.369833e-003
1.482335363240925e-009	5.851698e-003
1.483870963226659e-009	5.286683e-003
1.485591290690943e-009	4.630164e-003
1.487180463541322e-009	4.011863e-003
1.488628473156414e-009	3.447305e-003
1.490182430399994e-009	2.849270e-003
1.491679760533048e-009	2.288857e-003
1.493192646932144e-009	1.746620e-003
1.494694467181305e-009	1.239856e-003
1.496303787741497e-009	7.399483e-004
1.497753861989435e-009	3.341511e-004
1.499310300858513e-009	-4.780372e-005
1.501039009618279e-009	-4.002618e-004
1.502608278118341e-009	-6.499880e-004
1.504173218368703e-009	-8.291000e-004
1.505643681442513e-009	-9.323424e-004
1.507217469037782e-009	-9.731422e-004
1.508863735065617e-009	-9.409234e-004
1.510439126828330e-009	-8.425120e-004
1.511952563513241e-009	-6.914107e-004
1.513487341959916e-009	-4.890167e-004
1.515044182818320e-009	-2.423954e-004
1.516544990415967e-009	2.465771e-005
1.518158164569396e-009	3.309512e-004
1.519627792884565e-009	6.157279e-004
1.521187861376748e-009	9.105852e-004
1.522915476312905e-009	1.211836e-003
1.524482277744453e-009	1.447978e-003
1.526039272497590e-009	1.634610e-003
1.527540226486462e-009	1.758800e-003
1.529085599272640e-009	1.820232e-003
1.530586471934367e-009	1.808302e-003
1.532216591224212e-009	1.709290e-003
1.533686810785594e-009	1.539923e-003
1.535295214749186e-009	1.266267e-003
1.536906314617915e-009	9.007085e-004
1.538398151322796e-009	4.836245e-004
1.539994750328154e-009	-4.084077e-005
1.541541055858090e-009	-6.185530e-004
1.543130820068595e-009	-1.274479e-003
1.544640302879671e-009	-1.945318e-003
1.546289127961736e-009	-2.718103e-003
1.547805023398103e-009	-3.452850e-003
1.549436421420034e-009	-4.254047e-003
1.551034076787233e-009	-5.033862e-003
1.552517731234480e-009	-5.740024e-003
1.554133409551717e-009	-6.473936e-003
1.555610856230781e-009	-7.100558e-003
1.557220710875784e-009	-7.721061e-003
1.558983898343710e-009	-8.311146e-003
1.560489694753549e-009	-8.730577e-003
1.562098866375953e-009	-9.083427e-003
1.563596698059547e-009	-9.317684e-003
1.565306277413059e-009	-9.469747e-003
1.566951029101407e-009	-9.498924e-003
1.568515675298645e-009	-9.421829e-003
1.570061627687510e-009	-9.249619e-003
1.571796260588207e-009	-8.951391e-003
1.573523296035137e-009	-8.556178e-003
1.575104537445108e-009	-8.121146e-003
1.576864669846690e-009	-7.572018e-003
1.578662703532059e-009	-6.960381e-003
1.580414640736992e-009	-6.335911e-003
1.582010211412422e-009	-5.759831e-003
1.583575187826683e-009	-5.202854e-003
1.585275809210943e-009	-4.621862e-003
1.587052640100790e-009	-4.056922e-003
1.588666926193579e-009	-3.592190e-003
1.590248400338410e-009	-3.190077e-003
1.591804407801022e-009	-2.851376e-003
1.593471751511676e-009	-2.555153e-003
1.595006475060031e-009	-2.345242e-003
1.596669770451054e-009	-2.185793e-003
1.598170442488741e-009	-2.101431e-003
1.599927464316861e-009	-2.071129e-003
1.601523291971652e-009	-2.103791e-003
1.603021482053922e-009	-2.182419e-003
1.604639199135774e-009	-2.314345e-003
1.606179627167859e-009	-2.480262e-003
1.607899420342436e-009	-2.705075e-003
1.609603116157533e-009	-2.961653e-003
1.611181487203860e-009	-3.222561e-003
1.612768414884910e-009	-3.500439e-003
1.614630831533483e-009	-3.836743e-003
1.616361955010934e-009	-4.149779e-003
1.617841982307324e-009	-4.410268e-003
1.619499809261377e-009	-4.685724e-003
1.621049188095296e-009	-4.920243e-003
1.622635970423339e-009	-5.129712e-003
1.624171029090859e-009	-5.295935e-003
1.625817412650540e-009	-5.427103e-003
1.627372388723691e-009	-5.500288e-003
1.629023892979320e-009	-5.518437e-003
1.630572662458119e-009	-5.475900e-003
1.632281469351735e-009	-5.359199e-003
1.633925910849183e-009	-5.176909e-003
1.635576658644451e-009	-4.925964e-003
1.637180832521125e-009	-4.619835e-003
1.638721283077180e-009	-4.272508e-003
1.640364952369943e-009	-3.850932e-003
1.642030942731266e-009	-3.378556e-003
1.643629798758508e-009	-2.892112e-003
1.645148906764347e-009	-2.409332e-003
1.646837378240110e-009	-1.861043e-003
1.648380770498159e-009	-1.359521e-003
1.650079070763521e-009	-8.198227e-004
1.651647705778297e-009	-3.428407e-004
1.653173428630299e-009	9.237053e-005
1.654820235368042e-009	5.218660e-004
1.656457199893294e-009	9.004459e-004
1.658038702454287e-009	1.215478e-003
1.659563069711373e-009	1.469230e-003
1.661247603808156e-009	1.691754e-003
1.662806655410614e-009	1.844651e-003
1.664562034965671e-009	1.959634e-003
1.666167557606062e-009	2.017013e-003
1.667717525039001e-009	2.035547e-003
1.669367558073293e-009	2.023777e-003
1.671017526964956e-009	1.988932e-003
1.672597230731642e-009	1.943413e-003
1.674139154969269e-009	1.896535e-003
1.675827321080014e-009	1.852729e-003
1.677746132225529e-009	1.825468e-003
1.679565225807954e-009	1.833407e-003
1.681336899807461e-009	1.882521e-003
1.682944208309476e-009	1.968545e-003
1.684615222163294e-009	2.104218e-003
1.686441009846265e-009	2.309207e-003
1.688011689968403e-009	2.533633e-003
1.689576038853092e-009	2.800467e-003
1.691247093267194e-009	3.130686e-003
1.692954016937906e-009	3.511928e-003
1.694533004495193e-009	3.899192e-003
1.696094994253497e-009	4.309352e-003
1.697775539328492e-009	4.773553e-003
1.699465074755421e-009	5.256048e-003
1.701075016195965e-009	5.722467e-003
1.702640256019927e-009	6.174456e-003
1.704345635991413e-009	6.656426e-003
1.706115888344617e-009	7.135610e-003
1.707827135486711e-009	7.569371e-003
1.709414476068082e-009	7.938663e-003
1.711148201909475e-009	8.298509e-003
1.712743258153215e-009	8.584294e-003
1.714470133029114e-009	8.839975e-003
1.716083092631083e-009	9.025386e-003
1.717847331907816e-009	9.167128e-003
1.719436706148325e-009	9.239877e-003
1.721208250023112e-009	9.260819e-003
1.723020750737775e-009	9.219638e-003
1.724721210186545e-009	9.127604e-003
1.726393167024160e-009	8.991831e-003
1.728088757064925e-009	8.814278e-003
1.729732206759216e-009	8.610116e-003
1.731332746407576e-009	8.387170e-003
1.733061296563980e-009	8.126893e-003
1.734722140343243e-009	7.864522e-003
1.736590197610812e-009	7.563462e-003
1.738335063616146e-009	7.283730e-003
1.740040807144971e-009	7.018103e-003
1.741721492992606e-009	6.769301e-003
1.743448683907847e-009	6.531843e-003
1.745082381789626e-009	6.328016e-003
1.746850807239619e-009	6.133789e-003
1.748491351694504e-009	5.980707e-003
1.750444476694504e-009	5.835142e-003
1.752216740893724e-009	5.738991e-003
1.753957966748400e-009	5.678342e-003
1.755623921681162e-009	5.651201e-003
1.757454806350457e-009	5.654415e-003
1.759123181946043e-009	5.684867e-003
1.760909023677025e-009	5.742216e-003
1.762543377859687e-009	5.812419e-003
1.764374794147782e-009	5.903950e-003
1.766052984027236e-009	5.992536e-003
1.767862467051987e-009	6.083574e-003
1.769494460753355e-009	6.153405e-003
1.771431940205943e-009	6.209289e-003
1.773305469972844e-009	6.224155e-003
1.775033771508860e-009	6.194099e-003
1.776909916621964e-009	6.104674e-003
1.778863041621964e-009	5.940944e-003
1.780569320819069e-009	5.734566e-003
1.782388731335816e-009	5.447292e-003
1.784037137502265e-009	5.127538e-003
1.785899923399708e-009	4.701258e-003
1.787588220445643e-009	4.259954e-003
1.789242935659682e-009	3.782761e-003
1.791000664472371e-009	3.235352e-003
1.792779199392162e-009	2.648347e-003
1.794469865696985e-009	2.068821e-003
1.796314999128976e-009	1.423590e-003
1.797978804280059e-009	8.394535e-004
1.799840685318326e-009	1.938443e-004
1.801565581130768e-009	-3.882957e-004
1.803426963445857e-009	-9.905789e-004
1.805248307663566e-009	-1.546926e-003
1.807201432663566e-009	-2.100801e-003
1.808929879071816e-009	-2.550231e-003
1.810596306140925e-009	-2.945001e-003
1.812367168939647e-009	-3.321858e-003
1.814248864980296e-009	-3.674036e-003
1.815966456056353e-009	-3.952956e-003
1.817637192438081e-009	-4.186957e-003
1.819409797926541e-009	-4.397583e-003
1.821187574761589e-009	-4.573253e-003
1.822915815989630e-009	-4.713719e-003
1.824777618036777e-009	-4.836552e-003
1.826467675533682e-009	-4.926943e-003
1.828335282647234e-009	-5.009043e-003
1.830288407647234e-009	-5.081005e-003
1.832049208855609e-009	-5.138785e-003
1.833840726081682e-009	-5.195343e-003
1.835793851081682e-009	-5.259038e-003
1.837746976081682e-009	-5.328795e-003
1.839515687593966e-009	-5.399769e-003
1.841313411130103e-009	-5.481178e-003
1.843151228459554e-009	-5.574912e-003
1.844901555169535e-009	-5.674205e-003
1.846770137482931e-009	-5.790523e-003
1.848508862994083e-009	-5.907482e-003
1.850452254284742e-009	-6.046687e-003
1.852383582734367e-009	-6.192094e-003
1.854159896720382e-009	-6.330241e-003
1.855978003671884e-009	-6.474021e-003
1.857872965207515e-009	-6.624124e-003
1.859801541275960e-009	-6.774397e-003
1.861570698371801e-009	-6.907365e-003
1.863421361399402e-009	-7.038268e-003
1.865350704773367e-009	-7.161980e-003
1.867236317362339e-009	-7.266070e-003
1.869017079125221e-009	-7.344987e-003
1.870860803179496e-009	-7.402414e-003
1.872813928179496e-009	-7.431374e-003
1.874656200828401e-009	-7.424285e-003
1.876464158233514e-009	-7.381148e-003
1.878306934236757e-009	-7.297381e-003
1.880260059236757e-009	-7.162639e-003
1.882088908801938e-009	-6.992924e-003
1.883918104112058e-009	-6.781772e-003
1.885783886496299e-009	-6.525975e-003
1.887737011496299e-009	-6.218564e-003
1.889559471543481e-009	-5.900101e-003
1.891408246232099e-009	-5.551973e-003
1.893318872472588e-009	-5.172875e-003
1.895271997472588e-009	-4.773217e-003
1.897091113972486e-009	-4.397285e-003
1.898958579240399e-009	-4.014847e-003
1.900911704240399e-009	-3.625549e-003
1.902864829240399e-009	-3.253173e-003
1.904688600979343e-009	-2.924860e-003
1.906587053554895e-009	-2.605799e-003
1.908540178554895e-009	-2.302934e-003
1.910467246705051e-009	-2.028937e-003
1.912296068272620e-009	-1.789967e-003
1.914217237422222e-009	-1.557793e-003
1.916170362422222e-009	-1.337111e-003
1.918063654991461e-009	-1.132886e-003
1.919910469509717e-009	-9.376721e-004
1.921861744923148e-009	-7.300088e-004
1.923814869923149e-009	-5.152685e-004
1.925683996915527e-009	-2.988737e-004
1.927559022188371e-009	-6.770725e-005
1.929512147188372e-009	1.903425e-004
1.931465272188372e-009	4.667592e-004
1.933418397188372e-009	7.606716e-004
1.935371522188372e-009	1.069573e-003
1.937324647188372e-009	1.389493e-003
1.939277772188372e-009	1.715277e-003
1.941127571711707e-009	2.023893e-003
1.943080696711707e-009	2.343649e-003
1.945033821711707e-009	2.651034e-003
1.946964722891014e-009	2.937091e-003
1.948844959350057e-009	3.194017e-003
1.950798084350057e-009	3.434544e-003
1.952751209350057e-009	3.645670e-003
1.954657069155729e-009	3.822098e-003
1.956578840706330e-009	3.970341e-003
1.958531965706331e-009	4.091477e-003
1.960485090706331e-009	4.184663e-003
1.962389231281177e-009	4.250866e-003
1.964342356281178e-009	4.296107e-003
1.966295481281178e-009	4.321018e-003
1.968248606281178e-009	4.328064e-003
1.970147272797869e-009	4.319799e-003
1.972100397797869e-009	4.297449e-003
1.974053522797870e-009	4.262350e-003
1.975993060861482e-009	4.215834e-003
1.977919454157640e-009	4.158809e-003
1.979872579157640e-009	4.090516e-003
1.981825704157640e-009	4.012154e-003
1.983749863927686e-009	3.925604e-003
1.985702988927686e-009	3.828846e-003
1.987656113927686e-009	3.723811e-003
1.989609238927686e-009	3.611308e-003
1.991541008710900e-009	3.493570e-003
1.993494133710901e-009	3.368951e-003
1.995447258710901e-009	3.239724e-003
1.997400383710901e-009	3.106915e-003
1.999353508710901e-009	2.971571e-003
2.000000000000000e-009	2.926368e-003
