time	V(n_3p)
0.000000000000000e+000	0.000000e+000
4.323545550591801e-011	-1.017636e-006
8.647091101183603e-011	-1.528703e-006
1.297063665177541e-010	-1.533201e-006
1.729418220236721e-010	-1.031131e-006
2.161772775295901e-010	-2.249280e-008
2.594127330355081e-010	1.492714e-006
3.026481885414260e-010	3.514490e-006
3.139892770288750e-010	-5.367996e-006
3.253303655163240e-010	-1.235818e-005
3.366714540037730e-010	-1.745606e-005
3.480125424912220e-010	-2.066164e-005
3.593536309786710e-010	-2.197492e-005
3.706947194661200e-010	-2.139590e-005
3.820358079535689e-010	-1.892458e-005
3.866761585076404e-010	-1.724873e-005
3.913165090617119e-010	-1.670286e-005
3.959568596157834e-010	-1.728697e-005
4.005972101698549e-010	-1.900104e-005
4.052375607239264e-010	-2.184509e-005
4.098779112779980e-010	-2.581911e-005
4.145182618320694e-010	-3.092310e-005
4.188315145870807e-010	-3.085484e-005
4.231447673420919e-010	-3.361905e-005
4.274580200971032e-010	-3.921573e-005
4.317712728521144e-010	-4.764488e-005
4.360845256071257e-010	-5.890650e-005
4.403977783621369e-010	-7.300059e-005
4.447110311171481e-010	-8.992715e-005
4.466299809619604e-010	-1.109889e-004
4.485489308067727e-010	-1.324749e-004
4.504678806515850e-010	-1.543850e-004
4.523868304963973e-010	-1.767194e-004
4.543057803412096e-010	-1.994779e-004
4.562247301860218e-010	-2.226606e-004
4.581436800308341e-010	-2.462675e-004
4.615010778241939e-010	-2.264737e-004
4.637439686540222e-010	-1.516314e-004
4.648742070882851e-010	-8.453085e-005
4.659937298099259e-010	7.541134e-006
4.671065211095234e-010	1.298262e-004
4.682217720454377e-010	2.894630e-004
4.693333427488327e-010	4.926101e-004
4.704390214639154e-010	7.461726e-004
4.715663264649519e-010	1.066620e-003
4.726815865997135e-010	1.454953e-003
4.737959708861895e-010	1.924437e-003
4.749047971923217e-010	2.483558e-003
4.760099105078677e-010	3.143739e-003
4.771385615650433e-010	3.936611e-003
4.782585011580758e-010	4.854614e-003
4.794071949203029e-010	5.945592e-003
4.805078249751346e-010	7.145287e-003
4.816496603547394e-010	8.562386e-003
4.827503017861665e-010	1.010588e-002
4.838942313247423e-010	1.190597e-002
4.850221382267795e-010	1.388603e-002
4.861708750608770e-010	1.612081e-002
4.872844431785484e-010	1.850392e-002
4.884027614187812e-010	2.111682e-002
4.895121119825644e-010	2.392910e-002
4.906432752751471e-010	2.702363e-002
4.917737846780330e-010	3.034427e-002
4.929146592492786e-010	3.392312e-002
4.940261951392153e-010	3.762493e-002
4.951390622641649e-010	4.153680e-002
4.962809398835442e-010	4.575536e-002
4.974014375382154e-010	5.008584e-002
4.985325355519960e-010	5.463657e-002
4.996666816808877e-010	5.936633e-002
5.019213768942290e-010	6.920265e-002
5.030500160665205e-010	7.436125e-002
5.041786552388119e-010	7.956547e-002
5.053072944111034e-010	8.481532e-002
5.064359335833949e-010	9.011079e-002
5.075645727556864e-010	9.545190e-002
5.086932119279779e-010	1.008386e-001
5.098218511002693e-010	1.062710e-001
5.132250165679041e-010	1.221899e-001
5.154765286639747e-010	1.322227e-001
5.177401670990524e-010	1.416606e-001
5.199921810464875e-010	1.501868e-001
5.222530160781570e-010	1.576620e-001
5.245187700847392e-010	1.638533e-001
5.267506050354099e-010	1.684937e-001
5.289912126960899e-010	1.715416e-001
5.312730979541626e-010	1.728704e-001
5.334941464901555e-010	1.723819e-001
5.357375606740786e-010	1.701015e-001
5.391166978419940e-010	1.634283e-001
5.425285238935296e-010	1.531926e-001
5.459098641548881e-010	1.403315e-001
5.471968372882378e-010	1.347878e-001
5.484838104215876e-010	1.291696e-001
5.497707835549372e-010	1.234769e-001
5.510577566882870e-010	1.177097e-001
5.523447298216367e-010	1.118680e-001
5.536317029549864e-010	1.059518e-001
5.549186760883361e-010	9.996109e-002
5.571762395336012e-010	8.988400e-002
5.582821390516180e-010	8.509261e-002
5.594196786936131e-010	8.028696e-002
5.605338099775440e-010	7.571413e-002
5.616707475544919e-010	7.119519e-002
5.627975998875449e-010	6.687137e-002
5.639265749404306e-010	6.269997e-002
5.650300552453669e-010	5.878170e-002
5.661636314811360e-010	5.492236e-002
5.673173108924327e-010	5.116818e-002
5.684436887501734e-010	4.767206e-002
5.695776919514320e-010	4.432108e-002
5.717913876803864e-010	3.826737e-002
5.740590667340137e-010	3.273822e-002
5.751915210664901e-010	3.023523e-002
5.763215517417386e-010	2.791231e-002
5.774267724027944e-010	2.581226e-002
5.785562847163646e-010	2.384526e-002
5.796727420930746e-010	2.208276e-002
5.808091961738007e-010	2.047818e-002
5.819364777831505e-010	1.907894e-002
5.830699726239078e-010	1.786820e-002
5.841800625471570e-010	1.687525e-002
5.853104714025274e-010	1.606120e-002
5.864449559190077e-010	1.544384e-002
5.875825962287984e-010	1.502377e-002
5.887075707816034e-010	1.480094e-002
5.898236316060817e-010	1.476414e-002
5.909300909242735e-010	1.490244e-002
5.920600736877185e-010	1.521510e-002
5.932129468039866e-010	1.570251e-002
5.943507589437313e-010	1.633898e-002
5.954785210911743e-010	1.710984e-002
5.965856003727611e-010	1.798954e-002
5.988491054510368e-010	2.011219e-002
6.011560019577698e-010	2.262472e-002
6.022825842192025e-010	2.397464e-002
6.034091664806351e-010	2.533474e-002
6.045357487420677e-010	2.670503e-002
6.056623310035004e-010	2.808551e-002
6.067889132649330e-010	2.947617e-002
6.079154955263656e-010	3.087701e-002
6.090420777877983e-010	3.228804e-002
6.112734156398265e-010	3.492418e-002
6.135440816974271e-010	3.740298e-002
6.157805622853762e-010	3.956532e-002
6.180597611317732e-010	4.140477e-002
6.203418829693678e-010	4.279868e-002
6.225770503719522e-010	4.365347e-002
6.248466760478060e-010	4.393096e-002
6.271207721520053e-010	4.354565e-002
6.293469082723313e-010	4.247339e-002
6.316113320384915e-010	4.064364e-002
6.338859898392123e-010	3.804795e-002
6.361863952130948e-010	3.467770e-002
6.384490684536168e-010	3.069785e-002
6.407221806435573e-010	2.614473e-002
6.430041360367639e-010	2.116662e-002
6.452638131857085e-010	1.602182e-002
6.475134047495115e-010	1.089805e-002
6.486418171407632e-010	8.396928e-003
6.497876884247713e-010	5.942752e-003
6.509156912739092e-010	3.638517e-003
6.520851922699862e-010	1.394376e-003
6.532152237315913e-010	-6.096556e-004
6.543362490065123e-010	-2.416680e-003
6.555188473383466e-010	-4.107570e-003
6.566430214669694e-010	-5.494880e-003
6.577734660326387e-010	-6.662215e-003
6.589235063128987e-010	-7.608069e-003
6.600361283178877e-010	-8.288023e-003
6.611484004491067e-010	-8.737450e-003
6.623693944642973e-010	-8.971375e-003
6.634858295208928e-010	-8.956334e-003
6.646563489359861e-010	-8.719148e-003
6.657911984511880e-010	-8.288417e-003
6.669038616758112e-010	-7.691915e-003
6.680415023488662e-010	-6.923987e-003
6.691865500555934e-010	-6.012002e-003
6.703183294460314e-010	-4.996771e-003
6.714678847999756e-010	-3.874438e-003
6.725922689506348e-010	-2.711683e-003
6.748403059120239e-010	-2.876664e-004
6.759809615301507e-010	9.472320e-004
6.771102878912475e-010	2.144754e-003
6.782578319117664e-010	3.315755e-003
6.793651023846884e-010	4.384488e-003
6.804728485256012e-010	5.378000e-003
6.816027224877398e-010	6.299281e-003
6.827428400453005e-010	7.122070e-003
6.838712693519329e-010	7.820158e-003
6.850166729088459e-010	8.401612e-003
6.861170752882031e-010	8.833276e-003
6.872532249961172e-010	9.143796e-003
6.884798640626235e-010	9.321914e-003
6.896103734502223e-010	9.340975e-003
6.907855500575091e-010	9.214822e-003
6.918912295552152e-010	8.963550e-003
6.930224644174011e-010	8.578704e-003
6.941500132016012e-010	8.073417e-003
6.953325103941967e-010	7.422501e-003
6.964492324679841e-010	6.704252e-003
6.976139471986308e-010	5.860530e-003
6.987120198698964e-010	4.988841e-003
6.998613973775860e-010	4.011448e-003
7.009833457446383e-010	3.007543e-003
7.021361033697458e-010	1.940515e-003
7.043913142346760e-010	-1.901137e-004
7.066521054031339e-010	-2.282900e-003
7.077834428048824e-010	-3.278367e-003
7.089163474291611e-010	-4.223165e-003
7.100722483840797e-010	-5.121233e-003
7.111832127369674e-010	-5.911405e-003
7.123174587888972e-010	-6.635068e-003
7.134422074049109e-010	-7.262098e-003
7.146515697178514e-010	-7.828293e-003
7.157759581081416e-010	-8.249087e-003
7.169417164571058e-010	-8.573734e-003
7.180379742797536e-010	-8.772923e-003
7.192027340258048e-010	-8.870437e-003
7.203266112223756e-010	-8.852826e-003
7.215000569163968e-010	-8.718231e-003
7.226201016454472e-010	-8.480791e-003
7.237485823902736e-010	-8.136638e-003
7.248848913378643e-010	-7.687282e-003
7.260242118598244e-010	-7.137664e-003
7.271505590737450e-010	-6.502055e-003
7.283022376542031e-010	-5.763662e-003
7.294254568540821e-010	-4.964222e-003
7.305366489245866e-010	-4.103815e-003
7.316703380453582e-010	-3.163217e-003
7.328021899287261e-010	-2.170184e-003
7.339331603656834e-010	-1.134177e-003
7.350768639843303e-010	-5.307319e-005
7.362118429076780e-010	1.041452e-003
7.373597703714420e-010	2.158008e-003
7.384899853598843e-010	3.254223e-003
7.407738821424463e-010	5.407713e-003
7.419059631831514e-010	6.418622e-003
7.430207977891137e-010	7.360960e-003
7.441678658602347e-010	8.262949e-003
7.453093716847215e-010	9.080589e-003
7.464401773167433e-010	9.800805e-003
7.475894279292264e-010	1.043081e-002
7.487104698494198e-010	1.093745e-002
7.498163843323577e-010	1.132540e-002
7.509489238491890e-010	1.160129e-002
7.520868748065952e-010	1.174994e-002
7.532228299730269e-010	1.176652e-002
7.543722026961827e-010	1.164772e-002
7.554897885980914e-010	1.140173e-002
7.566597996377413e-010	1.100865e-002
7.577853868683957e-010	1.050363e-002
7.589293144749048e-010	9.868931e-003
7.600552496535031e-010	9.132198e-003
7.611917803887439e-010	8.285184e-003
7.623015059565796e-010	7.368320e-003
7.634702848735492e-010	6.319559e-003
7.645980270979676e-010	5.240080e-003
7.668927718511675e-010	2.898492e-003
7.680270335426691e-010	1.699643e-003
7.692309190649874e-010	4.200262e-004
7.703752791625737e-010	-7.876343e-004
7.715429964795996e-010	-1.995738e-003
7.726710212237313e-010	-3.126366e-003
7.738363549854758e-010	-4.244231e-003
7.749463002928085e-010	-5.251630e-003
7.761580024405458e-010	-6.277771e-003
7.772848344516822e-010	-7.156327e-003
7.784407685439364e-010	-7.976570e-003
7.795610495177653e-010	-8.690303e-003
7.807213059757639e-010	-9.343900e-003
7.818375483114999e-010	-9.890737e-003
7.830353655565696e-010	-1.038988e-002
7.841555680416452e-010	-1.077710e-002
7.853044957742059e-010	-1.109776e-002
7.876057933199102e-010	-1.152192e-002
7.899279991500879e-010	-1.167850e-002
7.921857727616017e-010	-1.158773e-002
7.944370500656586e-010	-1.126255e-002
7.966793058589382e-010	-1.069527e-002
7.989393744968310e-010	-9.857271e-003
8.000730328722308e-010	-9.329219e-003
8.012119537959532e-010	-8.723268e-003
8.024216108554837e-010	-7.995713e-003
8.035484102545852e-010	-7.240542e-003
8.047000360776376e-010	-6.393735e-003
8.058257583318747e-010	-5.496723e-003
8.069519183371094e-010	-4.536971e-003
8.080754172910416e-010	-3.525484e-003
8.092455073173590e-010	-2.425926e-003
8.137831441844589e-010	2.001025e-003
8.150300889787128e-010	3.167042e-003
8.161717488907219e-010	4.176849e-003
8.173478345116181e-010	5.138784e-003
8.184623824572100e-010	5.959881e-003
8.196313301144474e-010	6.709235e-003
8.207252557589585e-010	7.293461e-003
8.218388816744767e-010	7.760384e-003
8.229655808265740e-010	8.092461e-003
8.241077099056890e-010	8.278386e-003
8.252281149286695e-010	8.309805e-003
8.263646647786582e-010	8.188432e-003
8.274880204119525e-010	7.919427e-003
8.285921991443238e-010	7.516022e-003
8.297136067019502e-010	6.973587e-003
8.308442143702491e-010	6.302331e-003
8.319970602624100e-010	5.503335e-003
8.331469872090379e-010	4.607404e-003
8.343409386007137e-010	3.592097e-003
8.354969695349003e-010	2.546288e-003
8.377702699489663e-010	3.888764e-004
8.400637261131177e-010	-1.792673e-003
8.411870329934147e-010	-2.818363e-003
8.423245688059161e-010	-3.806883e-003
8.434818557393607e-010	-4.746442e-003
8.446194158325834e-010	-5.592985e-003
8.457879424091900e-010	-6.372794e-003
8.469201954568622e-010	-7.034189e-003
8.480415174131888e-010	-7.592774e-003
8.491795839444845e-010	-8.058708e-003
8.503281003798864e-010	-8.424916e-003
8.514602385006534e-010	-8.684617e-003
8.526180480178902e-010	-8.848871e-003
8.537614687289775e-010	-8.914442e-003
8.550153339264652e-010	-8.881913e-003
8.561490692226215e-010	-8.764174e-003
8.573037831059049e-010	-8.564253e-003
8.584109787692877e-010	-8.302221e-003
8.595926253632657e-010	-7.952479e-003
8.607935547323857e-010	-7.528467e-003
8.619576330234297e-010	-7.056299e-003
8.642377920433677e-010	-5.971608e-003
8.654737486672294e-010	-5.301598e-003
8.677160114255893e-010	-3.949541e-003
8.688471295785675e-010	-3.204664e-003
8.699866276819434e-010	-2.414741e-003
8.711056844689773e-010	-1.603364e-003
8.723204263629628e-010	-6.872878e-004
8.734352362029228e-010	1.805730e-004
8.745505830832367e-010	1.068298e-003
8.768224947659598e-010	2.902883e-003
8.791555648882972e-010	4.747802e-003
8.803178244334300e-010	5.617967e-003
8.814848841561279e-010	6.438368e-003
8.826104046616588e-010	7.163943e-003
8.837441798162822e-010	7.814832e-003
8.849535722776213e-010	8.404642e-003
8.860934048260346e-010	8.848243e-003
8.873013836923251e-010	9.186128e-003
8.884298338138536e-010	9.369397e-003
8.896173907043959e-010	9.416643e-003
8.907164701576810e-010	9.323623e-003
8.919626623161220e-010	9.058307e-003
8.930845833891753e-010	8.676688e-003
8.943114071081761e-010	8.111565e-003
8.954200304941233e-010	7.476863e-003
8.965711004325446e-010	6.705669e-003
8.976821973082088e-010	5.866503e-003
8.989046013811544e-010	4.854805e-003
9.000429041847958e-010	3.848103e-003
9.012242721169105e-010	2.759120e-003
9.034866226591151e-010	6.284067e-004
9.047332157033451e-010	-5.244030e-004
9.058889784112880e-010	-1.552500e-003
9.070812572391817e-010	-2.551987e-003
9.082141998526166e-010	-3.428377e-003
9.093670633419706e-010	-4.232665e-003
9.104909374867379e-010	-4.920746e-003
9.116184131765481e-010	-5.507053e-003
9.128172816153486e-010	-6.009129e-003
9.140030650926482e-010	-6.378151e-003
9.151509671313433e-010	-6.612587e-003
9.162886074645496e-010	-6.726123e-003
9.174572709432154e-010	-6.722141e-003
9.186654690979972e-010	-6.594310e-003
9.198506957497166e-010	-6.353194e-003
9.210358394789433e-010	-6.005535e-003
9.221759875670629e-010	-5.578980e-003
9.232900363346435e-010	-5.083662e-003
9.245175866497736e-010	-4.458933e-003
9.256774647201480e-010	-3.803072e-003
9.267877212497710e-010	-3.125541e-003
9.290621736026545e-010	-1.625122e-003
9.314742587102129e-010	6.055834e-005
9.348635473178651e-010	2.438148e-003
9.371539168816398e-010	3.961310e-003
9.383941029549207e-010	4.735999e-003
9.395854534346165e-010	5.438663e-003
9.407306186656973e-010	6.070365e-003
9.419349752804138e-010	6.683215e-003
9.430657864038124e-010	7.206210e-003
9.442042101693523e-010	7.677278e-003
9.454039736592305e-010	8.109263e-003
9.465831571743000e-010	8.465338e-003
9.478214799250358e-010	8.761869e-003
9.489675063447105e-010	8.962131e-003
9.501035196150912e-010	9.087147e-003
9.513670652444751e-010	9.137004e-003
9.525346285517023e-010	9.097196e-003
9.537202431862374e-010	8.970588e-003
9.549118078533436e-010	8.755015e-003
9.560448010977537e-010	8.468098e-003
9.572059659195977e-010	8.092503e-003
9.584520353385410e-010	7.600678e-003
9.596568158811669e-010	7.042323e-003
9.608298769109819e-010	6.426409e-003
9.619635154661706e-010	5.770355e-003
9.631371036034700e-010	5.036861e-003
9.655882585772043e-010	3.372682e-003
9.678847178906740e-010	1.731766e-003
9.690190596645491e-010	9.232686e-004
9.702187256797400e-010	8.790936e-005
9.714244651525580e-010	-7.174847e-004
9.725123265826516e-010	-1.403745e-003
9.736279094487345e-010	-2.057663e-003
9.747512584681399e-010	-2.656556e-003
9.758932211110482e-010	-3.196491e-003
9.770453742112165e-010	-3.664692e-003
9.782703662006302e-010	-4.073172e-003
9.794296006295064e-010	-4.372279e-003
9.805674449709827e-010	-4.582430e-003
9.817140833738601e-010	-4.711631e-003
9.829415507577531e-010	-4.761104e-003
9.840597480729992e-010	-4.730121e-003
9.851610602435169e-010	-4.633495e-003
9.863115917097837e-010	-4.468241e-003
9.874398267248531e-010	-4.248518e-003
9.885814550149611e-010	-3.974707e-003
9.897230108142927e-010	-3.655818e-003
9.909466814158262e-010	-3.271452e-003
9.933277290713418e-010	-2.424923e-003
9.956259230951800e-010	-1.522284e-003
9.981691402385907e-010	-4.689325e-004
1.000545195404473e-009	5.350519e-004
1.002856468952947e-009	1.504849e-003
1.004025827738570e-009	1.985464e-003
1.005267632944310e-009	2.483673e-003
1.007596060237243e-009	3.369299e-003
1.009893158664290e-009	4.154395e-003
1.012154682515502e-009	4.808098e-003
1.014410397717076e-009	5.308402e-003
1.015526112345475e-009	5.489929e-003
1.016673716352956e-009	5.626142e-003
1.017808195898786e-009	5.707294e-003
1.018991997125562e-009	5.732377e-003
1.020100833791221e-009	5.698693e-003
1.021288814456820e-009	5.599764e-003
1.022426224098144e-009	5.443540e-003
1.023750076265596e-009	5.186256e-003
1.024871304893938e-009	4.905943e-003
1.026054856857759e-009	4.550064e-003
1.027172745254779e-009	4.159945e-003
1.028294706040799e-009	3.719002e-003
1.029447590817449e-009	3.218519e-003
1.030613334321922e-009	2.668667e-003
1.031793992588101e-009	2.072895e-003
1.034116804653268e-009	8.131557e-004
1.034981818578966e-009	3.149119e-004
1.035846832504665e-009	-1.805978e-004
1.036711846430363e-009	-6.733734e-004
1.037576860356061e-009	-1.163415e-003
1.038441874281759e-009	-1.650722e-003
1.039306888207458e-009	-2.135296e-003
1.040171902133156e-009	-2.617135e-003
1.041293302829229e-009	-3.207011e-003
1.042498976541789e-009	-3.803567e-003
1.043633418386862e-009	-4.321332e-003
1.044755326017170e-009	-4.784467e-003
1.045911917728651e-009	-5.204031e-003
1.047057195805200e-009	-5.555383e-003
1.048192933471139e-009	-5.835485e-003
1.049370027585510e-009	-6.049352e-003
1.050552048189656e-009	-6.182265e-003
1.051681613076886e-009	-6.230465e-003
1.052909531141172e-009	-6.194448e-003
1.054024972210887e-009	-6.082242e-003
1.055160200193808e-009	-5.891940e-003
1.056305565098539e-009	-5.624931e-003
1.057414368950566e-009	-5.298384e-003
1.058620506908802e-009	-4.872698e-003
1.059774357085223e-009	-4.402957e-003
1.061063375656322e-009	-3.815016e-003
1.062295841315128e-009	-3.200073e-003
1.064741832373894e-009	-1.868899e-003
1.065602089728614e-009	-1.368839e-003
1.066462347083334e-009	-8.731438e-004
1.067322604438054e-009	-3.818127e-004
1.068182861792774e-009	1.051542e-004
1.069043119147494e-009	5.877568e-004
1.069903376502214e-009	1.065995e-003
1.070763633856934e-009	1.539869e-003
1.071902067821317e-009	2.127649e-003
1.073124864217084e-009	2.716617e-003
1.074268475810452e-009	3.220343e-003
1.075489918426858e-009	3.700444e-003
1.076638588978041e-009	4.091437e-003
1.077777151638475e-009	4.416119e-003
1.078960280081431e-009	4.682982e-003
1.080212879994033e-009	4.883584e-003
1.081359625516330e-009	4.991242e-003
1.082557822374327e-009	5.025083e-003
1.083765671737494e-009	4.978083e-003
1.084940417946696e-009	4.855641e-003
1.086051057904990e-009	4.672545e-003
1.087257522552365e-009	4.403192e-003
1.088421775000826e-009	4.078184e-003
1.089601624246487e-009	3.689278e-003
1.090815443322291e-009	3.233489e-003
1.091990961145586e-009	2.745565e-003
1.093206133212452e-009	2.201527e-003
1.095592627237558e-009	1.050567e-003
1.099178266793890e-009	-7.487123e-004
1.101509704445134e-009	-1.865792e-003
1.102718306996453e-009	-2.404615e-003
1.103830467205376e-009	-2.868039e-003
1.105078719534449e-009	-3.344673e-003
1.106285535680140e-009	-3.756328e-003
1.107456423937519e-009	-4.104945e-003
1.108706801675748e-009	-4.417811e-003
1.109838000263020e-009	-4.645158e-003
1.111107684248497e-009	-4.834665e-003
1.112288230681493e-009	-4.946966e-003
1.113522310561910e-009	-4.997516e-003
1.114805717351451e-009	-4.977373e-003
1.115966660951770e-009	-4.895736e-003
1.117094790261823e-009	-4.759699e-003
1.118334452723617e-009	-4.547596e-003
1.119523008474932e-009	-4.285043e-003
1.120758563044797e-009	-3.953995e-003
1.121995304858402e-009	-3.567345e-003
1.123148734485444e-009	-3.161075e-003
1.124411758883405e-009	-2.671192e-003
1.125635310216903e-009	-2.157623e-003
1.128015137435312e-009	-1.073966e-003
1.131559604631136e-009	6.473371e-004
1.132818635536755e-009	1.258997e-003
1.134042304144041e-009	1.840700e-003
1.135177825270224e-009	2.362645e-003
1.136394166421512e-009	2.895869e-003
1.137618406095034e-009	3.399144e-003
1.138885331381837e-009	3.878218e-003
1.140229973494393e-009	4.333708e-003
1.141526863171049e-009	4.715954e-003
1.142695246788443e-009	5.008704e-003
1.143851825213518e-009	5.247765e-003
1.145114540300251e-009	5.449149e-003
1.146358096305842e-009	5.585480e-003
1.147507473466716e-009	5.656383e-003
1.148764948888699e-009	5.673633e-003
1.149985711711106e-009	5.631016e-003
1.151255168680037e-009	5.526332e-003
1.152481950689597e-009	5.368779e-003
1.153657290203229e-009	5.168179e-003
1.154929341895349e-009	4.899373e-003
1.156078771892030e-009	4.613082e-003
1.157429590256790e-009	4.228191e-003
1.159939013879853e-009	3.390609e-003
1.161190399813465e-009	2.922356e-003
1.162380453896009e-009	2.451461e-003
1.163699056747381e-009	1.905849e-003
1.164917354150888e-009	1.384254e-003
1.166203551490220e-009	8.209350e-004
1.167398958101074e-009	2.906148e-004
1.168637417388683e-009	-2.603753e-004
1.171190262102538e-009	-1.378398e-003
1.173672771723363e-009	-2.405612e-003
1.176043797938345e-009	-3.291887e-003
1.177325246261287e-009	-3.719613e-003
1.178581445660331e-009	-4.097734e-003
1.179856294723801e-009	-4.435295e-003
1.181027985376461e-009	-4.701153e-003
1.182154967855040e-009	-4.914159e-003
1.183374112909870e-009	-5.095137e-003
1.184677400835331e-009	-5.229807e-003
1.185916684671042e-009	-5.300327e-003
1.187105279371115e-009	-5.314907e-003
1.188256280651254e-009	-5.279901e-003
1.189481368835896e-009	-5.190761e-003
1.190772533822248e-009	-5.041224e-003
1.192026586005300e-009	-4.844578e-003
1.193233793521016e-009	-4.611258e-003
1.194392668886557e-009	-4.350783e-003
1.195635391398561e-009	-4.037031e-003
1.196924535334649e-009	-3.680379e-003
1.198219719609054e-009	-3.297572e-003
1.200685448844216e-009	-2.530318e-003
1.204534507728564e-009	-1.352442e-003
1.205819154133786e-009	-9.960849e-004
1.207164693420866e-009	-6.554914e-004
1.208427534430168e-009	-3.721717e-004
1.209619306528929e-009	-1.415304e-004
1.210799841151931e-009	4.848751e-005
1.212132501698278e-009	2.140827e-004
1.213401057768986e-009	3.217773e-004
1.214560009521714e-009	3.769436e-004
1.215821402322933e-009	3.903982e-004
1.217154496249123e-009	3.532895e-004
1.218440281046466e-009	2.699171e-004
1.219783730302432e-009	1.365371e-004
1.221101611965670e-009	-3.585974e-005
1.222303543535282e-009	-2.246799e-004
1.223551005629275e-009	-4.476421e-004
1.224886024020737e-009	-7.107911e-004
1.226219273480981e-009	-9.923503e-004
1.227537631531532e-009	-1.282316e-003
1.228761460731458e-009	-1.555731e-003
1.229989893174277e-009	-1.828401e-003
1.231353440692395e-009	-2.121993e-003
1.232701567304477e-009	-2.395790e-003
1.234036005253398e-009	-2.643586e-003
1.236532593909337e-009	-3.022203e-003
1.237934453770340e-009	-3.173732e-003
1.239276157427187e-009	-3.270252e-003
1.240634853549890e-009	-3.314517e-003
1.241871141852232e-009	-3.304438e-003
1.243120737738152e-009	-3.242601e-003
1.244494915809696e-009	-3.112140e-003
1.245871428293892e-009	-2.914126e-003
1.247218385056897e-009	-2.654329e-003
1.248480066972168e-009	-2.351894e-003
1.249844324323729e-009	-1.961733e-003
1.251165867859922e-009	-1.523245e-003
1.252543141165532e-009	-1.006050e-003
1.253884494254239e-009	-4.471858e-004
1.255159148596750e-009	1.300477e-004
1.256398451366888e-009	7.299158e-004
1.257813355024041e-009	1.455033e-003
1.259191644987608e-009	2.195755e-003
1.260574160856312e-009	2.965002e-003
1.263132088753257e-009	4.429834e-003
1.267420077505263e-009	6.872112e-003
1.269952173468466e-009	8.215426e-003
1.271394899343550e-009	8.921213e-003
1.272790216264583e-009	9.551520e-003
1.274041637471673e-009	1.006638e-002
1.275384677433399e-009	1.055918e-002
1.276599486179209e-009	1.094672e-002
1.277929602285694e-009	1.130244e-002
1.279340944203126e-009	1.159640e-002
1.280727556846522e-009	1.179717e-002
1.282005775489212e-009	1.190194e-002
1.283282114511995e-009	1.192765e-002
1.284728874193595e-009	1.186002e-002
1.286166416009681e-009	1.169055e-002
1.287566035605189e-009	1.142821e-002
1.288835928117936e-009	1.110843e-002
1.290267805132884e-009	1.065721e-002
1.291697834709259e-009	1.011432e-002
1.293192939454554e-009	9.453480e-003
1.295831681377971e-009	8.075386e-003
1.297268056908207e-009	7.225622e-003
1.300185939980934e-009	5.328910e-003
1.302793605485328e-009	3.502826e-003
1.304230950111952e-009	2.473070e-003
1.305612668786169e-009	1.484620e-003
1.306863948104056e-009	6.023456e-004
1.308085106706935e-009	-2.361468e-004
1.309403815223398e-009	-1.104550e-003
1.310829172474741e-009	-1.985373e-003
1.312343417922918e-009	-2.838083e-003
1.313777100171542e-009	-3.550948e-003
1.315089624435498e-009	-4.110985e-003
1.316383120516693e-009	-4.566974e-003
1.317899988650512e-009	-4.970780e-003
1.319378742817476e-009	-5.221649e-003
1.320647406024659e-009	-5.321666e-003
1.321880413716906e-009	-5.316922e-003
1.323192019202010e-009	-5.204262e-003
1.324678139633413e-009	-4.949602e-003
1.326203366897570e-009	-4.559952e-003
1.327625807734039e-009	-4.094033e-003
1.328916686703093e-009	-3.599793e-003
1.330312542507843e-009	-3.006399e-003
1.333008712927961e-009	-1.758314e-003
1.334228119350681e-009	-1.181929e-003
1.335580571242603e-009	-5.580010e-004
1.337007367147246e-009	6.329783e-005
1.338512115570021e-009	6.556276e-004
1.339804986653489e-009	1.097441e-003
1.341030369476060e-009	1.447215e-003
1.342374834832227e-009	1.743175e-003
1.343840754834750e-009	1.951019e-003
1.345355122613868e-009	2.031357e-003
1.346646007928819e-009	1.987859e-003
1.347873968366079e-009	1.849404e-003
1.349211800879744e-009	1.591595e-003
1.350683502273185e-009	1.182667e-003
1.352233352738829e-009	6.172567e-004
1.353538522377520e-009	4.128794e-005
1.354774093235036e-009	-5.802895e-004
1.356102738884723e-009	-1.322098e-003
1.357570036571737e-009	-2.216608e-003
1.358997021958113e-009	-3.147677e-003
1.362805510517267e-009	-5.802758e-003
1.365852913515925e-009	-7.930760e-003
1.368525482842736e-009	-9.653142e-003
1.369791376439606e-009	-1.038773e-002
1.371189259819790e-009	-1.111979e-002
1.372743209485374e-009	-1.182013e-002
1.374043500922626e-009	-1.230321e-002
1.375435598895720e-009	-1.270587e-002
1.376788714730921e-009	-1.297617e-002
1.378421622830832e-009	-1.313524e-002
1.379891781022454e-009	-1.311788e-002
1.381276171782953e-009	-1.296133e-002
1.382572580519417e-009	-1.269306e-002
1.384134287289543e-009	-1.221951e-002
1.385602696743034e-009	-1.163308e-002
1.386857595148842e-009	-1.103253e-002
1.388095187412318e-009	-1.036039e-002
1.389446291059222e-009	-9.548835e-003
1.392482856309645e-009	-7.510093e-003
1.395033397268405e-009	-5.685970e-003
1.396379282138830e-009	-4.729652e-003
1.397886791985135e-009	-3.693872e-003
1.399428380126947e-009	-2.698224e-003
1.400714581758066e-009	-1.933980e-003
1.401976151775825e-009	-1.256754e-003
1.403327403514451e-009	-6.227133e-004
1.404792493692929e-009	-5.317824e-005
1.406381808911104e-009	4.162393e-004
1.407689809761534e-009	6.828688e-004
1.408966394601148e-009	8.385456e-004
1.410321247254842e-009	8.937995e-004
1.411798124870152e-009	8.323070e-004
1.413126596470972e-009	6.775460e-004
1.414401500285849e-009	4.509044e-004
1.415799803019910e-009	1.282266e-004
1.417187615309439e-009	-2.530614e-004
1.418723573635828e-009	-7.245754e-004
1.421352864812400e-009	-1.586586e-003
1.422748915122262e-009	-2.037542e-003
1.424224535905071e-009	-2.485095e-003
1.425820384170288e-009	-2.915216e-003
1.427164892421259e-009	-3.220486e-003
1.428457577255408e-009	-3.454409e-003
1.429846646690043e-009	-3.631987e-003
1.431336545869185e-009	-3.729542e-003
1.432768374557144e-009	-3.726841e-003
1.434078476935841e-009	-3.638166e-003
1.435525243292585e-009	-3.442456e-003
1.436873007747131e-009	-3.167293e-003
1.438430709714925e-009	-2.738591e-003
1.439836170509296e-009	-2.251853e-003
1.441153869430562e-009	-1.711987e-003
1.442582093572022e-009	-1.039308e-003
1.443997581840748e-009	-2.873820e-004
1.445527103540314e-009	6.138427e-004
1.446888032955034e-009	1.486791e-003
1.448204813152791e-009	2.388284e-003
1.449628229756915e-009	3.417093e-003
1.451074753866851e-009	4.510024e-003
1.452599651834351e-009	5.700199e-003
1.455264490092780e-009	7.825285e-003
1.458232394611092e-009	1.014994e-002
1.459727383511671e-009	1.125661e-002
1.461247032820241e-009	1.230812e-002
1.462624429915277e-009	1.317863e-002
1.464116031078894e-009	1.401230e-002
1.465626787336612e-009	1.472137e-002
1.466994125815852e-009	1.523010e-002
1.468339709874640e-009	1.559462e-002
1.469785563793858e-009	1.582441e-002
1.471372990535134e-009	1.587308e-002
1.472867570939855e-009	1.571793e-002
1.474242749253696e-009	1.540122e-002
1.475730428718851e-009	1.487338e-002
1.477144844883919e-009	1.419915e-002
1.478773251950459e-009	1.322840e-002
1.480282036995401e-009	1.215981e-002
1.481782122278301e-009	1.095716e-002
1.483180278931475e-009	9.731071e-003
1.484630247869829e-009	8.376397e-003
1.486207541224083e-009	6.837009e-003
1.487719051740280e-009	5.328499e-003
1.489165327646073e-009	3.884154e-003
1.490630647046699e-009	2.448814e-003
1.492237366345286e-009	9.407085e-004
1.493756250994604e-009	-3.920574e-004
1.495253789914818e-009	-1.590594e-003
1.496674837253684e-009	-2.600755e-003
1.498160530638485e-009	-3.505146e-003
1.499746663601880e-009	-4.281359e-003
1.501261672791837e-009	-4.826469e-003
1.502720960989177e-009	-5.160902e-003
1.504180883751477e-009	-5.302987e-003
1.505827573987460e-009	-5.230167e-003
1.507350513690967e-009	-4.944928e-003
1.508855321382617e-009	-4.463191e-003
1.510288952004622e-009	-3.827670e-003
1.511767495901129e-009	-3.003398e-003
1.513384655656398e-009	-1.923055e-003
1.514865394887012e-009	-7.884820e-004
1.516357295731996e-009	4.736114e-004
1.517999957453082e-009	1.972894e-003
1.519565188852961e-009	3.478623e-003
1.520992169066982e-009	4.889628e-003
1.522520834168503e-009	6.410841e-003
1.523973943034459e-009	7.837600e-003
1.525464704699911e-009	9.251033e-003
1.526918651989154e-009	1.055167e-002
1.528475248247928e-009	1.182665e-002
1.529897620935200e-009	1.285931e-002
1.531409734726433e-009	1.379149e-002
1.533043622110043e-009	1.457948e-002
1.534575565678382e-009	1.508973e-002
1.536065614901244e-009	1.535762e-002
1.537576035334283e-009	1.538865e-002
1.539274504487658e-009	1.512820e-002
1.540805100791429e-009	1.462655e-002
1.542336093490692e-009	1.387878e-002
1.543781812691177e-009	1.295830e-002
1.545274985543027e-009	1.180601e-002
1.546757032249455e-009	1.048074e-002
1.548338851755366e-009	8.895515e-003
1.549775940916343e-009	7.330093e-003
1.551428848199216e-009	5.421489e-003
1.553026064992306e-009	3.506997e-003
1.554637702284406e-009	1.548860e-003
1.556091060702616e-009	-2.046056e-004
1.557647055141651e-009	-2.031647e-003
1.559332140522558e-009	-3.911009e-003
1.560895689982235e-009	-5.527843e-003
1.562426242158798e-009	-6.962400e-003
1.563900910954214e-009	-8.183358e-003
1.565416106043110e-009	-9.254100e-003
1.566901185125250e-009	-1.010886e-002
1.568495793757465e-009	-1.080100e-002
1.569940256841126e-009	-1.122111e-002
1.571622772145802e-009	-1.146147e-002
1.573232577677705e-009	-1.144499e-002
1.574853596004730e-009	-1.119461e-002
1.576320803233166e-009	-1.077744e-002
1.577908572814173e-009	-1.013891e-002
1.579629991821984e-009	-9.250695e-003
1.581193481651824e-009	-8.291082e-003
1.582737175163981e-009	-7.225951e-003
1.584223116680956e-009	-6.113618e-003
1.585727330806706e-009	-4.924838e-003
1.590285080883856e-009	-1.186710e-003
1.591988988761687e-009	1.652743e-004
1.593624770847956e-009	1.391965e-003
1.595236505517868e-009	2.505442e-003
1.596734222486054e-009	3.434611e-003
1.598305749261052e-009	4.280591e-003
1.599853158977594e-009	4.968183e-003
1.601329661175255e-009	5.477059e-003
1.602923928392901e-009	5.854039e-003
1.604423170808298e-009	6.038286e-003
1.605971003569250e-009	6.051502e-003
1.607471535613052e-009	5.892538e-003
1.609102631766911e-009	5.532027e-003
1.610595635448273e-009	5.037670e-003
1.612345716592295e-009	4.272820e-003
1.614021413453484e-009	3.371286e-003
1.615616420983144e-009	2.380461e-003
1.617152727460037e-009	1.325149e-003
1.618861966986706e-009	6.259720e-005
1.620424830679692e-009	-1.147843e-003
1.623506167282305e-009	-3.590047e-003
1.625151008875606e-009	-4.870726e-003
1.626662393894345e-009	-6.003329e-003
1.628124764404304e-009	-7.039843e-003
1.629742199525216e-009	-8.098453e-003
1.631266218404645e-009	-8.995473e-003
1.632786288120712e-009	-9.779057e-003
1.634258787195245e-009	-1.042176e-002
1.635910136387222e-009	-1.099610e-002
1.637413206897356e-009	-1.137777e-002
1.639238885924027e-009	-1.165452e-002
1.640912212908899e-009	-1.172605e-002
1.642525336211064e-009	-1.163097e-002
1.644067732949010e-009	-1.139281e-002
1.645833737803635e-009	-1.095096e-002
1.647561755292605e-009	-1.035463e-002
1.649141198767125e-009	-9.679900e-003
1.650722988504501e-009	-8.894207e-003
1.652444200531937e-009	-7.933208e-003
1.653993593727451e-009	-6.991692e-003
1.657091715034634e-009	-4.970979e-003
1.660269699611224e-009	-2.852448e-003
1.661749833916841e-009	-1.901282e-003
1.663365823368452e-009	-9.189963e-004
1.664949211881690e-009	-3.426369e-005
1.666438532767722e-009	7.101161e-004
1.667902465043589e-009	1.344496e-003
1.669541780206927e-009	1.926014e-003
1.671068135563692e-009	2.334972e-003
1.672612265098281e-009	2.611539e-003
1.674095320824135e-009	2.744244e-003
1.675759475119547e-009	2.738695e-003
1.677261849406565e-009	2.597449e-003
1.678900948525894e-009	2.304967e-003
1.680418068310986e-009	1.916691e-003
1.681905589238677e-009	1.439791e-003
1.683511693433323e-009	8.358128e-004
1.685159274712281e-009	1.418917e-004
1.688115900620417e-009	-1.214039e-003
1.691275276297648e-009	-2.673143e-003
1.692818365230393e-009	-3.337576e-003
1.694307276001537e-009	-3.924688e-003
1.695969592843956e-009	-4.498727e-003
1.697484095106992e-009	-4.933071e-003
1.699328645494219e-009	-5.331428e-003
1.701006056478405e-009	-5.558830e-003
1.702634022221112e-009	-5.650338e-003
1.704183487939341e-009	-5.617324e-003
1.705969820644338e-009	-5.435824e-003
1.707707026897367e-009	-5.117779e-003
1.709303940755785e-009	-4.710455e-003
1.710896312510375e-009	-4.204913e-003
1.712646201284989e-009	-3.549453e-003
1.714220135453320e-009	-2.884502e-003
1.715741045754873e-009	-2.188304e-003
1.717357689227402e-009	-1.406413e-003
1.719044451089366e-009	-5.629129e-004
1.722087084383549e-009	9.675985e-004
1.723725592448885e-009	1.762469e-003
1.725323104430094e-009	2.496424e-003
1.726852242854945e-009	3.147039e-003
1.728359368878977e-009	3.726616e-003
1.730021759314936e-009	4.282503e-003
1.731596271448619e-009	4.718672e-003
1.733214011002583e-009	5.067231e-003
1.734761812055981e-009	5.301396e-003
1.736448810253551e-009	5.443426e-003
1.738018227205124e-009	5.470083e-003
1.739890575914179e-009	5.373977e-003
1.741576698603251e-009	5.176144e-003
1.743248163308316e-009	4.886985e-003
1.744846196839901e-009	4.535921e-003
1.746687709561033e-009	4.059037e-003
1.748391913414046e-009	3.566453e-003
1.750055632276347e-009	3.056258e-003
1.753499015591203e-009	1.982463e-003
1.755226556517142e-009	1.469760e-003
1.756884076124292e-009	1.013627e-003
1.758544144815165e-009	6.037045e-004
1.760334471782661e-009	2.249144e-004
1.762068678013368e-009	-7.171648e-005
1.763721593676629e-009	-2.854633e-004
1.765408506643931e-009	-4.321452e-004
1.767202395553864e-009	-5.093314e-004
1.768938402193485e-009	-5.093469e-004
1.770603690066842e-009	-4.446230e-004
1.772313692672386e-009	-3.181494e-004
1.774119850119611e-009	-1.265374e-004
1.775831511389337e-009	1.016694e-004
1.777513058311825e-009	3.613387e-004
1.781050874490002e-009	9.835248e-004
1.786190389723670e-009	1.935128e-003
1.789701061159627e-009	2.519749e-003
1.791429804449309e-009	2.767534e-003
1.793187353168269e-009	2.984824e-003
1.794851264974187e-009	3.154287e-003
1.796622604557362e-009	3.292292e-003
1.798283743514457e-009	3.379527e-003
1.800185014837605e-009	3.427112e-003
1.801956994897916e-009	3.420304e-003
1.803686617428573e-009	3.366112e-003
1.805399102729833e-009	3.267246e-003
1.807257791767069e-009	3.111496e-003
1.809024866904093e-009	2.920093e-003
1.810749341145989e-009	2.696949e-003
1.814360651666591e-009	2.137217e-003
1.817827101146606e-009	1.526774e-003
1.819601486726543e-009	1.205184e-003
1.821472115718986e-009	8.703711e-004
1.823170388328697e-009	5.766726e-004
1.824936332850794e-009	2.876985e-004
1.826835064472336e-009	1.246859e-006
1.828663076719520e-009	-2.466550e-004
1.830380652333065e-009	-4.521418e-004
1.832134033825529e-009	-6.332113e-004
1.833870347924647e-009	-7.837314e-004
1.835532106269584e-009	-9.015090e-004
1.837302851654249e-009	-9.999893e-004
1.840723989068107e-009	-1.118008e-003
1.844157868033854e-009	-1.153998e-003
1.847604457924387e-009	-1.124021e-003
1.851132225690228e-009	-1.043916e-003
1.854872287293717e-009	-9.299838e-004
1.858382881280805e-009	-8.250591e-004
1.860231798548477e-009	-7.815648e-004
1.862122702505035e-009	-7.517676e-004
1.863831692728783e-009	-7.413113e-004
1.865791062689351e-009	-7.524315e-004
1.867690818258706e-009	-7.893413e-004
1.871245008444097e-009	-9.305085e-004
1.874780019221993e-009	-1.154727e-003
1.878326031317269e-009	-1.433350e-003
1.880250138782667e-009	-1.590672e-003
1.882129126957348e-009	-1.738015e-003
1.883886410249200e-009	-1.862940e-003
1.885673653678890e-009	-1.970478e-003
1.887585831420471e-009	-2.057198e-003
1.889405447464097e-009	-2.107646e-003
1.891169933076231e-009	-2.123600e-003
1.892977199664939e-009	-2.105014e-003
1.896368363889054e-009	-1.978327e-003
1.898173103249453e-009	-1.868272e-003
1.899989079944120e-009	-1.734548e-003
1.901669371614408e-009	-1.596206e-003
1.903360293639680e-009	-1.449266e-003
1.905160719024906e-009	-1.291666e-003
1.907055355764967e-009	-1.132825e-003
1.908791974116510e-009	-1.000339e-003
1.910663852489542e-009	-8.781893e-004
1.912399334549265e-009	-7.884625e-004
1.914402567626387e-009	-7.168241e-004
1.916225588119491e-009	-6.827754e-004
1.918057576277752e-009	-6.781112e-004
1.921592190072833e-009	-7.442922e-004
1.923313831751004e-009	-8.058038e-004
1.925150629201649e-009	-8.865295e-004
1.927010386294538e-009	-9.789509e-004
1.928733808017565e-009	-1.069583e-003
1.930652838508794e-009	-1.170908e-003
1.932407592826113e-009	-1.259873e-003
1.934155755671341e-009	-1.341365e-003
1.935860788094024e-009	-1.411066e-003
1.937753302581161e-009	-1.473948e-003
1.941325014147579e-009	-1.540381e-003
1.944932848675758e-009	-1.520362e-003
1.946764333839469e-009	-1.470000e-003
1.948509150729532e-009	-1.393748e-003
1.950259467008906e-009	-1.287695e-003
1.952127483535920e-009	-1.140594e-003
1.954031825249165e-009	-9.544914e-004
1.955800609303641e-009	-7.502961e-004
1.957747381243407e-009	-4.944591e-004
1.961386684463612e-009	4.719486e-005
1.963175126876339e-009	3.268329e-004
1.965080497918350e-009	6.189698e-004
1.966950274105479e-009	8.866427e-004
1.968710064541228e-009	1.109006e-003
1.970487996045297e-009	1.292825e-003
1.972388796439546e-009	1.432371e-003
1.974345904668581e-009	1.504547e-003
1.976152390809282e-009	1.501073e-003
1.978101748287650e-009	1.420101e-003
1.979937814579401e-009	1.273573e-003
1.981751286103301e-009	1.069347e-003
1.983544465796444e-009	8.203159e-004
1.987378925669544e-009	2.004827e-004
1.989155861642729e-009	-9.006751e-005
1.991159789818129e-009	-3.887587e-004
1.992971909272769e-009	-6.135039e-004
1.994858503839399e-009	-7.835676e-004
1.996686186272923e-009	-8.731066e-004
1.998634414373772e-009	-8.770546e-004
2.000548089530011e-009	-7.845732e-004
2.002317735811641e-009	-6.147112e-004
2.004124016946213e-009	-3.628545e-004
2.006057939132055e-009	-1.544870e-005
2.008076062735333e-009	4.173493e-004
2.010123868011303e-009	9.100433e-004
2.013995325828842e-009	1.910380e-003
2.015823534764227e-009	2.379188e-003
2.017651903488782e-009	2.825471e-003
2.019590533701416e-009	3.259617e-003
2.021632495644018e-009	3.659287e-003
2.023638949939312e-009	3.982388e-003
2.025524311870511e-009	4.214330e-003
2.027515533624161e-009	4.376693e-003
2.029340490315800e-009	4.446577e-003
2.031376097816687e-009	4.432130e-003
2.033217202419023e-009	4.334111e-003
2.035110768731549e-009	4.149991e-003
2.036955071962073e-009	3.892332e-003
2.038922876955163e-009	3.538085e-003
2.040867714598810e-009	3.116203e-003
2.042664666847584e-009	2.673056e-003
2.046462888126438e-009	1.623912e-003
2.048535600673442e-009	1.025589e-003
2.050564403006117e-009	4.518095e-004
2.052480189699758e-009	-5.826943e-005
2.054505758616217e-009	-5.426711e-004
2.056363038356605e-009	-9.212276e-004
2.058406575854209e-009	-1.249796e-003
2.060286289905241e-009	-1.461396e-003
2.062160801833572e-009	-1.580922e-003
2.064017122222372e-009	-1.608999e-003
2.065998614556573e-009	-1.544517e-003
2.067995488482018e-009	-1.390586e-003
2.069840768595176e-009	-1.181121e-003
2.071888971850305e-009	-8.910319e-004
2.077505875186344e-009	4.323414e-005
2.079492182436366e-009	3.593361e-004
2.081499127971630e-009	6.418272e-004
2.083359761895675e-009	8.581725e-004
2.085417205090806e-009	1.035409e-003
2.087328001205972e-009	1.135484e-003
2.089209891648875e-009	1.170318e-003
2.091091302612049e-009	1.142015e-003
2.093098742782011e-009	1.045230e-003
2.095147820289015e-009	8.814164e-004
2.097047199867900e-009	6.779828e-004
2.099107145112585e-009	4.110062e-004
2.101063520909304e-009	1.226486e-004
2.106879437147968e-009	-8.305717e-004
2.109005230602200e-009	-1.174755e-003
2.111110004187735e-009	-1.492509e-003
2.113077513410564e-009	-1.758013e-003
2.115184039099294e-009	-1.997577e-003
2.117120033557493e-009	-2.168853e-003
2.119213963548706e-009	-2.293651e-003
2.121184943166952e-009	-2.348769e-003
2.123105426511684e-009	-2.341552e-003
2.125247687200788e-009	-2.262183e-003
2.127189639207071e-009	-2.127373e-003
2.129216382376835e-009	-1.927967e-003
2.131175497525694e-009	-1.685213e-003
2.133255080684715e-009	-1.384020e-003
2.137283712881064e-009	-7.205860e-004
2.141422216157046e-009	-2.304624e-005
2.143407365553784e-009	2.837014e-004
2.145563282553016e-009	5.774507e-004
2.147562283265582e-009	8.022950e-004
2.149597273213932e-009	9.747082e-004
2.151792931968471e-009	1.088629e-003
2.153783332334160e-009	1.122421e-003
2.156048747875823e-009	1.077672e-003
2.158177840030708e-009	9.555220e-004
2.160265929784313e-009	7.640633e-004
2.162415873913497e-009	4.999555e-004
2.164620139715477e-009	1.695909e-004
2.166664765094070e-009	-1.784434e-004
2.171016176012341e-009	-9.852260e-004
2.173127615451402e-009	-1.373388e-003
2.175265883496236e-009	-1.739123e-003
2.177478780005020e-009	-2.069569e-003
2.179578880891211e-009	-2.322262e-003
2.181732746868236e-009	-2.506417e-003
2.183952772768618e-009	-2.606816e-003
2.186092910701822e-009	-2.612558e-003
2.188234190209842e-009	-2.528454e-003
2.190494182934997e-009	-2.347101e-003
2.192635016868794e-009	-2.096495e-003
2.194785508489848e-009	-1.780288e-003
2.197081503469788e-009	-1.388913e-003
2.199234774492645e-009	-9.891904e-004
2.203711362589994e-009	-1.363426e-004
2.205854877529892e-009	2.481256e-004
2.208033313528840e-009	6.033272e-004
2.210330178531900e-009	9.270218e-004
2.212490009925961e-009	1.176154e-003
2.214670012930962e-009	1.369024e-003
2.216972731253935e-009	1.507957e-003
2.219134613157590e-009	1.579889e-003
2.221322957381197e-009	1.599601e-003
2.223618120033144e-009	1.570001e-003
2.225797600638710e-009	1.502262e-003
2.227989151031237e-009	1.404281e-003
2.232479371150434e-009	1.150184e-003
2.236976774790847e-009	8.927977e-004
2.239185991862247e-009	7.893160e-004
2.241381727277331e-009	7.122439e-004
2.243695802950139e-009	6.656704e-004
2.245915258575586e-009	6.587935e-004
2.248116075046233e-009	6.904344e-004
2.250434153884932e-009	7.642032e-004
2.252675800243882e-009	8.712086e-004
2.254875815709350e-009	1.004087e-003
2.257211890497238e-009	1.166125e-003
2.259462255489550e-009	1.332373e-003
2.264013148847831e-009	1.654817e-003
2.268488528804273e-009	1.891877e-003
2.270855843048375e-009	1.967364e-003
2.273134757050483e-009	2.003021e-003
2.275350208398135e-009	2.002442e-003
2.277735642020955e-009	1.964490e-003
2.280019340839831e-009	1.894503e-003
2.282245554499264e-009	1.797658e-003
2.284655884525714e-009	1.664453e-003
2.286919939834261e-009	1.515287e-003
2.289173146265816e-009	1.345937e-003
2.291599517905551e-009	1.142032e-003
2.293848101584824e-009	9.342112e-004
2.296123614332522e-009	7.062553e-004
2.300806136617396e-009	1.847554e-004
2.305317469865770e-009	-3.758446e-004
2.307540148923064e-009	-6.786729e-004
2.309762827980356e-009	-9.782079e-004
2.311985507037650e-009	-1.274449e-003
2.314208186094942e-009	-1.567398e-003
2.316430865152236e-009	-1.857052e-003
2.318653544209528e-009	-2.143414e-003
2.320876223266822e-009	-2.426482e-003
2.325425464519016e-009	-2.911340e-003
2.327831918137295e-009	-3.115939e-003
2.330045440493707e-009	-3.264391e-003
2.332213793148863e-009	-3.367399e-003
2.334645813039978e-009	-3.426943e-003
2.336850361768345e-009	-3.425260e-003
2.339002328701188e-009	-3.369197e-003
2.341451132048316e-009	-3.237735e-003
2.343657779687821e-009	-3.057486e-003
2.345807421283360e-009	-2.827554e-003
2.348259948467177e-009	-2.505371e-003
2.350471813148714e-009	-2.167496e-003
2.355091147943226e-009	-1.362871e-003
2.359482093267828e-009	-5.576381e-004
2.361943688145392e-009	-1.277603e-004
2.364180590170136e-009	2.329738e-004
2.366353117309218e-009	5.469442e-004
2.368826693728292e-009	8.534307e-004
2.371087810873920e-009	1.082861e-003
2.373266335842308e-009	1.257765e-003
2.375748222073300e-009	1.404560e-003
2.378029253741529e-009	1.494293e-003
2.380212779499346e-009	1.544263e-003
2.382700576459915e-009	1.564079e-003
2.387202032140415e-009	1.516119e-003
2.392044204959277e-009	1.368416e-003
2.396734670690288e-009	1.155356e-003
2.398430653300187e-009	1.060729e-003
2.400126635910087e-009	9.706641e-004
2.401822618519986e-009	8.851608e-004
2.403518601129885e-009	8.042195e-004
2.405214583739784e-009	7.278402e-004
2.406910566349683e-009	6.560228e-004
2.408606548959582e-009	5.887673e-004
2.411064206918891e-009	5.275934e-004
2.413572703303331e-009	5.016873e-004
2.416063579546643e-009	5.154876e-004
2.418460038075315e-009	5.657818e-004
2.421076555411547e-009	6.583718e-004
2.423446678412511e-009	7.705250e-004
2.425995769839881e-009	9.125126e-004
2.430977921063373e-009	1.216515e-003
2.436128296546477e-009	1.503539e-003
2.441170298029286e-009	1.701404e-003
2.443623849055368e-009	1.758025e-003
2.446155112893713e-009	1.786495e-003
2.448717635683524e-009	1.783287e-003
2.451159560537389e-009	1.749683e-003
2.453758793719187e-009	1.680915e-003
2.456341717116731e-009	1.579157e-003
2.458775639642044e-009	1.453829e-003
2.463890065726511e-009	1.109441e-003
2.466436924593107e-009	9.080206e-004
2.469008633969219e-009	6.958228e-004
2.471488931318738e-009	4.930269e-004
2.474096942665878e-009	2.940100e-004
2.476688250132592e-009	1.227390e-004
2.479162974917988e-009	-6.302923e-006
2.481847842086362e-009	-9.984224e-005
2.484351268209128e-009	-1.396240e-004
2.486941041877984e-009	-1.326350e-004
2.489518818302355e-009	-8.124496e-005
2.492030329511715e-009	4.169241e-006
2.497250958931027e-009	2.503402e-004
2.502451652509226e-009	5.090434e-004
2.504950090029999e-009	6.126264e-004
2.507566138462115e-009	6.954566e-004
2.510149215317699e-009	7.454969e-004
2.512667753832282e-009	7.596723e-004
2.515349277830409e-009	7.341322e-004
2.517949997501205e-009	6.677689e-004
2.520501795773074e-009	5.625298e-004
2.523257995628203e-009	4.052898e-004
2.525761276036118e-009	2.253301e-004
2.528479840445775e-009	-6.345154e-006
2.531079511335488e-009	-2.584237e-004
2.536481571496448e-009	-8.500917e-004
2.539031185096413e-009	-1.145980e-003
2.541730040800452e-009	-1.458400e-003
2.546961462253494e-009	-2.023988e-003
2.549746754239822e-009	-2.282648e-003
2.552336746095439e-009	-2.484961e-003
2.554976807642509e-009	-2.645528e-003
2.557754265390345e-009	-2.757960e-003
2.560285594210333e-009	-2.805630e-003
2.563094358680978e-009	-2.794022e-003
2.565716674751766e-009	-2.720583e-003
2.568374600793592e-009	-2.584506e-003
2.570901612650394e-009	-2.398894e-003
2.573636429883819e-009	-2.139310e-003
2.576286393811123e-009	-1.834178e-003
2.578836819146311e-009	-1.496948e-003
2.581544722920456e-009	-1.101579e-003
2.586926154572211e-009	-2.541950e-004
2.589566273694327e-009	1.590702e-004
2.592096626000393e-009	5.311011e-004
2.594834909455677e-009	8.874816e-004
2.597672655442208e-009	1.186127e-003
2.600373360551410e-009	1.387462e-003
2.603100487696895e-009	1.497135e-003
2.605662359697615e-009	1.509244e-003
2.608418859209979e-009	1.423957e-003
2.611238135347946e-009	1.237514e-003
2.613986559847628e-009	9.706018e-004
2.616704891545121e-009	6.394964e-004
2.619297572485545e-009	2.784943e-004
2.624920414046024e-009	-5.652212e-004
2.627688374098242e-009	-9.630153e-004
2.630439854895233e-009	-1.314606e-003
2.633369542395233e-009	-1.615556e-003
2.636006985412776e-009	-1.803161e-003
2.638936672912776e-009	-1.901674e-003
2.641623949378007e-009	-1.881399e-003
2.644500804546671e-009	-1.739778e-003
2.647430492046671e-009	-1.474757e-003
2.650103904942411e-009	-1.139769e-003
2.653033592442411e-009	-6.943156e-004
2.661466184142806e-009	7.499813e-004
2.664221589770573e-009	1.169452e-003
2.667151277270573e-009	1.535477e-003
2.669843752555160e-009	1.779141e-003
2.672773440055159e-009	1.927837e-003
2.675589077537769e-009	1.950071e-003
2.678427173166794e-009	1.854245e-003
2.681356860666794e-009	1.640602e-003
2.684084515604569e-009	1.351567e-003
2.687014203104569e-009	9.664833e-004
2.689787596792236e-009	5.541204e-004
2.695646971792236e-009	-3.542810e-004
2.698419693239315e-009	-7.489696e-004
2.701349380739314e-009	-1.106801e-003
2.704096268336568e-009	-1.368351e-003
2.707025955836568e-009	-1.552564e-003
2.709922307841676e-009	-1.629169e-003
2.712777504207299e-009	-1.598941e-003
2.715707191707298e-009	-1.462443e-003
2.718511112743873e-009	-1.240861e-003
2.721440800243873e-009	-9.297436e-004
2.724320157796900e-009	-5.640602e-004
2.733078377711848e-009	6.665571e-004
2.736008065211848e-009	1.029184e-003
2.738897248371478e-009	1.321299e-003
2.741826935871478e-009	1.530643e-003
2.744756623371478e-009	1.637927e-003
2.747686310871477e-009	1.635940e-003
2.750615998371477e-009	1.526130e-003
2.753545685871477e-009	1.318946e-003
2.756475373371477e-009	1.033249e-003
2.759405060871477e-009	6.947630e-004
2.765264435871476e-009	-1.768473e-005
2.768194123371476e-009	-3.285628e-004
2.771123810871476e-009	-5.714627e-004
2.774053498371476e-009	-7.246311e-004
2.776983185871475e-009	-7.733919e-004
2.779912873371475e-009	-7.109552e-004
2.782842560871475e-009	-5.386968e-004
2.785772248371475e-009	-2.659931e-004
2.788701935871475e-009	9.033985e-005
2.791631623371474e-009	5.070061e-004
2.797490998371474e-009	1.404557e-003
2.800420685871474e-009	1.821171e-003
2.803350373371474e-009	2.174311e-003
2.806280060871474e-009	2.436848e-003
2.809209748371473e-009	2.587963e-003
2.812139435871473e-009	2.614941e-003
2.815069123371473e-009	2.514253e-003
2.817998810871473e-009	2.291832e-003
2.820928498371473e-009	1.962550e-003
2.823858185871472e-009	1.548999e-003
2.829717560871472e-009	5.871438e-004
2.832647248371472e-009	1.051931e-004
2.835576935871472e-009	-3.329487e-004
2.838506623371471e-009	-6.971424e-004
2.841436310871471e-009	-9.623566e-004
2.844365998371471e-009	-1.110468e-003
2.847295685871471e-009	-1.131687e-003
2.850225373371471e-009	-1.025507e-003
2.853155060871470e-009	-8.010493e-004
2.856084748371470e-009	-4.767287e-004
2.859014435871470e-009	-7.915973e-005
2.864873810871470e-009	7.999684e-004
2.867803498371469e-009	1.206984e-003
2.870733185871469e-009	1.544329e-003
2.873662873371469e-009	1.781975e-003
2.876592560871469e-009	1.897882e-003
2.879522248371469e-009	1.879856e-003
2.882451935871468e-009	1.726480e-003
2.885381623371468e-009	1.447029e-003
2.888311310871468e-009	1.060471e-003
2.891240998371468e-009	5.937023e-004
2.897100373371468e-009	-4.472726e-004
2.900030060871467e-009	-9.499096e-004
2.902959748371467e-009	-1.394921e-003
2.905889435871467e-009	-1.753286e-003
2.908819123371467e-009	-2.002912e-003
2.911748810871467e-009	-2.130474e-003
2.914678498371466e-009	-2.132727e-003
2.917608185871466e-009	-2.017094e-003
2.920537873371466e-009	-1.801356e-003
2.923467560871466e-009	-1.512346e-003
2.929326935871465e-009	-8.524272e-004
2.932256623371465e-009	-5.558304e-004
2.935186310871465e-009	-3.271650e-004
2.938115998371465e-009	-1.925330e-004
2.941045685871465e-009	-1.682215e-004
2.943975373371464e-009	-2.592111e-004
2.946905060871464e-009	-4.589502e-004
2.949834748371464e-009	-7.503717e-004
2.952764435871464e-009	-1.107958e-003
2.958623810871463e-009	-1.894425e-003
2.961553498371463e-009	-2.256521e-003
2.964483185871463e-009	-2.557056e-003
2.967412873371463e-009	-2.771732e-003
2.970342560871463e-009	-2.883192e-003
2.973272248371462e-009	-2.881792e-003
2.976201935871462e-009	-2.765792e-003
2.979131623371462e-009	-2.541063e-003
2.982061310871462e-009	-2.220435e-003
2.984990998371462e-009	-1.822732e-003
2.987920685871462e-009	-1.371517e-003
2.993780060871461e-009	-4.168532e-004
2.996709748371461e-009	3.127093e-005
2.999639435871461e-009	4.265716e-004
3.000000000000000e-009	4.707223e-004
