time	V(n_3p)
0.000000000000000e+000	0.000000e+000
1.953124965725918e-017	4.089948e-015
3.906249931451836e-017	8.178569e-015
7.812499862903672e-017	1.635316e-014
1.562499972580734e-016	3.268643e-014
3.124999945161469e-016	6.528939e-014
6.249999890322938e-016	1.302414e-013
1.249999978064588e-015	2.591331e-013
2.499999956129175e-015	5.128932e-013
4.999999912258350e-015	1.004528e-012
9.999999824516700e-015	1.925893e-012
1.999999964903340e-014	3.533691e-012
3.999999929806680e-014	5.904905e-012
7.999999859613360e-014	7.942260e-012
1.599999971922672e-013	5.365453e-012
3.199999943845344e-013	-6.710035e-012
6.399999887690688e-013	-1.074589e-011
1.279999977538138e-012	1.575694e-011
2.118904779660335e-012	-4.247212e-012
3.026810918367914e-012	-1.766068e-011
4.009801527918342e-012	2.376459e-011
5.270002533758624e-012	-1.088814e-012
6.593696722374912e-012	-3.039913e-011
7.889336899885739e-012	2.533172e-011
9.234898540390306e-012	2.545896e-011
1.072965415301110e-011	-4.406286e-011
1.198973581238835e-011	-2.510135e-011
1.306958479258413e-011	4.455104e-011
1.418218976665500e-011	6.021630e-011
1.535948115131472e-011	-1.421393e-011
1.666250173095660e-011	-8.713969e-011
1.787046056100778e-011	-4.547282e-011
1.942407128887721e-011	8.740623e-011
2.131174532666928e-011	8.614182e-011
2.316523496480467e-011	-9.828027e-011
2.511835996480467e-011	-1.405686e-010
2.707148496480467e-011	8.675158e-011
2.902460996480468e-011	2.218862e-010
3.097773496480468e-011	-2.366222e-012
3.274540555417031e-011	-2.843769e-010
3.449691118898354e-011	-2.491089e-010
3.594680614474211e-011	6.447080e-011
3.722234189023049e-011	3.719844e-010
3.864633666719616e-011	4.760332e-010
4.000000000000000e-011	2.294936e-010
4.012244252388508e-011	1.863615e-010
4.036732757165525e-011	1.101602e-010
4.085709766719560e-011	-7.038928e-011
4.156273683835473e-011	-3.621611e-010
4.297401518067300e-011	-6.992738e-010
4.471666784024020e-011	-6.018134e-010
4.649915346683062e-011	1.745909e-010
4.845227846683062e-011	1.036181e-009
5.040540346683062e-011	9.624656e-010
5.235852846683061e-011	-4.298026e-011
5.417444887725838e-011	-1.299437e-009
5.581546556455763e-011	-1.807040e-009
5.752760825402500e-011	-1.025748e-009
5.881435370929338e-011	2.119082e-010
5.992919331314812e-011	1.324163e-009
6.106676975030060e-011	2.202432e-009
6.226978074255396e-011	2.636837e-009
6.341561714737870e-011	2.410883e-009
6.470308469565599e-011	1.300374e-009
6.602109199175104e-011	-6.154556e-010
6.732000883428223e-011	-2.743673e-009
6.870853216137953e-011	-4.395327e-009
7.023856950507125e-011	-4.532603e-009
7.145273570079247e-011	-3.118421e-009
7.256890766119070e-011	-8.025051e-010
7.370151961728219e-011	2.081871e-009
7.494755251590934e-011	5.161208e-009
7.620492641777057e-011	7.382499e-009
7.747056679076871e-011	8.009745e-009
7.875165277691019e-011	6.548658e-009
8.005021001086547e-011	2.881584e-009
8.125530803587241e-011	-2.061830e-009
8.246004245757061e-011	-7.596596e-009
8.374509587248290e-011	-1.274532e-008
8.508330129835906e-011	-1.554531e-008
8.629721395716933e-011	-1.456180e-008
8.745680895447811e-011	-9.944674e-009
8.867416687565858e-011	-1.609548e-009
8.984336066381814e-011	8.498116e-009
9.102463938311073e-011	1.874098e-008
9.227684368555496e-011	2.691400e-008
9.348586658622811e-011	2.976560e-008
9.475778854102011e-011	2.568525e-008
9.605324302618740e-011	1.392509e-008
9.724507491209913e-011	-2.199236e-009
9.847103399688304e-011	-2.105446e-008
9.962887347573124e-011	-3.749702e-008
1.008857464060318e-010	-4.966774e-008
1.021370675772554e-010	-5.249696e-008
1.033534107245715e-010	-4.450493e-008
1.045867431799186e-010	-2.581998e-008
1.058274066671693e-010	1.203485e-009
1.070804000395142e-010	3.223176e-008
1.082454395351715e-010	5.925841e-008
1.094726214873504e-010	7.995529e-008
1.106562012167416e-010	8.770581e-008
1.117960405391084e-010	8.099953e-008
1.129506495007294e-010	5.944875e-008
1.140681404183879e-010	2.621430e-008
1.151988375153860e-010	-1.576214e-008
1.163768725449596e-010	-6.210933e-008
1.175434286601441e-010	-1.032041e-007
1.186832958707003e-010	-1.315652e-007
1.197973400541982e-010	-1.423551e-007
1.211043889248724e-010	-1.290814e-007
1.222812132890925e-010	-9.244302e-008
1.235845523163980e-010	-2.820824e-008
1.248092935465404e-010	4.781002e-008
1.260188796228972e-010	1.282878e-007
1.272360442342489e-010	2.043273e-007
1.283493077584518e-010	2.613327e-007
1.294866256412312e-010	3.006882e-007
1.306251582330368e-010	3.172892e-007
1.317951528942166e-010	3.099870e-007
1.330666591332884e-010	2.777112e-007
1.342881251319710e-010	2.301396e-007
1.354946040261823e-010	1.773128e-007
1.368251801651050e-010	1.260861e-007
1.380861282061659e-010	9.685903e-008
1.391940608142013e-010	9.501484e-008
1.403386341978295e-010	1.217130e-007
1.414400128708297e-010	1.762614e-007
1.425884121564560e-010	2.612389e-007
1.437045321836164e-010	3.661670e-007
1.448685564407555e-010	4.905296e-007
1.460266167112688e-010	6.189684e-007
1.472341115426731e-010	7.456632e-007
1.483900437776527e-010	8.493146e-007
1.495587635347404e-010	9.275865e-007
1.506864948444454e-010	9.721748e-007
1.518776599464739e-010	9.832012e-007
1.529966780114127e-010	9.594291e-007
1.541970455745279e-010	8.981814e-007
1.552970635163993e-010	8.099208e-007
1.564532281179863e-010	6.812577e-007
1.576311790182237e-010	5.027964e-007
1.587537616571388e-010	2.700947e-007
1.599751798087024e-010	-8.930249e-008
1.612215566839889e-010	-6.303090e-007
1.623608212259181e-010	-1.351877e-006
1.635878432420187e-010	-2.479700e-006
1.647809303315206e-010	-4.051289e-006
1.659410435189400e-010	-6.171685e-006
1.671221428219653e-010	-9.092963e-006
1.683166246230544e-010	-1.300765e-005
1.695329484098826e-010	-1.817728e-005
1.707643176938693e-010	-2.481815e-005
1.722640609060874e-010	-3.506901e-005
1.734445474797154e-010	-4.493831e-005
1.747070654347871e-010	-5.732235e-005
1.759380586802812e-010	-7.118829e-005
1.771679329063729e-010	-8.666589e-005
1.783407676124400e-010	-1.026822e-004
1.794530371847116e-010	-1.186445e-004
1.806171938875669e-010	-1.356029e-004
1.817571607311401e-010	-1.517232e-004
1.829720965277583e-010	-1.672325e-004
1.840840861588640e-010	-1.786354e-004
1.853250004943408e-010	-1.861490e-004
1.864602579968987e-010	-1.859737e-004
1.877195316583218e-010	-1.743616e-004
1.888742751769401e-010	-1.493864e-004
1.901226287440822e-010	-1.014327e-004
1.912868714129998e-010	-3.117806e-005
1.924462601436920e-010	7.038825e-005
1.936869088268916e-010	2.235145e-004
1.948473502624102e-010	4.184602e-004
1.960966540844579e-010	6.979883e-004
1.973044945197646e-010	1.051869e-003
1.986267364300793e-010	1.554486e-003
1.998478523196501e-010	2.146304e-003
2.000000000000000e-010	2.229526e-003
2.001309555026709e-010	2.303867e-003
2.003928665080126e-010	2.456070e-003
2.009166885186961e-010	2.782326e-003
2.018594180938861e-010	3.448619e-003
2.029931778737892e-010	4.398576e-003
2.041451889146585e-010	5.550499e-003
2.052361903907660e-010	6.835736e-003
2.064434060049051e-010	8.503841e-003
2.076823720738289e-010	1.051232e-002
2.088570766492389e-010	1.272021e-002
2.100951222064422e-010	1.539462e-002
2.112319431053189e-010	1.818624e-002
2.124071273906778e-010	2.143092e-002
2.135545681341058e-010	2.496784e-002
2.146160898907304e-010	2.857661e-002
2.155371116602468e-010	3.197684e-002
2.164625605314712e-010	3.564973e-002
2.174744538152530e-010	3.996259e-002
2.185850296111097e-010	4.505387e-002
2.197426552310679e-010	5.075707e-002
2.209699940411231e-010	5.723812e-002
2.221395723274206e-010	6.381910e-002
2.234349338954947e-010	7.155008e-002
2.246565062211334e-010	7.924479e-002
2.259476980614715e-010	8.777516e-002
2.271696158823037e-010	9.619397e-002
2.283159046645185e-010	1.043690e-001
2.295014353586012e-010	1.130755e-001
2.306431503983184e-010	1.216725e-001
2.317525661421263e-010	1.301974e-001
2.329317123088548e-010	1.394115e-001
2.340379251906773e-010	1.481711e-001
2.352870438289814e-010	1.581606e-001
2.364329682394334e-010	1.673860e-001
2.375571349863812e-010	1.764635e-001
2.387019007256223e-010	1.857068e-001
2.398537927409210e-010	1.949790e-001
2.400000000000000e-010	1.961527e-001
2.401038659003948e-010	1.969856e-001
2.403115977011843e-010	1.986504e-001
2.407270613027633e-010	2.019733e-001
2.414213911397781e-010	2.075030e-001
2.422401034423540e-010	2.139787e-001
2.431645038801250e-010	2.212211e-001
2.441404528048351e-010	2.287733e-001
2.452061272259013e-010	2.368907e-001
2.463936720898707e-010	2.457536e-001
2.475927252444526e-010	2.544799e-001
2.486873028197685e-010	2.622274e-001
2.498063940424411e-010	2.699102e-001
2.508359106024630e-010	2.767473e-001
2.519734768481870e-010	2.840243e-001
2.530200876143005e-010	2.904456e-001
2.541148919749520e-010	2.968648e-001
2.551407657295717e-010	3.025903e-001
2.564259339504479e-010	3.093496e-001
2.575864512865953e-010	3.150449e-001
2.587749164668190e-010	3.204642e-001
2.598925873068433e-010	3.251724e-001
2.610353332375186e-010	3.295938e-001
2.621558352798889e-010	3.335441e-001
2.632182419832943e-010	3.369405e-001
2.642918673016533e-010	3.400336e-001
2.654360843877756e-010	3.429649e-001
2.666203109615912e-010	3.456164e-001
2.677621644354750e-010	3.478221e-001
2.690229977810918e-010	3.498823e-001
2.700375270307720e-010	3.512725e-001
2.711804380650859e-010	3.525769e-001
2.722270334654263e-010	3.535485e-001
2.734610266615897e-010	3.544497e-001
2.746792651593112e-010	3.551105e-001
2.758612707414624e-010	3.555644e-001
2.770606686062196e-010	3.558661e-001
2.782528275498791e-010	3.560346e-001
2.793606640785151e-010	3.560959e-001
2.805278453703369e-010	3.560822e-001
2.816385776769510e-010	3.560115e-001
2.828746864848317e-010	3.558843e-001
2.839796879259230e-010	3.557395e-001
2.850283948072815e-010	3.555838e-001
2.860817395855279e-010	3.554156e-001
2.872723260400729e-010	3.552170e-001
2.883272574423080e-010	3.550365e-001
2.894171624031107e-010	3.548476e-001
2.905682029510009e-010	3.546463e-001
2.917878867185610e-010	3.544311e-001
2.929640093488364e-010	3.542212e-001
2.940994343162662e-010	3.540159e-001
2.952422814999627e-010	3.538064e-001
2.964744024635963e-010	3.535782e-001
2.976405437289885e-010	3.533615e-001
2.987959683518781e-010	3.531490e-001
2.998852683762914e-010	3.529542e-001
3.009052699833904e-010	3.527808e-001
3.020079787162790e-010	3.526087e-001
3.030880880200096e-010	3.524618e-001
3.042869120593395e-010	3.523329e-001
3.053344857870760e-010	3.522574e-001
3.064649784286247e-010	3.522241e-001
3.075224780328054e-010	3.522466e-001
3.087386810077587e-010	3.523470e-001
3.099512253553340e-010	3.525372e-001
3.111352611382504e-010	3.528195e-001
3.122704798919650e-010	3.531876e-001
3.133963320276127e-010	3.536529e-001
3.145142377985245e-010	3.542181e-001
3.156635001888482e-010	3.549091e-001
3.168019176486531e-010	3.557045e-001
3.179382947870429e-010	3.566079e-001
3.190789141593433e-010	3.576220e-001
3.202195717225583e-010	3.587393e-001
3.213495098565098e-010	3.599422e-001
3.224158511198339e-010	3.611587e-001
3.235493616091914e-010	3.625304e-001
3.246276406034255e-010	3.639022e-001
3.257015451113745e-010	3.653248e-001
3.267793918003825e-010	3.668002e-001
3.278939653748354e-010	3.683665e-001
3.290235159291832e-010	3.699858e-001
3.301824280505183e-010	3.716700e-001
3.312218609969407e-010	3.731919e-001
3.322613249993788e-010	3.747170e-001
3.334749303734599e-010	3.764924e-001
3.345844450120015e-010	3.781033e-001
3.357221024492510e-010	3.797358e-001
3.368080956022277e-010	3.812703e-001
3.379614657140197e-010	3.828692e-001
3.390699217148537e-010	3.843714e-001
3.401850486991467e-010	3.858449e-001
3.413879173211806e-010	3.873881e-001
3.425067684059047e-010	3.887775e-001
3.436567399064289e-010	3.901561e-001
3.447472439839534e-010	3.914148e-001
3.459067787037745e-010	3.926982e-001
3.470240207215656e-010	3.938783e-001
3.482126966912858e-010	3.950692e-001
3.493624768409633e-010	3.961538e-001
3.505152776064799e-010	3.971704e-001
3.515813717789290e-010	3.980431e-001
3.526242210240149e-010	3.988300e-001
3.538078559190633e-010	3.996377e-001
3.549079637462752e-010	4.003021e-001
3.560237316793710e-010	4.008857e-001
3.571173135805848e-010	4.013650e-001
3.583024658057302e-010	4.017758e-001
3.594209416127876e-010	4.020563e-001
3.606228996987999e-010	4.022386e-001
3.617407433746514e-010	4.022960e-001
3.629102721662833e-010	4.022405e-001
3.640643390350039e-010	4.020718e-001
3.652340686324921e-010	4.017898e-001
3.663464919590350e-010	4.014236e-001
3.675319606728376e-010	4.009368e-001
3.686839695534394e-010	4.003786e-001
3.699088275692729e-010	3.997071e-001
3.711330901771256e-010	3.989718e-001
3.722549214561023e-010	3.982572e-001
3.734087130937649e-010	3.974981e-001
3.745727838350507e-010	3.967243e-001
3.756537559218630e-010	3.960137e-001
3.767703844118924e-010	3.953028e-001
3.778716894655323e-010	3.946384e-001
3.789834880277819e-010	3.940177e-001
3.801906999229804e-010	3.934143e-001
3.812951250750934e-010	3.929368e-001
3.824445384447571e-010	3.925241e-001
3.835649389308655e-010	3.922102e-001
3.845851043709823e-010	3.920033e-001
3.857134242701353e-010	3.918627e-001
3.868474139989566e-010	3.918132e-001
3.878917421535586e-010	3.918454e-001
3.889357254929074e-010	3.919467e-001
3.900950316361616e-010	3.921312e-001
3.912469857554009e-010	3.923781e-001
3.924000887454600e-010	3.926741e-001
3.935053508150096e-010	3.929882e-001
3.945386956907718e-010	3.932940e-001
3.956351599018895e-010	3.936138e-001
3.967768072426150e-010	3.939213e-001
3.979320346342344e-010	3.941823e-001
3.990934978237430e-010	3.943678e-001
4.002376204223275e-010	3.944485e-001
4.014743161105213e-010	3.943891e-001
4.026017103460065e-010	3.941734e-001
4.037620313294209e-010	3.937596e-001
4.049043974764471e-010	3.931324e-001
4.060543034062966e-010	3.922507e-001
4.072445371527510e-010	3.910418e-001
4.084117610185151e-010	3.895334e-001
4.095695507155162e-010	3.876924e-001
4.106802292659443e-010	3.855792e-001
4.117854296491532e-010	3.831175e-001
4.129012750535931e-010	3.802498e-001
4.140369122482782e-010	3.769202e-001
4.151385071202886e-010	3.732814e-001
4.163092067376261e-010	3.689623e-001
4.174160952680340e-010	3.644449e-001
4.185683837380030e-010	3.592927e-001
4.197055722494474e-010	3.537616e-001
4.208576241980049e-010	3.477137e-001
4.219980507265690e-010	3.412986e-001
4.231223078962427e-010	3.345732e-001
4.243106138035561e-010	3.270541e-001
4.255194929695209e-010	3.189998e-001
4.266460047296234e-010	3.111550e-001
4.277633150896954e-010	3.030813e-001
4.289739607751548e-010	2.940407e-001
4.301102770149929e-010	2.853140e-001
4.312954741072312e-010	2.760037e-001
4.323321233021712e-010	2.677175e-001
4.333812746022540e-010	2.592272e-001
4.344351353997056e-010	2.506227e-001
4.355479364638348e-010	2.414876e-001
4.366723867213442e-010	2.322396e-001
4.378013314264828e-010	2.229725e-001
4.389372495812868e-010	2.137010e-001
4.400923563949740e-010	2.043622e-001
4.412334731117034e-010	1.952584e-001
4.424180788775868e-010	1.859703e-001
4.435450066279902e-010	1.773185e-001
4.446718042049076e-010	1.688755e-001
4.459029758162826e-010	1.599195e-001
4.471550824251183e-010	1.511309e-001
4.483100058992534e-010	1.433369e-001
4.494369179845715e-010	1.360431e-001
4.506282712741316e-010	1.286881e-001
4.517834520842482e-010	1.219237e-001
4.529453115379985e-010	1.155012e-001
4.540915968565120e-010	1.095522e-001
4.553354863086308e-010	1.035438e-001
4.564676765021166e-010	9.848669e-002
4.576560001020371e-010	9.360531e-002
4.588014643162434e-010	8.931407e-002
4.599382666254748e-010	8.545451e-002
4.610632398186662e-010	8.202081e-002
4.621809700993884e-010	7.898037e-002
4.632812381604384e-010	7.633728e-002
4.644651173501773e-010	7.386445e-002
4.655918853765996e-010	7.184986e-002
4.667218649744783e-010	7.014005e-002
4.678997163370690e-010	6.866325e-002
4.690458297555677e-010	6.749857e-002
4.701849244324295e-010	6.657857e-002
4.713104714314331e-010	6.587335e-002
4.725699397710130e-010	6.528767e-002
4.737292364642330e-010	6.490562e-002
4.749036814920490e-010	6.463824e-002
4.760037523022208e-010	6.446930e-002
4.771426324306757e-010	6.435000e-002
4.782350744684152e-010	6.426568e-002
4.794285092492348e-010	6.418253e-002
4.806048794252014e-010	6.408826e-002
4.817503789356372e-010	6.396691e-002
4.828739729536255e-010	6.380621e-002
4.840138466131138e-010	6.359115e-002
4.851781631088467e-010	6.331082e-002
4.863527916957875e-010	6.296276e-002
4.875068393274814e-010	6.255731e-002
4.886501453278232e-010	6.209686e-002
4.898652799909741e-010	6.154992e-002
4.910886035506805e-010	6.094859e-002
4.922332570658118e-010	6.034966e-002
4.934376140635965e-010	5.969312e-002
4.945684744306652e-010	5.906227e-002
4.957225396625328e-010	5.841428e-002
4.968775620771618e-010	5.777049e-002
4.980151209029787e-010	5.714847e-002
4.990871948545403e-010	5.657819e-002
5.002654559227280e-010	5.597293e-002
5.014035194006387e-010	5.541095e-002
5.025593142411851e-010	5.486199e-002
5.036763277196019e-010	5.434914e-002
5.047909480103915e-010	5.384959e-002
5.059265521130314e-010	5.334606e-002
5.071243963295645e-010	5.281103e-002
5.082781647500815e-010	5.228119e-002
5.094091961149147e-010	5.173667e-002
5.105356675098918e-010	5.115832e-002
5.118232197943260e-010	5.043864e-002
5.130855359545650e-010	4.965806e-002
5.142457839171446e-010	4.886334e-002
5.153965909529668e-010	4.799245e-002
5.164701510468434e-010	4.709928e-002
5.176018794021239e-010	4.606806e-002
5.187455372012408e-010	4.492900e-002
5.199441316889791e-010	4.362879e-002
5.210703623001990e-010	4.230808e-002
5.221942066009394e-010	4.089669e-002
5.233336987304982e-010	3.937412e-002
5.246676682625926e-010	3.748213e-002
5.258386467033756e-010	3.573161e-002
5.270401192280416e-010	3.385774e-002
5.281657528878368e-010	3.203926e-002
5.293222299691322e-010	3.011678e-002
5.304424123437419e-010	2.821083e-002
5.315550869244344e-010	2.628315e-002
5.327597524909889e-010	2.416623e-002
5.339467411566183e-010	2.205825e-002
5.350932677207064e-010	2.000837e-002
5.362518897680436e-010	1.792930e-002
5.375197886175771e-010	1.565149e-002
5.387780241839276e-010	1.339351e-002
5.399891527639612e-010	1.122643e-002
5.411523032687469e-010	9.154057e-003
5.422550151262520e-010	7.199571e-003
5.434108846591709e-010	5.163689e-003
5.445543877273761e-010	3.164722e-003
5.457706225396471e-010	1.058115e-003
5.469091189897771e-010	-8.923292e-004
5.480649147776542e-010	-2.846890e-003
5.492288890813450e-010	-4.784055e-003
5.504407336416931e-010	-6.760579e-003
5.517026172208382e-010	-8.765721e-003
5.529014273374174e-010	-1.061049e-002
5.540628285512765e-010	-1.233130e-002
5.552493889195722e-010	-1.401044e-002
5.564304703587074e-010	-1.559075e-002
5.575754404528713e-010	-1.702458e-002
5.587226584123373e-010	-1.835328e-002
5.599125759692752e-010	-1.960628e-002
5.610417433082873e-010	-2.066838e-002
5.622078484924567e-010	-2.162748e-002
5.633566139092366e-010	-2.242964e-002
5.644629171369613e-010	-2.306488e-002
5.655357496402797e-010	-2.355120e-002
5.667449066560093e-010	-2.394781e-002
5.678809867325809e-010	-2.417825e-002
5.690126831067444e-010	-2.427763e-002
5.701048229332631e-010	-2.425885e-002
5.712293662069787e-010	-2.413291e-002
5.724089874471644e-010	-2.389893e-002
5.736035551802425e-010	-2.357289e-002
5.747288333447268e-010	-2.320074e-002
5.759480313088190e-010	-2.274676e-002
5.771143085615326e-010	-2.228216e-002
5.782997565467908e-010	-2.179923e-002
5.794938562932528e-010	-2.132052e-002
5.806504316284167e-010	-2.088051e-002
5.817649911793952e-010	-2.049162e-002
5.829255345249402e-010	-2.013479e-002
5.840526306326892e-010	-1.984369e-002
5.853305711612225e-010	-1.958730e-002
5.865149135004865e-010	-1.942327e-002
5.876754466331613e-010	-1.933194e-002
5.887490949065311e-010	-1.930683e-002
5.898305917271154e-010	-1.933551e-002
5.909268437802729e-010	-1.941441e-002
5.920260409595712e-010	-1.953688e-002
5.931069991793049e-010	-1.969171e-002
5.942719201874437e-010	-1.988655e-002
5.954781218830154e-010	-2.010693e-002
5.966533298524584e-010	-2.032766e-002
5.977603747492156e-010	-2.053016e-002
5.989535304466792e-010	-2.073096e-002
6.001314621167577e-010	-2.090081e-002
6.012743455899937e-010	-2.102932e-002
6.025065179384933e-010	-2.111855e-002
6.038706910104679e-010	-2.114797e-002
6.050620428830903e-010	-2.110757e-002
6.061534798478445e-010	-2.101243e-002
6.072625733003947e-010	-2.085631e-002
6.084824737413870e-010	-2.061379e-002
6.096743641730967e-010	-2.030470e-002
6.108367137283512e-010	-1.993506e-002
6.119381930945637e-010	-1.952375e-002
6.131037970541044e-010	-1.902569e-002
6.142212327085927e-010	-1.848977e-002
6.154324240447977e-010	-1.784730e-002
6.165565371610843e-010	-1.719664e-002
6.177934233678344e-010	-1.642403e-002
6.189131911404823e-010	-1.567673e-002
6.200853333202264e-010	-1.484962e-002
6.212040029070180e-010	-1.402100e-002
6.223149907910068e-010	-1.316386e-002
6.234436655898356e-010	-1.226211e-002
6.245541047308906e-010	-1.134857e-002
6.257535694914927e-010	-1.033764e-002
6.268803071077657e-010	-9.370315e-003
6.279635759646217e-010	-8.429402e-003
6.290667285845013e-010	-7.465906e-003
6.301256703665858e-010	-6.541633e-003
6.313086218292954e-010	-5.517432e-003
6.324369718765899e-010	-4.556410e-003
6.335772716567447e-010	-3.609696e-003
6.346813365141168e-010	-2.725017e-003
6.358504227996014e-010	-1.832360e-003
6.369648344887591e-010	-1.033038e-003
6.380787780971957e-010	-2.938624e-004
6.392405574056349e-010	4.033269e-004
6.403638404550798e-010	9.965233e-004
6.415471707881423e-010	1.525556e-003
6.427024195623069e-010	1.938412e-003
6.438471512700909e-010	2.238796e-003
6.450669775933298e-010	2.432564e-003
6.462143993998426e-010	2.490743e-003
6.473842663430167e-010	2.422569e-003
6.486484941651338e-010	2.202269e-003
6.497969530332802e-010	1.870372e-003
6.509242219773455e-010	1.424720e-003
6.520519376357895e-010	8.638899e-004
6.531903096096758e-010	1.866865e-004
6.543157807592193e-010	-5.854961e-004
6.555300757416340e-010	-1.523147e-003
6.566955080855954e-010	-2.514220e-003
6.578458031578669e-010	-3.567996e-003
6.590875089828434e-010	-4.775030e-003
6.602196345351828e-010	-5.925103e-003
6.613368847311695e-010	-7.093091e-003
6.625274577335195e-010	-8.359272e-003
6.636345836000362e-010	-9.543750e-003
6.647471458281706e-010	-1.072810e-002
6.658790469158717e-010	-1.191451e-002
6.670440023688373e-010	-1.310325e-002
6.681933812393856e-010	-1.423187e-002
6.692837183399178e-010	-1.525155e-002
6.704534405751747e-010	-1.627960e-002
6.715920696032831e-010	-1.720540e-002
6.727038944073848e-010	-1.802970e-002
6.738522569288988e-010	-1.879056e-002
6.750301976247933e-010	-1.946813e-002
6.761756881362148e-010	-2.002089e-002
6.772840078476203e-010	-2.045120e-002
6.784534882885603e-010	-2.078953e-002
6.795721550321999e-010	-2.099899e-002
6.807118383111356e-010	-2.109551e-002
6.819078660415994e-010	-2.106891e-002
6.830989411741678e-010	-2.091253e-002
6.842424177831070e-010	-2.064192e-002
6.854001696974233e-010	-2.025054e-002
6.865542046804328e-010	-1.974697e-002
6.876851619161923e-010	-1.914880e-002
6.888350676401479e-010	-1.844102e-002
6.899593432379731e-010	-1.765943e-002
6.911329619453743e-010	-1.675838e-002
6.922700393021987e-010	-1.581234e-002
6.936326483467984e-010	-1.459975e-002
6.948650814788709e-010	-1.344371e-002
6.959257936842490e-010	-1.241566e-002
6.971157622482931e-010	-1.123949e-002
6.982345276461175e-010	-1.012351e-002
6.993844025140158e-010	-8.978852e-003
7.005584161351672e-010	-7.825131e-003
7.017011422203752e-010	-6.728148e-003
7.029234534087407e-010	-5.595186e-003
7.040536932650679e-010	-4.594162e-003
7.052061313631735e-010	-3.628021e-003
7.064060494698280e-010	-2.687906e-003
7.075719063259138e-010	-1.844338e-003
7.087532663341677e-010	-1.063801e-003
7.099487595789200e-010	-3.522967e-004
7.111108417860501e-010	2.632187e-004
7.122373431094176e-010	7.892292e-004
7.133937861016927e-010	1.259272e-003
7.145778941784914e-010	1.671017e-003
7.157689616881314e-010	2.019472e-003
7.169869045684181e-010	2.314415e-003
7.181398971409893e-010	2.543479e-003
7.193674982236502e-010	2.742404e-003
7.204915573334406e-010	2.891663e-003
7.216393614108783e-010	3.019973e-003
7.228003017256392e-010	3.133426e-003
7.239694341505685e-010	3.239844e-003
7.251274142612821e-010	3.346100e-003
7.262870160572866e-010	3.461796e-003
7.275056801568437e-010	3.602392e-003
7.286362651928870e-010	3.757841e-003
7.298879772572215e-010	3.966714e-003
7.310425361513039e-010	4.200614e-003
7.321891602197933e-010	4.478498e-003
7.333146185059418e-010	4.800795e-003
7.345362337083829e-010	5.211702e-003
7.357882129957414e-010	5.703936e-003
7.369340737039030e-010	6.221329e-003
7.380213942734695e-010	6.773981e-003
7.391173207906258e-010	7.393498e-003
7.403403209898879e-010	8.160022e-003
7.414900047192624e-010	8.953010e-003
7.426310347007982e-010	9.808560e-003
7.438474738502048e-010	1.079368e-002
7.449681065118764e-010	1.176500e-002
7.461845623048657e-010	1.288397e-002
7.474211160026011e-010	1.408414e-002
7.486609980379192e-010	1.534314e-002
7.498940039048935e-010	1.664111e-002
7.510467346847522e-010	1.788686e-002
7.521822367619896e-010	1.913496e-002
7.533345345861042e-010	2.041261e-002
7.545529787167206e-010	2.176362e-002
7.557519861064858e-010	2.308038e-002
7.568821861399462e-010	2.429822e-002
7.580234077389907e-010	2.549323e-002
7.591369457866722e-010	2.661484e-002
7.602400679130089e-010	2.767245e-002
7.613507196300320e-010	2.867369e-002
7.624924383089630e-010	2.962678e-002
7.636186705273027e-010	3.048251e-002
7.647564056629546e-010	3.125385e-002
7.659136942110416e-010	3.193533e-002
7.671194875396824e-010	3.252848e-002
7.683237134284155e-010	3.299700e-002
7.694463116485437e-010	3.331954e-002
7.705941070840350e-010	3.353420e-002
7.717528666448489e-010	3.363330e-002
7.729973047165497e-010	3.361046e-002
7.742344596915499e-010	3.345933e-002
7.753729680218422e-010	3.321223e-002
7.765276305055977e-010	3.286225e-002
7.776379268209066e-010	3.243801e-002
7.787693644244884e-010	3.192489e-002
7.799127358200583e-010	3.133188e-002
7.811779421997668e-010	3.059942e-002
7.823300534829786e-010	2.987260e-002
7.835053102369019e-010	2.908278e-002
7.846964648125481e-010	2.824241e-002
7.858305326224595e-010	2.741393e-002
7.870172914424475e-010	2.652628e-002
7.881357638413345e-010	2.567767e-002
7.893753165101879e-010	2.473156e-002
7.905093805060570e-010	2.386677e-002
7.916422805337172e-010	2.300878e-002
7.927877267456855e-010	2.215140e-002
7.940767924176382e-010	2.120278e-002
7.952978567591148e-010	2.032300e-002
7.965189338761132e-010	1.946354e-002
7.976496344030335e-010	1.868685e-002
7.988704498221928e-010	1.786942e-002
8.001065755167138e-010	1.706411e-002
8.013620448180904e-010	1.626882e-002
8.024946851195825e-010	1.557035e-002
8.036463915754203e-010	1.487796e-002
8.047439672089881e-010	1.423427e-002
8.059209551746606e-010	1.356089e-002
8.072028618722019e-010	1.284668e-002
8.083642970970167e-010	1.221634e-002
8.095436698151946e-010	1.159208e-002
8.106622916678593e-010	1.101430e-002
8.118233221373779e-010	1.042894e-002
8.130002560590557e-010	9.849907e-003
8.142390939227693e-010	9.255243e-003
8.154319589039982e-010	8.696041e-003
8.165781321998977e-010	8.169936e-003
8.177784291212208e-010	7.629194e-003
8.190315579987529e-010	7.073686e-003
8.201810499948532e-010	6.570059e-003
8.213206733388265e-010	6.073984e-003
8.224888066629090e-010	5.566197e-003
8.236121844970350e-010	5.075923e-003
8.247210481827224e-010	4.587519e-003
8.258587641732156e-010	4.079156e-003
8.270528475247246e-010	3.534923e-003
8.281930466892506e-010	3.002656e-003
8.293518385940869e-010	2.447023e-003
8.304920156592541e-010	1.884367e-003
8.316175744553167e-010	1.312510e-003
8.327640965432592e-010	7.129873e-004
8.341031887562308e-010	-8.205587e-006
8.352555256250371e-010	-6.454231e-004
8.364229683197303e-010	-1.304196e-003
8.375958213131571e-010	-1.976139e-003
8.387858470504163e-010	-2.664018e-003
8.400932845474075e-010	-3.420594e-003
8.412214761310449e-010	-4.068560e-003
8.423771702842108e-010	-4.721362e-003
8.435518797157542e-010	-5.367023e-003
8.446942825142566e-010	-5.971125e-003
8.458687568741275e-010	-6.560797e-003
8.471852782530327e-010	-7.175378e-003
8.484207773139336e-010	-7.699787e-003
8.495743976635969e-010	-8.137254e-003
8.508060077490915e-010	-8.542605e-003
8.519769659344670e-010	-8.864267e-003
8.531598917574667e-010	-9.122321e-003
8.543161289358290e-010	-9.307008e-003
8.554939133282421e-010	-9.424926e-003
8.566086734457609e-010	-9.470854e-003
8.577503844239839e-010	-9.452282e-003
8.589244428962302e-010	-9.365625e-003
8.600712916717914e-010	-9.217424e-003
8.611756781809825e-010	-9.018568e-003
8.623204118659383e-010	-8.758430e-003
8.636045924801345e-010	-8.407239e-003
8.647560340111985e-010	-8.044796e-003
8.659309261971270e-010	-7.635175e-003
8.670735786504389e-010	-7.204463e-003
8.682664691915619e-010	-6.727737e-003
8.693861801932890e-010	-6.261297e-003
8.706039209066629e-010	-5.740379e-003
8.717450164374014e-010	-5.245590e-003
8.729006153767468e-010	-4.744188e-003
8.740169248238398e-010	-4.264951e-003
8.751659592589245e-010	-3.782311e-003
8.763912757081434e-010	-3.285296e-003
8.775363801384928e-010	-2.842255e-003
8.787154608803259e-010	-2.412614e-003
8.799428070163371e-010	-1.998846e-003
8.811229553004389e-010	-1.637493e-003
8.822793254206877e-010	-1.321983e-003
8.836795441398323e-010	-9.960695e-004
8.849739899738687e-010	-7.536912e-004
8.861570991660158e-010	-5.850194e-004
8.872836963194525e-010	-4.737258e-004
8.884343445244543e-010	-4.116331e-004
8.896903762183960e-010	-4.050417e-004
8.908559065393017e-010	-4.570440e-004
8.920675645014757e-010	-5.708086e-004
8.933482426870386e-010	-7.567579e-004
8.945838351089455e-010	-9.988266e-004
8.957323407971802e-010	-1.277053e-003
8.970025295729999e-010	-1.641153e-003
8.981617328208216e-010	-2.021517e-003
8.993394755681946e-010	-2.450403e-003
9.004634980554071e-010	-2.894956e-003
9.016404234145228e-010	-3.391639e-003
9.028792692248121e-010	-3.942046e-003
9.040438703665547e-010	-4.478467e-003
9.051726684503668e-010	-5.009331e-003
9.063205860033627e-010	-5.553550e-003
9.074226839939342e-010	-6.074085e-003
9.086093781686279e-010	-6.625610e-003
9.099006657180687e-010	-7.207362e-003
9.110501097854119e-010	-7.702871e-003
9.122436436712889e-010	-8.189194e-003
9.134873045136522e-010	-8.660094e-003
9.146286859985556e-010	-9.056245e-003
9.159584226397532e-010	-9.470492e-003
9.171294311786906e-010	-9.791160e-003
9.183634329035974e-010	-1.008329e-002
9.194841341096085e-010	-1.030802e-002
9.207344248999147e-010	-1.051443e-002
9.220127187024769e-010	-1.067967e-002
9.232320271996032e-010	-1.079755e-002
9.243599792459772e-010	-1.087569e-002
9.255593893896200e-010	-1.093070e-002
9.266994601730567e-010	-1.096071e-002
9.279151363737153e-010	-1.097437e-002
9.292108957797917e-010	-1.097475e-002
9.303821394326873e-010	-1.096839e-002
9.316185008037944e-010	-1.096112e-002
9.327455587030650e-010	-1.095893e-002
9.338484650924758e-010	-1.096524e-002
9.350633934902440e-010	-1.098635e-002
9.362269513775502e-010	-1.102417e-002
9.373569333287633e-010	-1.108036e-002
9.385691842095512e-010	-1.116446e-002
9.398568225689788e-010	-1.128259e-002
9.410164641109403e-010	-1.141508e-002
9.423366962870105e-010	-1.159563e-002
9.435546595747872e-010	-1.178887e-002
9.448052809736489e-010	-1.201132e-002
9.460482711534670e-010	-1.225300e-002
9.472624030353137e-010	-1.250457e-002
9.485000387000608e-010	-1.277157e-002
9.498686730992925e-010	-1.307196e-002
9.510348305010417e-010	-1.332604e-002
9.522601395686303e-010	-1.358418e-002
9.534893458570955e-010	-1.382718e-002
9.546901377252828e-010	-1.404228e-002
9.561942299965962e-010	-1.427004e-002
9.576097738351939e-010	-1.443209e-002
9.587477755804464e-010	-1.451886e-002
9.599646764762720e-010	-1.456269e-002
9.611541509383574e-010	-1.455187e-002
9.625865464313613e-010	-1.446238e-002
9.637812305015966e-010	-1.432011e-002
9.649207925018477e-010	-1.412443e-002
9.661150706588888e-010	-1.385488e-002
9.673498871437816e-010	-1.350595e-002
9.686910217998518e-010	-1.304628e-002
9.698925049721591e-010	-1.256429e-002
9.711802150369727e-010	-1.197651e-002
9.724567789061152e-010	-1.132461e-002
9.736940743597017e-010	-1.063136e-002
9.749815697810042e-010	-9.851414e-003
9.763312853688828e-010	-8.976858e-003
9.774967708509824e-010	-8.181079e-003
9.787460014749523e-010	-7.293822e-003
9.799907361106148e-010	-6.382100e-003
9.812635348125283e-010	-5.429911e-003
9.826407954680365e-010	-4.387453e-003
9.838360536023868e-010	-3.481048e-003
9.850930136890451e-010	-2.535260e-003
9.862412104777081e-010	-1.685132e-003
9.875880222105659e-010	-7.142261e-004
9.889259673032095e-010	2.129403e-004
9.901206383731916e-010	1.001790e-003
9.912575388419357e-010	1.712275e-003
9.924862956768477e-010	2.430157e-003
9.937426228248568e-010	3.104826e-003
9.950982298695912e-010	3.759560e-003
9.964478184019018e-010	4.330677e-003
9.975968425808212e-010	4.750308e-003
9.988635773646150e-010	5.139402e-003
1.000111251941819e-009	5.445832e-003
1.001391282560045e-009	5.680394e-003
1.002799706299618e-009	5.845658e-003
1.003967832612729e-009	5.910221e-003
1.005263036122603e-009	5.907482e-003
1.006512351377224e-009	5.833955e-003
1.007856087548433e-009	5.681926e-003
1.009237227546626e-009	5.453012e-003
1.010429692634595e-009	5.201599e-003
1.011721678337531e-009	4.879676e-003
1.012969490811542e-009	4.526420e-003
1.014279830472958e-009	4.118505e-003
1.015703242300947e-009	3.642204e-003
1.017047065717307e-009	3.170249e-003
1.018278896714655e-009	2.726712e-003
1.019500498875301e-009	2.283874e-003
1.020859418384107e-009	1.796189e-003
1.022264501713447e-009	1.306441e-003
1.023631418663077e-009	8.527532e-004
1.024812557498806e-009	4.847849e-004
1.026080360941996e-009	1.202728e-004
1.027355457267786e-009	-2.097612e-004
1.028841175340355e-009	-5.424187e-004
1.030086542821759e-009	-7.748338e-004
1.031254900005176e-009	-9.521894e-004
1.032516586183271e-009	-1.098145e-003
1.033815883300849e-009	-1.198493e-003
1.035133465654958e-009	-1.248901e-003
1.036364149413446e-009	-1.250480e-003
1.037549402581777e-009	-1.212252e-003
1.038826870269964e-009	-1.130120e-003
1.040136963024797e-009	-1.005440e-003
1.041488592304942e-009	-8.386546e-004
1.042917485057670e-009	-6.263971e-004
1.044138896472639e-009	-4.208166e-004
1.045443627838102e-009	-1.825028e-004
1.046743889785485e-009	6.847866e-005
1.048069406581725e-009	3.319926e-004
1.049524840656580e-009	6.227947e-004
1.050874909533126e-009	8.873693e-004
1.052120478415222e-009	1.121690e-003
1.053425953496750e-009	1.352182e-003
1.054820294948784e-009	1.576178e-003
1.056249847353240e-009	1.777010e-003
1.057464001098610e-009	1.921362e-003
1.058788873643025e-009	2.048385e-003
1.060090799210123e-009	2.140038e-003
1.061413257856787e-009	2.197790e-003
1.062891625346067e-009	2.218963e-003
1.064237859189917e-009	2.198065e-003
1.065508682762907e-009	2.143545e-003
1.066882611963966e-009	2.047722e-003
1.068257072580405e-009	1.915378e-003
1.069720954455147e-009	1.737294e-003
1.071050879628429e-009	1.545506e-003
1.072323696744490e-009	1.338633e-003
1.073710665770669e-009	1.091613e-003
1.075027938278104e-009	8.406243e-004
1.076262346941214e-009	5.952643e-004
1.077472942177351e-009	3.492625e-004
1.078788658918245e-009	8.080517e-005
1.080218218660783e-009	-2.059672e-004
1.081503369871020e-009	-4.539181e-004
1.082736703609836e-009	-6.781326e-004
1.083941318825166e-009	-8.798533e-004
1.085271951525246e-009	-1.077999e-003
1.086646041675966e-009	-1.250432e-003
1.088020826041510e-009	-1.385391e-003
1.089308107769873e-009	-1.473926e-003
1.090521164270656e-009	-1.521149e-003
1.091860370040182e-009	-1.530095e-003
1.093238860194480e-009	-1.490223e-003
1.094718978933780e-009	-1.390952e-003
1.096094094472153e-009	-1.246456e-003
1.097300183128313e-009	-1.079166e-003
1.098657440478071e-009	-8.475726e-004
1.100001193717484e-009	-5.758959e-004
1.101352926118158e-009	-2.638953e-004
1.102700261140522e-009	8.111765e-005
1.103909517876015e-009	4.154317e-004
1.105136551819654e-009	7.739060e-004
1.106439127590205e-009	1.170326e-003
1.107886731621831e-009	1.622854e-003
1.109285413674886e-009	2.064576e-003
1.110503004856206e-009	2.446750e-003
1.111877860255604e-009	2.868823e-003
1.113186446601979e-009	3.255316e-003
1.114576846108380e-009	3.643147e-003
1.115828120852657e-009	3.967123e-003
1.117041768907988e-009	4.254551e-003
1.118403488852824e-009	4.541369e-003
1.119790068903096e-009	4.790741e-003
1.121463777985989e-009	5.029502e-003
1.122751928221325e-009	5.164462e-003
1.123948746933913e-009	5.250421e-003
1.125309448539673e-009	5.301312e-003
1.126706034761348e-009	5.301702e-003
1.128209700805146e-009	5.244300e-003
1.129444110356146e-009	5.153582e-003
1.130643472646271e-009	5.029364e-003
1.132001036247458e-009	4.848221e-003
1.133379270789888e-009	4.623350e-003
1.134806969392486e-009	4.350923e-003
1.136042479617208e-009	4.086215e-003
1.137254335776443e-009	3.803917e-003
1.138615742074192e-009	3.464305e-003
1.140003449769394e-009	3.098536e-003
1.141449349114907e-009	2.702209e-003
1.142701350630009e-009	2.351050e-003
1.143919715138016e-009	2.006300e-003
1.145282333037260e-009	1.621766e-003
1.146694684945936e-009	1.229237e-003
1.148155101293286e-009	8.350469e-004
1.149420944287062e-009	5.067080e-004
1.150648310809063e-009	2.030729e-004
1.152014223110313e-009	-1.150687e-004
1.153440439254959e-009	-4.226235e-004
1.154885549284371e-009	-7.067220e-004
1.156147006489897e-009	-9.312312e-004
1.157378194164366e-009	-1.129078e-003
1.158744579370373e-009	-1.324531e-003
1.160214744351149e-009	-1.507813e-003
1.161677186582532e-009	-1.664470e-003
1.162947577432851e-009	-1.781904e-003
1.164188110617076e-009	-1.882056e-003
1.165555452587287e-009	-1.978561e-003
1.166973290061304e-009	-2.066458e-003
1.168412688117927e-009	-2.146554e-003
1.169713140323521e-009	-2.213874e-003
1.170961194456279e-009	-2.276339e-003
1.172337027995509e-009	-2.345118e-003
1.173637882083625e-009	-2.411896e-003
1.175034189463641e-009	-2.487149e-003
1.176307801176175e-009	-2.560013e-003
1.177564523178096e-009	-2.636424e-003
1.178939954305409e-009	-2.725344e-003
1.180436837562410e-009	-2.828034e-003
1.181817756598857e-009	-2.927456e-003
1.183088992429074e-009	-3.021963e-003
1.184543254762251e-009	-3.132032e-003
1.185907119292609e-009	-3.235540e-003
1.187508853852372e-009	-3.354932e-003
1.189122400971014e-009	-3.470054e-003
1.190449777890338e-009	-3.558825e-003
1.191874788825547e-009	-3.646093e-003
1.193250788443797e-009	-3.720765e-003
1.194859170189244e-009	-3.793920e-003
1.196395612865457e-009	-3.847698e-003
1.197828357403249e-009	-3.882134e-003
1.199154057405957e-009	-3.899419e-003
1.200658093395751e-009	-3.900987e-003
1.202287033234851e-009	-3.879997e-003
1.203636883415021e-009	-3.844084e-003
1.204925434486653e-009	-3.793737e-003
1.206300908218431e-009	-3.722438e-003
1.207898261690609e-009	-3.616816e-003
1.209482465421092e-009	-3.488076e-003
1.210934604511188e-009	-3.349609e-003
1.212291370984999e-009	-3.203305e-003
1.213686978795862e-009	-3.036828e-003
1.215182290016718e-009	-2.842113e-003
1.216510725401925e-009	-2.656655e-003
1.217803980899625e-009	-2.466743e-003
1.219206919429830e-009	-2.252752e-003
1.220748278993484e-009	-2.011615e-003
1.222166291635635e-009	-1.787797e-003
1.223475256408670e-009	-1.582851e-003
1.224940852163424e-009	-1.359350e-003
1.226293578200585e-009	-1.162270e-003
1.227963033692671e-009	-9.367981e-004
1.229515494729085e-009	-7.495976e-004
1.230972478192374e-009	-5.978108e-004
1.232338536542025e-009	-4.794798e-004
1.233888014726839e-009	-3.761340e-004
1.235418632834330e-009	-3.081400e-004
1.236733160005042e-009	-2.775433e-004
1.238032791800142e-009	-2.724918e-004
1.239443655394362e-009	-2.944826e-004
1.241022430170001e-009	-3.508114e-004
1.242608865043458e-009	-4.376853e-004
1.244068867075214e-009	-5.405080e-004
1.245467143751778e-009	-6.554448e-004
1.246919003724836e-009	-7.872458e-004
1.248524177733115e-009	-9.418355e-004
1.249902577017912e-009	-1.077311e-003
1.251220453941040e-009	-1.205090e-003
1.252647966025064e-009	-1.337497e-003
1.254253983162720e-009	-1.474254e-003
1.255804246241941e-009	-1.589804e-003
1.257179041008981e-009	-1.675888e-003
1.258644068094278e-009	-1.748408e-003
1.259995293180348e-009	-1.796438e-003
1.261499696292066e-009	-1.827757e-003
1.262903439963082e-009	-1.835750e-003
1.264247217004790e-009	-1.824522e-003
1.265696724810954e-009	-1.792594e-003
1.267077156914245e-009	-1.744303e-003
1.268774695405245e-009	-1.663533e-003
1.270315164188122e-009	-1.572557e-003
1.271756553816309e-009	-1.475117e-003
1.273153965065423e-009	-1.372138e-003
1.274839482336884e-009	-1.241191e-003
1.276448382704227e-009	-1.114007e-003
1.277901351001841e-009	-1.001671e-003
1.279320103318772e-009	-8.983423e-004
1.280819553574600e-009	-8.003559e-004
1.282436271925342e-009	-7.128818e-004
1.283924858326403e-009	-6.537210e-004
1.285366051980584e-009	-6.202209e-004
1.286805606657798e-009	-6.138379e-004
1.288479201301214e-009	-6.448459e-004
1.290020368373010e-009	-7.132986e-004
1.291490759673699e-009	-8.166868e-004
1.292892043175772e-009	-9.510944e-004
1.294469919183932e-009	-1.144799e-003
1.296053267002279e-009	-1.383523e-003
1.297555115431704e-009	-1.649135e-003
1.298978405487316e-009	-1.933341e-003
1.300482613934330e-009	-2.264067e-003
1.302134114952340e-009	-2.656959e-003
1.303674581456466e-009	-3.044755e-003
1.305131124735698e-009	-3.423410e-003
1.306573223373912e-009	-3.802806e-003
1.308097061757373e-009	-4.200586e-003
1.309535912488517e-009	-4.565772e-003
1.310911470478487e-009	-4.898615e-003
1.312393683143320e-009	-5.232124e-003
1.313862929338918e-009	-5.530050e-003
1.315416218726305e-009	-5.802301e-003
1.316815908859335e-009	-6.004584e-003
1.318189654662294e-009	-6.159071e-003
1.319657730639620e-009	-6.272210e-003
1.321181169169987e-009	-6.329876e-003
1.322639140774238e-009	-6.326309e-003
1.324023687987673e-009	-6.269144e-003
1.325527840904935e-009	-6.148220e-003
1.326956050289977e-009	-5.978234e-003
1.328449055086819e-009	-5.745844e-003
1.329849683189362e-009	-5.480304e-003
1.331228504697041e-009	-5.177844e-003
1.332712248434672e-009	-4.811936e-003
1.334420746689684e-009	-4.346515e-003
1.336032094925270e-009	-3.872653e-003
1.337600634085138e-009	-3.387513e-003
1.339031550450066e-009	-2.931557e-003
1.340590078693780e-009	-2.428457e-003
1.342313140842346e-009	-1.874084e-003
1.343915964143944e-009	-1.369002e-003
1.345381827580066e-009	-9.231972e-004
1.346845436744052e-009	-4.995273e-004
1.348593687533576e-009	-2.903519e-005
1.350186061401085e-009	3.599034e-004
1.351709051217377e-009	6.918047e-004
1.353153980571878e-009	9.673109e-004
1.354795389259713e-009	1.231029e-003
1.356300638229665e-009	1.425433e-003
1.357711226277564e-009	1.566035e-003
1.359235937081967e-009	1.673406e-003
1.360680633119072e-009	1.733844e-003
1.362185289355137e-009	1.756589e-003
1.363611630351747e-009	1.743321e-003
1.365186065788368e-009	1.693885e-003
1.366606472318553e-009	1.622380e-003
1.368220862659040e-009	1.516476e-003
1.369706975648551e-009	1.401656e-003
1.371121816201843e-009	1.282496e-003
1.372655605329889e-009	1.148602e-003
1.374363563302060e-009	1.001167e-003
1.375914158384039e-009	8.750252e-004
1.377334846660694e-009	7.705321e-004
1.378904638002430e-009	6.715987e-004
1.380341252954869e-009	5.989588e-004
1.381930774362645e-009	5.407002e-004
1.383377826769565e-009	5.086981e-004
1.384794294494229e-009	4.967159e-004
1.386326838320547e-009	5.042366e-004
1.387818783087316e-009	5.301716e-004
1.389279034092474e-009	5.708956e-004
1.390701510336960e-009	6.224327e-004
1.392277750543059e-009	6.895811e-004
1.393735813663453e-009	7.577232e-004
1.395304368218596e-009	8.335811e-004
1.396767740301906e-009	9.035123e-004
1.398207029476489e-009	9.686552e-004
1.399753388791727e-009	1.031913e-003
1.401509463112639e-009	1.092374e-003
1.403032846302933e-009	1.133162e-003
1.404462350296872e-009	1.160430e-003
1.406038794047802e-009	1.177433e-003
1.407524416172393e-009	1.180662e-003
1.409076723897509e-009	1.170864e-003
1.410514180222581e-009	1.150129e-003
1.411969468384032e-009	1.118269e-003
1.413522508367765e-009	1.073034e-003
1.415089519367180e-009	1.016697e-003
1.416540957214847e-009	9.560446e-004
1.417980900604170e-009	8.890568e-004
1.419556760748668e-009	8.096305e-004
1.421123724209027e-009	7.263161e-004
1.422592784850742e-009	6.464036e-004
1.424024629852569e-009	5.690858e-004
1.425639884073835e-009	4.856906e-004
1.427317981812266e-009	4.073602e-004
1.428884361766586e-009	3.460150e-004
1.430333542034719e-009	3.031107e-004
1.431797049821815e-009	2.769494e-004
1.433365397675072e-009	2.721197e-004
1.435059835423321e-009	2.985835e-004
1.436512462848643e-009	3.508539e-004
1.437939926201964e-009	4.314939e-004
1.439538581561677e-009	5.585120e-004
1.441060608910862e-009	7.167659e-004
1.442812581254991e-009	9.443200e-004
1.444408271259616e-009	1.192769e-003
1.445997317292140e-009	1.476736e-003
1.447531860474982e-009	1.782130e-003
1.449102651783091e-009	2.121761e-003
1.450595237689874e-009	2.464732e-003
1.452240012599207e-009	2.858600e-003
1.453742055386374e-009	3.226493e-003
1.455340010039589e-009	3.618962e-003
1.456838217979954e-009	3.981433e-003
1.458323651139235e-009	4.329373e-003
1.459920992770336e-009	4.684395e-003
1.461568753029235e-009	5.023524e-003
1.463055170257413e-009	5.301125e-003
1.464515650285697e-009	5.544087e-003
1.466141845908117e-009	5.776619e-003
1.467682603471410e-009	5.957811e-003
1.469235119794465e-009	6.100459e-003
1.470730466567504e-009	6.199420e-003
1.472381524021545e-009	6.265054e-003
1.473903108039028e-009	6.285768e-003
1.475549506022143e-009	6.266772e-003
1.477082271300023e-009	6.212260e-003
1.478759885610463e-009	6.114670e-003
1.480270906523919e-009	5.995517e-003
1.482096910394223e-009	5.816477e-003
1.483826980989344e-009	5.616166e-003
1.485442252760063e-009	5.407033e-003
1.487017016489506e-009	5.187303e-003
1.488782065449870e-009	4.928548e-003
1.490360263810980e-009	4.691411e-003
1.491874382354975e-009	4.463940e-003
1.493489135910613e-009	4.226916e-003
1.495211990716644e-009	3.986681e-003
1.496759431375311e-009	3.787296e-003
1.498260820590193e-009	3.613201e-003
1.499895396144992e-009	3.449792e-003
1.501482187310440e-009	3.320859e-003
1.503010846138203e-009	3.227055e-003
1.504514666850025e-009	3.165627e-003
1.506173123270291e-009	3.134310e-003
1.507739986377643e-009	3.139674e-003
1.509382059464909e-009	3.180378e-003
1.510935536136924e-009	3.249681e-003
1.512611064586349e-009	3.354242e-003
1.514170707552431e-009	3.475229e-003
1.516026850314790e-009	3.641976e-003
1.517703512380545e-009	3.807234e-003
1.519360647685472e-009	3.977113e-003
1.520946840934217e-009	4.139533e-003
1.522604151780080e-009	4.302480e-003
1.524161932846425e-009	4.443826e-003
1.525860041949630e-009	4.578888e-003
1.527419140204036e-009	4.680904e-003
1.529095751989640e-009	4.762673e-003
1.530661816423183e-009	4.809808e-003
1.532376183155931e-009	4.826268e-003
1.533928689708686e-009	4.808001e-003
1.535631879592205e-009	4.750866e-003
1.537209498117911e-009	4.663396e-003
1.538761795785282e-009	4.545657e-003
1.540415834507356e-009	4.387181e-003
1.542093641749168e-009	4.193929e-003
1.543638487209760e-009	3.989593e-003
1.545174691707835e-009	3.764169e-003
1.546845563521641e-009	3.497507e-003
1.548485020072126e-009	3.218147e-003
1.550060984167327e-009	2.937180e-003
1.551613750819453e-009	2.652497e-003
1.553300694153998e-009	2.339166e-003
1.554931332982148e-009	2.036930e-003
1.556538391542298e-009	1.744220e-003
1.558104923653763e-009	1.467865e-003
1.559810490451819e-009	1.181435e-003
1.561436374727538e-009	9.261002e-004
1.563076482822051e-009	6.893390e-004
1.564656414882456e-009	4.834294e-004
1.566370792359700e-009	2.865944e-004
1.567991672706181e-009	1.269892e-004
1.569639010031122e-009	-8.605535e-006
1.571221692774854e-009	-1.142012e-004
1.572947223084118e-009	-2.034058e-004
1.574564704540696e-009	-2.647047e-004
1.576235888948966e-009	-3.084906e-004
1.577830826361152e-009	-3.351161e-004
1.579568622180344e-009	-3.517211e-004
1.581187937444465e-009	-3.597459e-004
1.582894767403304e-009	-3.652082e-004
1.584508595651881e-009	-3.716873e-004
1.586253066899009e-009	-3.846477e-004
1.587878453825602e-009	-4.058392e-004
1.589721230113105e-009	-4.443497e-004
1.591485812734427e-009	-4.984624e-004
1.593172643917319e-009	-5.678411e-004
1.594864199938398e-009	-6.557269e-004
1.596694035928048e-009	-7.716474e-004
1.598454686552622e-009	-9.030413e-004
1.600140885438374e-009	-1.045930e-003
1.601859547094113e-009	-1.206963e-003
1.603730090753392e-009	-1.397269e-003
1.605438586929285e-009	-1.582151e-003
1.607155696277193e-009	-1.775712e-003
1.608867630394302e-009	-1.973517e-003
1.610504949492996e-009	-2.164497e-003
1.612123622885357e-009	-2.352441e-003
1.613854454708303e-009	-2.549655e-003
1.615762191117321e-009	-2.759181e-003
1.617445476513581e-009	-2.934601e-003
1.619066788692756e-009	-3.093021e-003
1.620799295562411e-009	-3.248961e-003
1.622543964908841e-009	-3.390530e-003
1.624178923497737e-009	-3.508153e-003
1.625812574614927e-009	-3.610721e-003
1.627546872868410e-009	-3.703415e-003
1.629312951371602e-009	-3.781558e-003
1.630953619116151e-009	-3.840885e-003
1.632774763218278e-009	-3.894272e-003
1.634415314751656e-009	-3.933769e-003
1.636298413153107e-009	-3.973191e-003
1.638138886469524e-009	-4.010096e-003
1.639856247950636e-009	-4.047426e-003
1.641667349272281e-009	-4.094412e-003
1.643620474272281e-009	-4.158762e-003
1.645382596257308e-009	-4.232673e-003
1.647130312934114e-009	-4.323560e-003
1.648863979382041e-009	-4.432522e-003
1.650557561762613e-009	-4.557422e-003
1.652215070387234e-009	-4.696616e-003
1.653977879161176e-009	-4.861041e-003
1.655726719859978e-009	-5.037663e-003
1.657417156808150e-009	-5.217115e-003
1.659262312396833e-009	-5.417005e-003
1.660927812721223e-009	-5.595560e-003
1.662799536857711e-009	-5.786727e-003
1.664506255526069e-009	-5.945926e-003
1.666349015667857e-009	-6.094236e-003
1.668023141282437e-009	-6.201996e-003
1.669939547047126e-009	-6.287012e-003
1.671781046517462e-009	-6.324571e-003
1.673530655584517e-009	-6.315742e-003
1.675293171686416e-009	-6.259621e-003
1.677228015963963e-009	-6.140614e-003
1.679002889423785e-009	-5.977068e-003
1.680774437505689e-009	-5.761311e-003
1.682545691820435e-009	-5.493419e-003
1.684266870098109e-009	-5.184164e-003
1.686125054138608e-009	-4.798248e-003
1.687817117408514e-009	-4.402354e-003
1.689711236410094e-009	-3.913023e-003
1.691440002031293e-009	-3.428164e-003
1.693292985388109e-009	-2.873936e-003
1.694993264245138e-009	-2.339771e-003
1.696940561717469e-009	-1.706511e-003
1.698778636333575e-009	-1.096415e-003
1.700561136368588e-009	-5.024113e-004
1.702346328467081e-009	8.568736e-005
1.704299453467081e-009	7.104298e-004
1.706083590701761e-009	1.254820e-003
1.707889558588716e-009	1.771461e-003
1.709705534277474e-009	2.248476e-003
1.711446457532777e-009	2.659915e-003
1.713311040171812e-009	3.045858e-003
1.715042098404933e-009	3.350767e-003
1.716995223404932e-009	3.631799e-003
1.718872105489739e-009	3.839849e-003
1.720660281193499e-009	3.984168e-003
1.722474961599910e-009	4.081131e-003
1.724428086599909e-009	4.136250e-003
1.726239258614346e-009	4.148573e-003
1.728051564764213e-009	4.131064e-003
1.729896838228266e-009	4.090437e-003
1.731849963228266e-009	4.031306e-003
1.733613737617390e-009	3.970993e-003
1.735463622692325e-009	3.908101e-003
1.737408607767848e-009	3.849649e-003
1.739307136744988e-009	3.806657e-003
1.741096393542264e-009	3.783932e-003
1.742963475287341e-009	3.783054e-003
1.744916600287341e-009	3.810926e-003
1.746739462983755e-009	3.866129e-003
1.748576519506056e-009	3.952004e-003
1.750484946615965e-009	4.074142e-003
1.752438071615965e-009	4.233568e-003
1.754224870914472e-009	4.408669e-003
1.756112886963819e-009	4.621568e-003
1.758066011963819e-009	4.868108e-003
1.759936614235200e-009	5.124582e-003
1.761764641103303e-009	5.389061e-003
1.763717766103303e-009	5.679956e-003
1.765670891103303e-009	5.971915e-003
1.767493330394030e-009	6.238288e-003
1.769368615350436e-009	6.499189e-003
1.771321740350436e-009	6.749591e-003
1.773221643448349e-009	6.966083e-003
1.775051226473881e-009	7.144467e-003
1.776978529945335e-009	7.296546e-003
1.778931654945335e-009	7.410624e-003
1.780775587469942e-009	7.480375e-003
1.782654603990011e-009	7.513981e-003
1.784607728990011e-009	7.510696e-003
1.786546014301643e-009	7.472000e-003
1.788377285367006e-009	7.406625e-003
1.790330410367006e-009	7.310679e-003
1.792283535367006e-009	7.192648e-003
1.794156494792181e-009	7.063486e-003
1.796035938398928e-009	6.922655e-003
1.797989063398928e-009	6.768738e-003
1.799942188398928e-009	6.610968e-003
1.801785121315414e-009	6.461480e-003
1.803738246315414e-009	6.304859e-003
1.805691371315414e-009	6.151838e-003
1.807582063946837e-009	6.008186e-003
1.809470106648017e-009	5.869560e-003
1.811423231648017e-009	5.731095e-003
1.813376356648017e-009	5.596988e-003
1.815234466933904e-009	5.472407e-003
1.817187591933903e-009	5.343060e-003
1.819140716933903e-009	5.213439e-003
1.821045332030568e-009	5.084622e-003
1.822944019435656e-009	4.951521e-003
1.824897144435656e-009	4.807199e-003
1.826850269435656e-009	4.652824e-003
1.828723307305863e-009	4.493096e-003
1.830676432305863e-009	4.312263e-003
1.832629557305863e-009	4.115198e-003
1.834545661770636e-009	3.905006e-003
1.836457183291689e-009	3.678245e-003
1.838410308291689e-009	3.429244e-003
1.840363433291689e-009	3.163849e-003
1.842249747923283e-009	2.893726e-003
1.844202872923283e-009	2.602317e-003
1.846155997923283e-009	2.302194e-003
1.848083058629398e-009	2.001188e-003
1.850010330006235e-009	1.699241e-003
1.851963455006235e-009	1.396478e-003
1.853916580006235e-009	1.101087e-003
1.855819940094437e-009	8.239976e-004
1.857773065094437e-009	5.540857e-004
1.859726190094437e-009	3.015304e-004
1.861665108976605e-009	6.999479e-005
1.863613312723210e-009	-1.421917e-004
1.865566437723210e-009	-3.339687e-004
1.867519562723210e-009	-5.052394e-004
1.869444497190546e-009	-6.551631e-004
1.871397622190546e-009	-7.900016e-004
1.873350747190547e-009	-9.098293e-004
1.875298591336394e-009	-1.017163e-003
1.877251716336394e-009	-1.115620e-003
1.879204841336394e-009	-1.208038e-003
1.881157966336394e-009	-1.297561e-003
1.883098082719101e-009	-1.386620e-003
1.885051207719101e-009	-1.479266e-003
1.887004332719101e-009	-1.577532e-003
1.888957457719101e-009	-1.683765e-003
1.890910582719101e-009	-1.799979e-003
1.892863707719101e-009	-1.927808e-003
1.894816832719102e-009	-2.068446e-003
1.896769957719102e-009	-2.222582e-003
1.898723082719102e-009	-2.390333e-003
1.900676207719102e-009	-2.571181e-003
1.902629332719102e-009	-2.763916e-003
1.904582457719102e-009	-2.966616e-003
1.906535582719102e-009	-3.176651e-003
1.908488707719103e-009	-3.390734e-003
1.910441832719103e-009	-3.605017e-003
1.912394957719103e-009	-3.815237e-003
1.914348082719103e-009	-4.016888e-003
1.916301207719103e-009	-4.205438e-003
1.918254332719103e-009	-4.376547e-003
1.920207457719103e-009	-4.526276e-003
1.922160582719104e-009	-4.651286e-003
1.924113707719104e-009	-4.748990e-003
1.926066832719104e-009	-4.817654e-003
1.928019957719104e-009	-4.856455e-003
1.929973082719104e-009	-4.865465e-003
1.931926207719104e-009	-4.845605e-003
1.933879332719104e-009	-4.798550e-003
1.935832457719105e-009	-4.726610e-003
1.937785582719105e-009	-4.632607e-003
1.939738707719105e-009	-4.519743e-003
1.941691832719105e-009	-4.391491e-003
1.943644957719105e-009	-4.251495e-003
1.945598082719105e-009	-4.103490e-003
1.947551207719106e-009	-3.951228e-003
1.949504332719106e-009	-3.798418e-003
1.951457457719106e-009	-3.648656e-003
1.953410582719106e-009	-3.505346e-003
1.955363707719106e-009	-3.371611e-003
1.957316832719106e-009	-3.250184e-003
1.959269957719106e-009	-3.143294e-003
1.961223082719107e-009	-3.052551e-003
1.963176207719107e-009	-2.978845e-003
1.965129332719107e-009	-2.922260e-003
1.967082457719107e-009	-2.882038e-003
1.969035582719107e-009	-2.856584e-003
1.970988707719107e-009	-2.843516e-003
1.972941832719107e-009	-2.839782e-003
1.974894957719108e-009	-2.841807e-003
1.976848082719108e-009	-2.845689e-003
1.978801207719108e-009	-2.847412e-003
1.980754332719108e-009	-2.843058e-003
1.982707457719108e-009	-2.829018e-003
1.984660582719108e-009	-2.802167e-003
1.986613707719108e-009	-2.760007e-003
1.988566832719109e-009	-2.700754e-003
1.990519957719109e-009	-2.623380e-003
1.992473082719109e-009	-2.527605e-003
1.994426207719109e-009	-2.413840e-003
1.996379332719109e-009	-2.283107e-003
1.998332457719109e-009	-2.136917e-003
2.000000000000000e-009	-2.001241e-003
