time	V(d_3p)
0.000000000000000e+000	0.000000e+000
8.803594337240235e-012	7.882389e-006
9.462770870728552e-012	-2.644444e-006
1.012194740421687e-011	-1.613648e-005
1.078112393770519e-011	-3.259373e-005
1.144030047119350e-011	-5.201618e-005
1.209947700468182e-011	-7.440383e-005
1.275865353817013e-011	-9.975670e-005
1.341783007165845e-011	-1.280748e-004
1.537095507165845e-011	-1.655014e-004
1.634751757165845e-011	-1.566338e-004
1.732408007165845e-011	-1.232706e-004
1.830064257165845e-011	-6.363219e-005
2.025376757165845e-011	1.209860e-004
2.220689257165844e-011	3.243684e-004
2.318345507165844e-011	3.958690e-004
2.416001757165844e-011	4.274463e-004
2.513658007165844e-011	4.089937e-004
2.611314257165844e-011	3.369243e-004
2.708970507165844e-011	2.154113e-004
2.904283007165844e-011	-1.213283e-004
3.001939257165844e-011	-2.948324e-004
3.099595507165844e-011	-4.395291e-004
3.197251757165844e-011	-5.327139e-004
3.294908007165844e-011	-5.566756e-004
3.392564257165844e-011	-5.012912e-004
3.490220507165845e-011	-3.657061e-004
3.587876757165845e-011	-1.588772e-004
3.685533007165845e-011	1.010975e-004
3.880845507165846e-011	6.741665e-004
3.978501757165846e-011	9.259575e-004
4.076158007165846e-011	1.115207e-003
4.173814257165846e-011	1.218684e-003
4.271470507165847e-011	1.221714e-003
4.369126757165847e-011	1.120150e-003
4.466783007165847e-011	9.212391e-004
4.564439257165847e-011	6.432976e-004
4.857408007165848e-011	-3.542829e-004
4.955064257165848e-011	-6.167485e-004
5.029296875000000e-011	-7.550612e-004
5.068359375000000e-011	-8.014149e-004
5.138372954151806e-011	-8.325820e-004
5.236029204151806e-011	-7.570063e-004
5.333685454151806e-011	-5.406057e-004
5.431341704151806e-011	-1.941011e-004
5.528997954151806e-011	2.580273e-004
5.624225203731587e-011	7.674627e-004
5.804945482143480e-011	1.777793e-003
5.901770822841969e-011	2.258412e-003
5.950543526455986e-011	2.472319e-003
5.999316230070003e-011	2.646626e-003
6.048088933684020e-011	2.781335e-003
6.096861637298037e-011	2.876443e-003
6.145634340912054e-011	2.931952e-003
6.194407044526071e-011	2.947862e-003
6.243179748140088e-011	2.924172e-003
6.337555577400733e-011	2.723743e-003
6.434833771920544e-011	2.345890e-003
6.532490021920543e-011	1.828347e-003
6.727802521920542e-011	6.398932e-004
6.825458771920542e-011	1.540334e-004
6.923115021920542e-011	-1.046283e-004
7.020771271920541e-011	-1.868263e-006
7.118427521920541e-011	6.040577e-004
7.216083771920540e-011	1.854903e-003
7.313740021920540e-011	3.883983e-003
7.411396271920540e-011	6.807568e-003
7.509052521920539e-011	1.071697e-002
7.606708771920539e-011	1.567215e-002
7.704365021920538e-011	2.169744e-002
7.802021271920538e-011	2.877983e-002
7.899677521920537e-011	3.686989e-002
7.997333771920537e-011	4.588516e-002
8.094990021920537e-011	5.571564e-002
8.192646271920536e-011	6.623074e-002
8.387958771920535e-011	8.873603e-002
8.485615021920535e-011	1.006764e-001
8.583271271920535e-011	1.124652e-001
8.680927521920534e-011	1.241022e-001
8.778583771920534e-011	1.355876e-001
8.876240021920533e-011	1.469212e-001
8.973896271920533e-011	1.581032e-001
9.071552521920532e-011	1.691335e-001
9.364521271920531e-011	1.992050e-001
9.657490021920530e-011	2.253040e-001
9.950458771920529e-011	2.472919e-001
1.024342752192053e-010	2.653463e-001
1.043874002192053e-010	2.748195e-001
1.063405252192053e-010	2.839294e-001
1.082936502192053e-010	2.926759e-001
1.102467752192052e-010	3.010591e-001
1.121999002192052e-010	3.090789e-001
1.141530252192052e-010	3.167352e-001
1.161061502192052e-010	3.240283e-001
1.175012395049195e-010	3.297558e-001
1.188963287906338e-010	3.340013e-001
1.202914180763481e-010	3.367648e-001
1.216865073620623e-010	3.380462e-001
1.230815966477766e-010	3.378456e-001
1.244766859334909e-010	3.361630e-001
1.258717752192052e-010	3.329983e-001
1.278249002192052e-010	3.239132e-001
1.297780252192052e-010	3.106734e-001
1.327077127192052e-010	2.843265e-001
1.338237841477766e-010	2.723180e-001
1.349398555763480e-010	2.602903e-001
1.360559270049194e-010	2.482433e-001
1.371719984334909e-010	2.361771e-001
1.382880698620623e-010	2.240917e-001
1.394041412906337e-010	2.119871e-001
1.405202127192051e-010	1.998632e-001
1.424733377192051e-010	1.806779e-001
1.444264627192051e-010	1.633735e-001
1.463795877192051e-010	1.480230e-001
1.483327127192051e-010	1.344872e-001
1.502858377192051e-010	1.224970e-001
1.532155252192051e-010	1.067281e-001
1.561452127192051e-010	9.283200e-002
1.590749002192050e-010	8.030056e-002
1.620045877192050e-010	6.903010e-002
1.649342752192050e-010	5.914177e-002
1.668874002192050e-010	5.338362e-002
1.688405252192050e-010	4.830042e-002
1.707936502192050e-010	4.385566e-002
1.727467752192050e-010	3.997716e-002
1.756764627192050e-010	3.500634e-002
1.786061502192050e-010	3.074048e-002
1.802802573620621e-010	2.848481e-002
1.819543645049192e-010	2.634105e-002
1.836284716477764e-010	2.430918e-002
1.853025787906335e-010	2.238922e-002
1.869766859334906e-010	2.058115e-002
1.886507930763478e-010	1.888499e-002
1.903249002192049e-010	1.730072e-002
1.922780252192049e-010	1.574663e-002
1.942311502192049e-010	1.447123e-002
1.961842752192049e-010	1.346755e-002
1.981374002192049e-010	1.269811e-002
2.010670877192049e-010	1.184122e-002
2.024621770049191e-010	1.149296e-002
2.038572662906334e-010	1.113845e-002
2.052523555763477e-010	1.077770e-002
2.066474448620620e-010	1.041068e-002
2.080425341477763e-010	1.003742e-002
2.094376234334906e-010	9.657900e-003
2.108327127192048e-010	9.272129e-003
2.127858377192048e-010	8.920522e-003
2.137624002192048e-010	8.851461e-003
2.147389627192048e-010	8.881548e-003
2.157155252192048e-010	9.032279e-003
2.166920877192048e-010	9.324562e-003
2.176686502192048e-010	9.777877e-003
2.186452127192048e-010	1.040947e-002
2.196217752192048e-010	1.123361e-002
2.205983377192048e-010	1.226093e-002
2.215749002192048e-010	1.349790e-002
2.225514627192048e-010	1.494646e-002
2.235280252192048e-010	1.660374e-002
2.245045877192048e-010	1.846205e-002
2.254811502192048e-010	2.050890e-002
2.264577127192048e-010	2.272729e-002
2.284108377192048e-010	2.759055e-002
2.293874002192047e-010	3.026270e-002
2.303639627192048e-010	3.292291e-002
2.313405252192048e-010	3.557118e-002
2.323170877192048e-010	3.820750e-002
2.332936502192048e-010	4.083189e-002
2.342702127192048e-010	4.344433e-002
2.352467752192048e-010	4.604483e-002
2.371999002192048e-010	5.070934e-002
2.391530252192049e-010	5.471901e-002
2.411061502192049e-010	5.794630e-002
2.430592752192049e-010	6.032976e-002
2.450124002192050e-010	6.187434e-002
2.469655252192050e-010	6.264446e-002
2.498952127192051e-010	6.259713e-002
2.519878466477766e-010	6.185504e-002
2.540804805763481e-010	6.087958e-002
2.561731145049195e-010	5.967074e-002
2.582657484334910e-010	5.822852e-002
2.603583823620625e-010	5.655293e-002
2.624510162906340e-010	5.464395e-002
2.645436502192054e-010	5.250160e-002
2.664967752192055e-010	4.986884e-002
2.684499002192055e-010	4.656711e-002
2.704030252192056e-010	4.247485e-002
2.723561502192056e-010	3.752635e-002
2.733327127192056e-010	3.473059e-002
2.743092752192056e-010	3.173056e-002
2.752858377192057e-010	2.854043e-002
2.762624002192057e-010	2.517936e-002
2.782155252192057e-010	1.804367e-002
2.811452127192058e-010	6.768082e-003
2.821217752192058e-010	2.994441e-003
2.830983377192058e-010	-7.280342e-004
2.840749002192059e-010	-4.365710e-003
2.850514627192059e-010	-7.887295e-003
2.860280252192059e-010	-1.126463e-002
2.870045877192059e-010	-1.447333e-002
2.879811502192059e-010	-1.749327e-002
2.889577127192060e-010	-2.030892e-002
2.899342752192060e-010	-2.290947e-002
2.909108377192060e-010	-2.528878e-002
2.918874002192060e-010	-2.744523e-002
2.928639627192061e-010	-2.938131e-002
2.938405252192061e-010	-3.110315e-002
2.948170877192061e-010	-3.261998e-002
2.967702127192061e-010	-3.508696e-002
2.987233377192062e-010	-3.689231e-002
3.006764627192062e-010	-3.815310e-002
3.036061502192063e-010	-3.925021e-002
3.065358377192064e-010	-3.961696e-002
3.094655252192064e-010	-3.938607e-002
3.123952127192065e-010	-3.860372e-002
3.153249002192066e-010	-3.729945e-002
3.169990073620637e-010	-3.627083e-002
3.186731145049209e-010	-3.518886e-002
3.203472216477781e-010	-3.405352e-002
3.220213287906353e-010	-3.286481e-002
3.236954359334925e-010	-3.162275e-002
3.253695430763496e-010	-3.032731e-002
3.270436502192068e-010	-2.897852e-002
3.302523555763497e-010	-2.667303e-002
3.334610609334927e-010	-2.440713e-002
3.366697662906356e-010	-2.218082e-002
3.398784716477785e-010	-1.999410e-002
3.430871770049214e-010	-1.784698e-002
3.462958823620644e-010	-1.573944e-002
3.495045877192073e-010	-1.367149e-002
3.510391859334931e-010	-1.278512e-002
3.525737841477788e-010	-1.192945e-002
3.541083823620645e-010	-1.110448e-002
3.556429805763503e-010	-1.031020e-002
3.571775787906361e-010	-9.546622e-003
3.587121770049218e-010	-8.813737e-003
3.602467752192075e-010	-8.111548e-003
3.631764627192076e-010	-6.637881e-003
3.651295877192077e-010	-5.554070e-003
3.670827127192077e-010	-4.360734e-003
3.690358377192077e-010	-3.048694e-003
3.709889627192078e-010	-1.624914e-003
3.729420877192078e-010	-1.127722e-004
3.737791412906364e-010	5.642741e-004
3.746161948620650e-010	1.236210e-003
3.754532484334936e-010	1.903034e-003
3.762903020049222e-010	2.564748e-003
3.771273555763508e-010	3.221352e-003
3.779644091477793e-010	3.872844e-003
3.788014627192080e-010	4.519226e-003
3.807545877192080e-010	5.911207e-003
3.827077127192080e-010	7.133129e-003
3.836842752192081e-010	7.665158e-003
3.846608377192081e-010	8.137876e-003
3.856374002192081e-010	8.547330e-003
3.866139627192081e-010	8.890508e-003
3.875905252192082e-010	9.165398e-003
3.885670877192082e-010	9.371013e-003
3.895436502192082e-010	9.507391e-003
3.914967752192082e-010	9.577518e-003
3.934499002192083e-010	9.394904e-003
3.954030252192083e-010	8.990699e-003
3.973561502192084e-010	8.403867e-003
4.002858377192084e-010	7.271755e-003
4.032155252192085e-010	5.946163e-003
4.044711055763514e-010	5.346857e-003
4.057266859334943e-010	4.724651e-003
4.069822662906372e-010	4.079546e-003
4.082378466477800e-010	3.411541e-003
4.094934270049229e-010	2.720637e-003
4.107490073620658e-010	2.006834e-003
4.120045877192087e-010	1.270131e-003
4.129811502192087e-010	6.617655e-004
4.139577127192087e-010	2.641424e-005
4.149342752192088e-010	-6.381742e-004
4.159108377192088e-010	-1.333673e-003
4.168874002192088e-010	-2.061012e-003
4.188405252192088e-010	-3.610382e-003
4.207936502192089e-010	-5.274279e-003
4.276295877192090e-010	-1.144137e-002
4.305592752192091e-010	-1.380920e-002
4.325124002192092e-010	-1.514066e-002
4.344655252192092e-010	-1.621871e-002
4.364186502192092e-010	-1.701381e-002
4.383717752192093e-010	-1.751465e-002
4.403249002192093e-010	-1.772744e-002
4.422780252192094e-010	-1.767303e-002
4.452077127192094e-010	-1.716000e-002
4.481374002192095e-010	-1.623924e-002
4.510670877192096e-010	-1.502714e-002
4.528807037906382e-010	-1.414531e-002
4.546943198620668e-010	-1.323036e-002
4.565079359334954e-010	-1.228228e-002
4.583215520049240e-010	-1.130107e-002
4.601351680763526e-010	-1.028674e-002
4.619487841477813e-010	-9.239286e-003
4.637624002192098e-010	-8.158702e-003
4.652969984334955e-010	-7.252933e-003
4.668315966477812e-010	-6.377489e-003
4.683661948620668e-010	-5.532370e-003
4.699007930763525e-010	-4.717577e-003
4.714353912906382e-010	-3.933109e-003
4.729699895049239e-010	-3.178967e-003
4.745045877192096e-010	-2.455150e-003
4.764577127192095e-010	-1.618658e-003
4.784108377192094e-010	-8.553920e-004
4.803639627192094e-010	-1.610582e-004
4.823170877192093e-010	4.710322e-004
4.842702127192093e-010	1.048281e-003
4.871999002192092e-010	1.825077e-003
4.901295877192091e-010	2.505564e-003
4.930592752192090e-010	3.090186e-003
4.959889627192089e-010	3.571303e-003
4.989186502192088e-010	3.941909e-003
5.018483377192087e-010	4.204315e-003
5.035224448620658e-010	4.295634e-003
5.051965520049229e-010	4.377493e-003
5.068706591477800e-010	4.449889e-003
5.085447662906371e-010	4.512824e-003
5.102188734334942e-010	4.566298e-003
5.118929805763512e-010	4.610309e-003
5.135670877192084e-010	4.644860e-003
5.153807037906369e-010	4.720079e-003
5.171943198620654e-010	4.796057e-003
5.190079359334940e-010	4.872791e-003
5.208215520049224e-010	4.950284e-003
5.226351680763509e-010	5.028533e-003
5.244487841477794e-010	5.107540e-003
5.262624002192080e-010	5.187305e-003
5.289130698620651e-010	5.239093e-003
5.315637395049221e-010	5.180936e-003
5.342144091477791e-010	5.012835e-003
5.368650787906362e-010	4.734789e-003
5.395157484334933e-010	4.346798e-003
5.421664180763503e-010	3.848863e-003
5.448170877192074e-010	3.240983e-003
5.464911948620645e-010	2.821712e-003
5.481653020049215e-010	2.402400e-003
5.498394091477787e-010	1.983046e-003
5.515135162906358e-010	1.563650e-003
5.531876234334929e-010	1.144213e-003
5.548617305763499e-010	7.247348e-004
5.565358377192070e-010	3.052146e-004
5.587679805763498e-010	-2.301219e-004
5.610001234334927e-010	-7.491370e-004
5.632322662906354e-010	-1.251831e-003
5.654644091477782e-010	-1.738203e-003
5.676965520049209e-010	-2.208254e-003
5.699286948620638e-010	-2.661984e-003
5.721608377192066e-010	-3.099392e-003
5.750905252192065e-010	-3.579324e-003
5.780202127192064e-010	-3.934338e-003
5.809499002192063e-010	-4.128827e-003
5.829030252192062e-010	-4.157597e-003
5.848561502192062e-010	-4.102675e-003
5.877858377192061e-010	-3.868164e-003
5.907155252192060e-010	-3.469856e-003
5.936452127192059e-010	-2.939018e-003
5.951798109334916e-010	-2.609035e-003
5.967144091477772e-010	-2.269058e-003
5.982490073620629e-010	-1.919087e-003
5.997836055763485e-010	-1.559122e-003
6.013182037906343e-010	-1.189164e-003
6.028528020049199e-010	-8.092109e-004
6.043874002192056e-010	-4.192643e-004
6.059219984334913e-010	-3.542073e-005
6.074565966477769e-010	3.329442e-004
6.089911948620626e-010	6.858305e-004
6.105257930763482e-010	1.023238e-003
6.120603912906339e-010	1.345167e-003
6.135949895049195e-010	1.651617e-003
6.151295877192052e-010	1.942589e-003
6.180592752192052e-010	2.412310e-003
6.209889627192051e-010	2.781561e-003
6.239186502192050e-010	3.049772e-003
6.268483377192049e-010	3.224554e-003
6.296385162906334e-010	3.299731e-003
6.324286948620619e-010	3.333826e-003
6.352188734334904e-010	3.326839e-003
6.380090520049188e-010	3.278771e-003
6.407992305763473e-010	3.189622e-003
6.435894091477758e-010	3.059391e-003
6.463795877192043e-010	2.888078e-003
6.484722216477756e-010	2.738053e-003
6.505648555763470e-010	2.585109e-003
6.526574895049183e-010	2.429248e-003
6.547501234334898e-010	2.270468e-003
6.568427573620611e-010	2.108769e-003
6.589353912906325e-010	1.944153e-003
6.610280252192038e-010	1.776618e-003
6.632601680763466e-010	1.629171e-003
6.654923109334895e-010	1.493779e-003
6.677244537906322e-010	1.370444e-003
6.699565966477750e-010	1.259164e-003
6.721887395049177e-010	1.159940e-003
6.744208823620606e-010	1.072773e-003
6.766530252192034e-010	9.976607e-004
6.791641859334890e-010	8.963992e-004
6.816753466477746e-010	7.746399e-004
6.841865073620603e-010	6.323826e-004
6.866976680763459e-010	4.696275e-004
6.892088287906316e-010	2.863745e-004
6.917199895049171e-010	8.262352e-005
6.942311502192028e-010	-1.416253e-004
6.967423109334885e-010	-3.689399e-004
6.992534716477741e-010	-5.721141e-004
7.017646323620598e-010	-7.511480e-004
7.042757930763453e-010	-9.060415e-004
7.067869537906310e-010	-1.036795e-003
7.092981145049166e-010	-1.143407e-003
7.118092752192023e-010	-1.225880e-003
7.145994537906308e-010	-1.294432e-003
7.173896323620593e-010	-1.332813e-003
7.201798109334878e-010	-1.341023e-003
7.229699895049162e-010	-1.319062e-003
7.257601680763447e-010	-1.266929e-003
7.285503466477732e-010	-1.184625e-003
7.313405252192017e-010	-1.072149e-003
7.332936502192016e-010	-9.537196e-004
7.352467752192015e-010	-8.206548e-004
7.371999002192015e-010	-6.729547e-004
7.391530252192014e-010	-5.106192e-004
7.411061502192014e-010	-3.336484e-004
7.430592752192013e-010	-1.420423e-004
7.450124002192012e-010	6.419919e-005
7.469655252192012e-010	2.734293e-004
7.489186502192011e-010	4.704871e-004
7.508717752192011e-010	6.553727e-004
7.528249002192010e-010	8.280861e-004
7.547780252192009e-010	9.886272e-004
7.567311502192009e-010	1.136996e-003
7.586842752192008e-010	1.273193e-003
7.613349448620579e-010	1.402263e-003
7.639856145049149e-010	1.493853e-003
7.666362841477720e-010	1.547962e-003
7.692869537906291e-010	1.564590e-003
7.719376234334862e-010	1.543739e-003
7.745882930763432e-010	1.485406e-003
7.772389627192003e-010	1.389593e-003
7.805871770049144e-010	1.249313e-003
7.839353912906286e-010	1.105163e-003
7.872836055763428e-010	9.571424e-004
7.906318198620570e-010	8.052513e-004
7.939800341477712e-010	6.494899e-004
7.973282484334854e-010	4.898582e-004
8.006764627191995e-010	3.263561e-004
8.040246770049137e-010	1.838552e-004
8.073728912906279e-010	6.463940e-005
8.107211055763421e-010	-3.129138e-005
8.140693198620563e-010	-1.039371e-004
8.174175341477704e-010	-1.532978e-004
8.207657484334847e-010	-1.793734e-004
8.241139627191988e-010	-1.821640e-004
8.270436502191987e-010	-1.963895e-004
8.299733377191986e-010	-2.187812e-004
8.329030252191985e-010	-2.493391e-004
8.358327127191985e-010	-2.880632e-004
8.387624002191984e-010	-3.349535e-004
8.416920877191983e-010	-3.900099e-004
8.446217752191982e-010	-4.532325e-004
8.476909716477695e-010	-4.889002e-004
8.507601680763408e-010	-5.072285e-004
8.538293645049121e-010	-5.082175e-004
8.568985609334836e-010	-4.918670e-004
8.599677573620549e-010	-4.581771e-004
8.630369537906262e-010	-4.071479e-004
8.661061502191975e-010	-3.387793e-004
8.700124002191974e-010	-2.605194e-004
8.739186502191973e-010	-1.690361e-004
8.778249002191972e-010	-6.432945e-005
8.817311502191970e-010	5.360060e-005
8.856374002191969e-010	1.847540e-004
8.895436502191968e-010	3.291309e-004
8.934499002191967e-010	4.867311e-004
8.973561502191966e-010	6.183196e-004
9.012624002191964e-010	7.099914e-004
9.051686502191963e-010	7.617463e-004
9.090749002191962e-010	7.735845e-004
9.129811502191961e-010	7.455059e-004
9.168874002191960e-010	6.775104e-004
9.207936502191958e-010	5.695982e-004
9.258159716477675e-010	4.198514e-004
9.308382930763392e-010	2.875345e-004
9.358606145049108e-010	1.726474e-004
9.408829359334825e-010	7.519013e-005
9.459052573620541e-010	-4.837278e-006
9.509275787906259e-010	-6.743483e-005
9.559499002191975e-010	-1.126025e-004
9.577635162906262e-010	-1.181817e-004
9.595771323620549e-010	-1.213779e-004
9.613907484334837e-010	-1.221913e-004
9.632043645049122e-010	-1.206219e-004
9.650179805763409e-010	-1.166696e-004
9.668315966477697e-010	-1.103344e-004
9.686452127191984e-010	-1.016164e-004
9.696217752191985e-010	-9.782094e-005
9.728304805763415e-010	-9.142622e-005
9.760391859334848e-010	-8.895011e-005
9.792478912906278e-010	-9.039261e-005
9.824565966477708e-010	-9.575373e-005
9.856653020049139e-010	-1.050335e-004
9.888740073620571e-010	-1.182318e-004
9.920827127192002e-010	-1.353488e-004
9.998952127192008e-010	-1.100723e-004
1.000000000000000e-009	-1.092441e-004
