time	V(d_3p)
0.000000000000000e+000	0.000000e+000
1.006906247753814e-011	-8.926028e-006
1.202218747753814e-011	3.525197e-005
1.271973212039528e-011	7.099716e-005
1.341727676325243e-011	1.041964e-004
1.411482140610957e-011	1.348498e-004
1.481236604896671e-011	1.629573e-004
1.550991069182385e-011	1.885188e-004
1.620745533468100e-011	2.115345e-004
1.690499997753814e-011	2.320042e-004
1.788156247753814e-011	2.292578e-004
1.885812497753814e-011	2.013452e-004
2.244140625000000e-011	-1.399467e-005
2.341796875000000e-011	-4.928305e-005
2.439453125000000e-011	-5.017848e-005
2.537109375000000e-011	-7.568058e-006
2.634765624999999e-011	8.222628e-005
2.732421874999999e-011	2.151428e-004
3.025390625000000e-011	7.092715e-004
3.123046875000000e-011	8.264307e-004
3.220703125000000e-011	8.820427e-004
3.318359375000000e-011	8.639565e-004
3.416015625000001e-011	7.718730e-004
3.513671875000001e-011	6.189593e-004
3.708984375000001e-011	2.499115e-004
3.806640625000002e-011	1.221918e-004
3.904296875000002e-011	1.057512e-004
4.001953125000002e-011	2.625161e-004
4.099609375000002e-011	6.569205e-004
4.197265625000002e-011	1.353867e-003
4.294921875000003e-011	2.417156e-003
4.392578125000003e-011	3.908316e-003
4.490234375000003e-011	5.885728e-003
4.587890625000003e-011	8.403843e-003
4.685546875000004e-011	1.151237e-002
4.783203125000004e-011	1.525529e-002
4.880859375000004e-011	1.966964e-002
4.978515625000004e-011	2.478407e-002
5.076171875000005e-011	3.061731e-002
5.173828125000005e-011	3.717657e-002
5.271484375000005e-011	4.445611e-002
5.369140625000005e-011	5.243614e-002
5.466796875000005e-011	6.108225e-002
5.564453125000006e-011	7.034534e-002
5.662109375000006e-011	8.016238e-002
5.857421875000006e-011	1.011453e-001
5.955078125000006e-011	1.123671e-001
6.052734375000006e-011	1.235478e-001
6.150390625000005e-011	1.346874e-001
6.248046875000005e-011	1.457859e-001
6.345703125000004e-011	1.568434e-001
6.443359375000004e-011	1.678597e-001
6.541015625000003e-011	1.788349e-001
6.833984375000002e-011	2.089779e-001
7.126953125000001e-011	2.352788e-001
7.419921875000000e-011	2.576485e-001
7.684988839285713e-011	2.742868e-001
7.950055803571426e-011	2.893516e-001
8.215122767857140e-011	3.028430e-001
8.480189732142853e-011	3.147610e-001
8.745256696428566e-011	3.251055e-001
9.010323660714279e-011	3.338766e-001
9.275390624999992e-011	3.410743e-001
9.698558109612572e-011	3.502920e-001
1.012172559422515e-010	3.583838e-001
1.054489307883773e-010	3.653498e-001
1.096806056345031e-010	3.711898e-001
1.139122804806289e-010	3.759040e-001
1.181439553267548e-010	3.794923e-001
1.223756301728805e-010	3.819547e-001
1.251658087443091e-010	3.833417e-001
1.279559873157377e-010	3.859155e-001
1.307461658871662e-010	3.896762e-001
1.335363444585948e-010	3.946236e-001
1.363265230300234e-010	4.007577e-001
1.391167016014519e-010	4.080787e-001
1.419068801728805e-010	4.165864e-001
1.437204962443090e-010	4.213388e-001
1.455341123157376e-010	4.233584e-001
1.473477283871662e-010	4.226451e-001
1.491613444585947e-010	4.191989e-001
1.509749605300233e-010	4.130199e-001
1.527885766014518e-010	4.041081e-001
1.546021926728804e-010	3.924634e-001
1.575318801728804e-010	3.666527e-001
1.587874605300232e-010	3.531916e-001
1.600430408871661e-010	3.395382e-001
1.612986212443089e-010	3.256927e-001
1.625542016014518e-010	3.116549e-001
1.638097819585946e-010	2.974249e-001
1.650653623157375e-010	2.830027e-001
1.663209426728804e-010	2.683883e-001
1.692506301728803e-010	2.375178e-001
1.721803176728803e-010	2.100433e-001
1.751100051728803e-010	1.859686e-001
1.780396926728803e-010	1.647995e-001
1.809693801728803e-010	1.459794e-001
1.838990676728803e-010	1.291318e-001
1.868287551728803e-010	1.140851e-001
1.897584426728803e-010	1.007738e-001
1.926881301728802e-010	8.912883e-002
1.956178176728802e-010	7.901990e-002
1.985475051728802e-010	7.025421e-002
2.014771926728802e-010	6.260952e-002
2.044068801728802e-010	5.588100e-002
2.073365676728802e-010	4.992874e-002
2.102662551728802e-010	4.471171e-002
2.131959426728802e-010	4.028806e-002
2.151490676728801e-010	3.783309e-002
2.171021926728801e-010	3.580284e-002
2.190553176728801e-010	3.419473e-002
2.219850051728801e-010	3.246220e-002
2.229615676728801e-010	3.208298e-002
2.239381301728801e-010	3.166857e-002
2.249146926728801e-010	3.121896e-002
2.258912551728801e-010	3.073416e-002
2.268678176728801e-010	3.021417e-002
2.278443801728801e-010	2.965898e-002
2.288209426728801e-010	2.906859e-002
2.297975051728801e-010	2.826464e-002
2.307740676728801e-010	2.729133e-002
2.317506301728801e-010	2.612207e-002
2.327271926728801e-010	2.473377e-002
2.337037551728801e-010	2.310782e-002
2.346803176728801e-010	2.123082e-002
2.356568801728801e-010	1.909529e-002
2.366334426728802e-010	1.670010e-002
2.376100051728802e-010	1.405070e-002
2.385865676728802e-010	1.115913e-002
2.395631301728802e-010	8.043827e-003
2.405396926728802e-010	4.729095e-003
2.415162551728803e-010	1.244479e-003
2.424928176728803e-010	-2.376120e-003
2.434693801728803e-010	-6.095461e-003
2.473756301728804e-010	-2.116263e-002
2.493287551728804e-010	-2.826809e-002
2.503053176728805e-010	-3.159562e-002
2.512818801728805e-010	-3.473859e-002
2.522584426728805e-010	-3.767735e-002
2.532350051728805e-010	-4.039743e-002
2.551881301728806e-010	-4.514902e-002
2.571412551728806e-010	-4.897473e-002
2.590943801728807e-010	-5.191861e-002
2.610475051728807e-010	-5.406697e-002
2.630006301728807e-010	-5.552633e-002
2.659303176728808e-010	-5.665518e-002
2.688600051728809e-010	-5.677293e-002
2.717896926728809e-010	-5.608064e-002
2.737428176728810e-010	-5.513973e-002
2.756959426728810e-010	-5.400713e-002
2.776490676728811e-010	-5.268284e-002
2.796021926728811e-010	-5.116686e-002
2.815553176728812e-010	-4.945920e-002
2.835084426728812e-010	-4.755985e-002
2.854615676728812e-010	-4.546881e-002
2.890887998157385e-010	-4.169392e-002
2.927160319585957e-010	-3.804611e-002
2.963432641014529e-010	-3.452539e-002
2.999704962443102e-010	-3.113176e-002
3.035977283871674e-010	-2.786522e-002
3.072249605300246e-010	-2.472576e-002
3.108521926728818e-010	-2.171339e-002
3.137818801728819e-010	-1.970289e-002
3.157350051728819e-010	-1.866532e-002
3.176881301728820e-010	-1.793462e-002
3.196412551728820e-010	-1.754829e-002
3.215943801728820e-010	-1.751910e-002
3.235475051728821e-010	-1.783004e-002
3.255006301728821e-010	-1.843348e-002
3.284303176728822e-010	-1.971780e-002
3.295463891014536e-010	-2.031141e-002
3.306624605300251e-010	-2.086436e-002
3.317785319585965e-010	-2.137667e-002
3.328946033871680e-010	-2.184834e-002
3.340106748157394e-010	-2.227935e-002
3.351267462443109e-010	-2.266971e-002
3.362428176728824e-010	-2.301943e-002
3.381959426728824e-010	-2.334990e-002
3.401490676728825e-010	-2.338634e-002
3.421021926728825e-010	-2.312537e-002
3.450318801728826e-010	-2.221973e-002
3.479615676728826e-010	-2.080438e-002
3.508912551728827e-010	-1.901809e-002
3.527048712443113e-010	-1.774590e-002
3.545184873157399e-010	-1.643953e-002
3.563321033871685e-010	-1.509897e-002
3.581457194585971e-010	-1.372422e-002
3.599593355300258e-010	-1.231529e-002
3.617729516014543e-010	-1.087218e-002
3.635865676728830e-010	-9.394879e-003
3.648421480300259e-010	-8.387329e-003
3.660977283871688e-010	-7.405811e-003
3.673533087443116e-010	-6.450325e-003
3.686088891014545e-010	-5.520871e-003
3.698644694585974e-010	-4.617451e-003
3.711200498157403e-010	-3.740062e-003
3.723756301728832e-010	-2.888706e-003
3.743287551728832e-010	-1.674616e-003
3.753053176728832e-010	-1.111200e-003
3.762818801728833e-010	-5.781498e-004
3.772584426728833e-010	-7.589754e-005
3.782350051728833e-010	3.955493e-004
3.792115676728833e-010	8.365983e-004
3.801881301728833e-010	1.248046e-003
3.821412551728834e-010	1.987030e-003
3.840943801728834e-010	2.624911e-003
3.860475051728835e-010	3.176786e-003
3.889771926728835e-010	3.876430e-003
3.919068801728836e-010	4.457120e-003
3.948365676728837e-010	4.934251e-003
3.977662551728837e-010	5.292536e-003
4.006959426728838e-010	5.492116e-003
4.026490676728838e-010	5.513099e-003
4.046021926728839e-010	5.430525e-003
4.065553176728839e-010	5.238579e-003
4.085084426728840e-010	4.939280e-003
4.114381301728840e-010	4.315277e-003
4.125542016014555e-010	4.019835e-003
4.136702730300269e-010	3.723462e-003
4.147863444585984e-010	3.426160e-003
4.159024158871699e-010	3.127929e-003
4.170184873157413e-010	2.828768e-003
4.181345587443128e-010	2.528677e-003
4.192506301728842e-010	2.227657e-003
4.212037551728842e-010	1.775674e-003
4.231568801728843e-010	1.404841e-003
4.251100051728843e-010	1.130945e-003
4.260865676728844e-010	1.033167e-003
4.270631301728844e-010	9.620739e-004
4.280396926728844e-010	9.175624e-004
4.290162551728844e-010	8.991605e-004
4.309693801728845e-010	9.372587e-004
4.329225051728845e-010	1.067216e-003
4.348756301728846e-010	1.277376e-003
4.368287551728846e-010	1.555010e-003
4.397584426728847e-010	2.070009e-003
4.411535319585990e-010	2.357509e-003
4.425486212443133e-010	2.647933e-003
4.439437105300276e-010	2.941279e-003
4.453387998157419e-010	3.237547e-003
4.467338891014562e-010	3.536739e-003
4.481289783871706e-010	3.838853e-003
4.495240676728849e-010	4.143890e-003
4.514771926728849e-010	4.551353e-003
4.534303176728850e-010	4.897407e-003
4.553834426728850e-010	5.182051e-003
4.573365676728851e-010	5.405286e-003
4.592896926728851e-010	5.567112e-003
4.612428176728851e-010	5.667528e-003
4.631959426728852e-010	5.706535e-003
4.661256301728852e-010	5.621596e-003
4.677997373157423e-010	5.497243e-003
4.694738444585993e-010	5.359032e-003
4.711479516014565e-010	5.206962e-003
4.728220587443136e-010	5.041034e-003
4.744961658871707e-010	4.861248e-003
4.761702730300277e-010	4.667603e-003
4.778443801728848e-010	4.460101e-003
4.796579962443134e-010	4.270173e-003
4.814716123157419e-010	4.077390e-003
4.832852283871704e-010	3.881752e-003
4.850988444585989e-010	3.683259e-003
4.869124605300274e-010	3.481911e-003
4.887260766014559e-010	3.277709e-003
4.905396926728844e-010	3.070651e-003
4.922137998157416e-010	2.840274e-003
4.938879069585986e-010	2.594989e-003
4.955620141014557e-010	2.334796e-003
4.972361212443128e-010	2.059695e-003
4.989102283871699e-010	1.769686e-003
5.005843355300270e-010	1.464769e-003
5.022584426728841e-010	1.144945e-003
5.035140230300269e-010	9.100766e-004
5.047696033871698e-010	6.915405e-004
5.060251837443126e-010	4.893362e-004
5.072807641014553e-010	3.034637e-004
5.085363444585981e-010	1.339231e-004
5.097919248157410e-010	-1.928573e-005
5.110475051728838e-010	-1.561627e-004
5.130006301728838e-010	-3.069362e-004
5.149537551728837e-010	-3.931659e-004
5.169068801728836e-010	-4.145830e-004
5.188600051728836e-010	-3.741665e-004
5.208131301728835e-010	-2.776989e-004
5.237428176728834e-010	-4.593767e-005
5.266725051728833e-010	2.599854e-004
5.280675944585975e-010	4.304757e-004
5.294626837443118e-010	5.952488e-004
5.308577730300260e-010	7.543047e-004
5.322528623157403e-010	9.076434e-004
5.336479516014545e-010	1.055265e-003
5.350430408871688e-010	1.197169e-003
5.364381301728830e-010	1.333357e-003
5.393678176728829e-010	1.541033e-003
5.422975051728829e-010	1.654163e-003
5.452271926728828e-010	1.665200e-003
5.481568801728827e-010	1.578671e-003
5.510865676728826e-010	1.410589e-003
5.526211658871683e-010	1.287907e-003
5.541557641014539e-010	1.164413e-003
5.556903623157396e-010	1.040107e-003
5.572249605300252e-010	9.149880e-004
5.587595587443109e-010	7.890572e-004
5.602941569585965e-010	6.623142e-004
5.618287551728823e-010	5.347591e-004
5.636423712443108e-010	4.145219e-004
5.654559873157393e-010	3.053135e-004
5.672696033871678e-010	2.071338e-004
5.690832194585963e-010	1.199829e-004
5.708968355300248e-010	4.386080e-005
5.727104516014533e-010	-2.123257e-005
5.745240676728819e-010	-7.529718e-005
5.766167016014532e-010	-1.564397e-004
5.787093355300246e-010	-2.460447e-004
5.808019694585959e-010	-3.441123e-004
5.828946033871674e-010	-4.506424e-004
5.849872373157387e-010	-5.656351e-004
5.870798712443101e-010	-6.890902e-004
5.891725051728814e-010	-8.210079e-004
5.918231748157385e-010	-9.613392e-004
5.944738444585955e-010	-1.038666e-003
5.971245141014526e-010	-1.052988e-003
5.997751837443097e-010	-1.004306e-003
6.024258533871668e-010	-8.926190e-004
6.050765230300237e-010	-7.179277e-004
6.077271926728808e-010	-4.802318e-004
6.091222819585950e-010	-3.386602e-004
6.105173712443093e-010	-2.006459e-004
6.119124605300235e-010	-6.618882e-005
6.133075498157378e-010	6.471102e-005
6.147026391014520e-010	1.920536e-004
6.160977283871663e-010	3.158390e-004
6.174928176728805e-010	4.360671e-004
6.204225051728804e-010	6.288254e-004
6.233521926728804e-010	7.509975e-004
6.262818801728803e-010	7.971454e-004
6.292115676728802e-010	7.702889e-004
6.308856748157373e-010	7.165261e-004
6.325597819585943e-010	6.543428e-004
6.342338891014514e-010	5.837392e-004
6.359079962443086e-010	5.047153e-004
6.375821033871657e-010	4.172710e-004
6.392562105300227e-010	3.214064e-004
6.409303176728798e-010	2.171214e-004
6.434414783871655e-010	8.565929e-005
6.459526391014511e-010	-2.252779e-005
6.484637998157368e-010	-1.074399e-004
6.509749605300223e-010	-1.690769e-004
6.534861212443080e-010	-2.074390e-004
6.559972819585936e-010	-2.225261e-004
6.585084426728793e-010	-2.143382e-004
6.608800944585934e-010	-2.143430e-004
6.632517462443077e-010	-2.182602e-004
6.656233980300219e-010	-2.260897e-004
6.679950498157362e-010	-2.378315e-004
6.703667016014503e-010	-2.534856e-004
6.727383533871646e-010	-2.730520e-004
6.751100051728788e-010	-2.965308e-004
6.774816569585929e-010	-2.942027e-004
6.798533087443072e-010	-2.676165e-004
6.822249605300214e-010	-2.167721e-004
6.845966123157356e-010	-1.416697e-004
6.869682641014498e-010	-4.230908e-005
6.893399158871641e-010	8.130963e-005
6.917115676728783e-010	2.291865e-004
6.935251837443068e-010	3.463160e-004
6.953387998157353e-010	4.501205e-004
6.971524158871638e-010	5.406001e-004
6.989660319585923e-010	6.177547e-004
7.007796480300208e-010	6.815843e-004
7.025932641014493e-010	7.320889e-004
7.044068801728779e-010	7.692685e-004
7.063600051728778e-010	7.712818e-004
7.083131301728777e-010	7.569775e-004
7.102662551728777e-010	7.263556e-004
7.122193801728776e-010	6.794162e-004
7.141725051728776e-010	6.161592e-004
7.161256301728775e-010	5.365847e-004
7.180787551728774e-010	4.406926e-004
7.203108980300202e-010	3.285068e-004
7.225430408871631e-010	2.293588e-004
7.247751837443058e-010	1.432484e-004
7.270073266014486e-010	7.017563e-005
7.292394694585913e-010	1.014056e-005
7.314716123157342e-010	-3.685683e-005
7.337037551728770e-010	-7.081656e-005
7.357963891014483e-010	-7.303930e-005
7.378890230300197e-010	-7.003626e-005
7.399816569585910e-010	-6.180744e-005
7.420742908871625e-010	-4.835285e-005
7.441669248157338e-010	-2.967247e-005
7.462595587443052e-010	-5.766321e-006
7.483521926728765e-010	2.336561e-005
7.507238444585907e-010	3.616397e-005
7.530954962443050e-010	5.106674e-005
7.554671480300191e-010	6.807392e-005
7.578387998157334e-010	8.718551e-005
7.602104516014476e-010	1.084015e-004
7.625821033871618e-010	1.317219e-004
7.649537551728760e-010	1.571467e-004
7.670463891014474e-010	2.036010e-004
7.691390230300187e-010	2.512116e-004
7.712316569585901e-010	2.999783e-004
7.733242908871615e-010	3.499013e-004
7.754169248157329e-010	4.009806e-004
7.775095587443042e-010	4.532160e-004
7.796021926728756e-010	5.066077e-004
7.822528623157326e-010	5.411763e-004
7.849035319585896e-010	5.542500e-004
7.875542016014467e-010	5.458288e-004
7.902048712443038e-010	5.159126e-004
7.928555408871609e-010	4.645015e-004
7.955062105300179e-010	3.915955e-004
7.981568801728750e-010	2.971946e-004
8.009470587443035e-010	1.955405e-004
8.037372373157320e-010	1.100163e-004
8.065274158871605e-010	4.062173e-005
8.093175944585889e-010	-1.264305e-005
8.121077730300174e-010	-4.977808e-005
8.148979516014459e-010	-7.078336e-005
8.176881301728744e-010	-7.565889e-005
8.201992908871601e-010	-5.237903e-005
8.227104516014456e-010	-2.728501e-005
8.252216123157313e-010	-3.768296e-007
8.277327730300169e-010	2.834551e-005
8.302439337443026e-010	5.888202e-005
8.327550944585882e-010	9.123268e-005
8.352662551728738e-010	1.253975e-004
8.391725051728737e-010	1.562866e-004
8.430787551728736e-010	1.874213e-004
8.469850051728735e-010	2.188018e-004
8.508912551728734e-010	2.504279e-004
8.547975051728732e-010	2.822997e-004
8.587037551728731e-010	3.144172e-004
8.626100051728730e-010	3.467804e-004
8.654001837443015e-010	3.417547e-004
8.681903623157300e-010	3.265675e-004
8.709805408871585e-010	3.012189e-004
8.737707194585869e-010	2.657087e-004
8.765608980300154e-010	2.200372e-004
8.793510766014439e-010	1.642041e-004
8.821412551728724e-010	9.820964e-005
8.859079962443009e-010	3.256543e-005
8.896747373157293e-010	-1.364659e-005
8.934414783871578e-010	-4.042643e-005
8.972082194585862e-010	-4.777409e-005
9.009749605300146e-010	-3.568956e-005
9.047417016014431e-010	-4.172853e-006
9.085084426728716e-010	4.677604e-005
9.146468355300145e-010	1.108758e-004
9.207852283871576e-010	1.609131e-004
9.269236212443005e-010	1.968879e-004
9.330620141014435e-010	2.188004e-004
9.392004069585865e-010	2.266505e-004
9.453387998157294e-010	2.204381e-004
9.514771926728724e-010	2.001633e-004
9.545463891014441e-010	1.639102e-004
9.576155855300157e-010	1.302101e-004
9.606847819585873e-010	9.906296e-005
9.637539783871592e-010	7.046883e-005
9.668231748157308e-010	4.442771e-005
9.698923712443024e-010	2.093958e-005
9.729615676728741e-010	4.443251e-009
9.739381301728741e-010	-2.321575e-006
9.774258533871602e-010	4.113238e-006
9.809135766014461e-010	1.432499e-005
9.844012998157321e-010	2.831369e-005
9.878890230300180e-010	4.607933e-005
9.913767462443040e-010	6.762191e-005
9.948644694585899e-010	9.294143e-005
9.983521926728760e-010	1.220379e-004
9.993287551728760e-010	1.274743e-004
1.000000000000000e-009	1.309985e-004
