time	V(d_3p)
0.000000000000000e+000	0.000000e+000
1.438437496791163e-012	1.975961e-006
2.876874993582326e-012	2.994283e-006
4.315312490373490e-012	3.054967e-006
5.753749987164652e-012	2.158012e-006
7.192187483955815e-012	3.034181e-007
8.630624980746979e-012	-2.508814e-006
1.006906247753814e-011	-6.278685e-006
1.104562497753814e-011	-2.888157e-005
1.202218747753814e-011	-4.678984e-005
1.299874997753814e-011	-6.000348e-005
1.397531247753814e-011	-6.852249e-005
1.495187497753814e-011	-7.234687e-005
1.592843747753814e-011	-7.147664e-005
1.690499997753814e-011	-6.591177e-005
1.769591515931841e-011	-3.904263e-005
1.848683034109867e-011	-1.199047e-005
1.927774552287894e-011	1.524472e-005
2.006866070465920e-011	4.266293e-005
2.085957588643947e-011	7.026416e-005
2.165049106821973e-011	9.804841e-005
2.244140625000000e-011	1.260157e-004
2.439453125000000e-011	1.373266e-004
2.634765624999999e-011	7.785549e-005
2.927734375000000e-011	-7.252597e-005
3.123046875000000e-011	-1.205650e-004
3.220703125000000e-011	-1.109731e-004
3.416015625000001e-011	-2.436615e-005
3.485770089285715e-011	2.988794e-005
3.555524553571430e-011	8.195237e-005
3.625279017857144e-011	1.318271e-004
3.695033482142858e-011	1.795123e-004
3.764787946428573e-011	2.250077e-004
3.834542410714287e-011	2.683136e-004
3.904296875000002e-011	3.094297e-004
4.099609375000002e-011	3.550421e-004
4.294921875000003e-011	3.251515e-004
4.378627232142860e-011	2.863606e-004
4.462332589285717e-011	2.509341e-004
4.546037946428575e-011	2.188721e-004
4.629743303571432e-011	1.901746e-004
4.713448660714289e-011	1.648416e-004
4.797154017857147e-011	1.428731e-004
4.880859375000004e-011	1.242690e-004
5.076171875000005e-011	1.535859e-004
5.271484375000005e-011	2.627081e-004
5.466796875000005e-011	4.386551e-004
5.550502232142863e-011	5.364002e-004
5.634207589285720e-011	6.279096e-004
5.717912946428577e-011	7.131833e-004
5.801618303571434e-011	7.922212e-004
5.885323660714291e-011	8.650234e-004
5.969029017857148e-011	9.315898e-004
6.052734375000006e-011	9.919205e-004
6.248046875000005e-011	1.043800e-003
6.443359375000004e-011	1.007580e-003
6.638671875000003e-011	9.469739e-004
6.736328125000003e-011	9.501523e-004
6.833984375000002e-011	1.010639e-003
6.931640625000002e-011	1.162828e-003
7.029296875000001e-011	1.447530e-003
7.126953125000001e-011	1.911504e-003
7.224609375000001e-011	2.606640e-003
7.322265625000000e-011	3.588795e-003
7.419921875000000e-011	4.916315e-003
7.517578124999999e-011	6.648280e-003
7.615234374999999e-011	8.842548e-003
7.712890624999998e-011	1.155367e-002
7.810546874999998e-011	1.483079e-002
7.908203124999998e-011	1.871560e-002
8.005859374999997e-011	2.324046e-002
8.103515624999997e-011	2.842684e-002
8.201171874999996e-011	3.428403e-002
8.298828124999996e-011	4.080835e-002
8.396484374999995e-011	4.798275e-002
8.494140624999995e-011	5.577698e-002
8.591796874999995e-011	6.414820e-002
8.689453124999994e-011	7.304202e-002
8.884765624999993e-011	9.213182e-002
8.982421874999993e-011	1.023765e-001
9.080078124999993e-011	1.126435e-001
9.177734374999992e-011	1.229327e-001
9.275390624999992e-011	1.332441e-001
9.373046874999991e-011	1.435778e-001
9.470703124999991e-011	1.539337e-001
9.568359374999990e-011	1.643119e-001
9.861328124999989e-011	1.933400e-001
1.008342633928570e-010	2.129417e-001
1.030552455357142e-010	2.309224e-001
1.052762276785713e-010	2.472823e-001
1.074972098214285e-010	2.620214e-001
1.097181919642857e-010	2.751396e-001
1.119391741071428e-010	2.866369e-001
1.141601562499999e-010	2.965134e-001
1.178531749134301e-010	3.108644e-001
1.215461935768604e-010	3.234919e-001
1.252392122402906e-010	3.343960e-001
1.289322309037208e-010	3.435765e-001
1.326252495671510e-010	3.510336e-001
1.363182682305812e-010	3.567672e-001
1.400112868940114e-010	3.607773e-001
1.446150815368685e-010	3.656006e-001
1.492188761797256e-010	3.696489e-001
1.538226708225828e-010	3.729222e-001
1.584264654654399e-010	3.754204e-001
1.630302601082970e-010	3.771436e-001
1.676340547511541e-010	3.780917e-001
1.722378493940112e-010	3.782648e-001
1.747490101082969e-010	3.761701e-001
1.772601708225827e-010	3.702000e-001
1.797713315368684e-010	3.603543e-001
1.822824922511541e-010	3.466332e-001
1.847936529654398e-010	3.290366e-001
1.873048136797255e-010	3.075645e-001
1.898159743940112e-010	2.822169e-001
1.912110636797254e-010	2.671939e-001
1.926061529654397e-010	2.524669e-001
1.940012422511540e-010	2.380360e-001
1.953963315368683e-010	2.239012e-001
1.967914208225826e-010	2.100625e-001
1.981865101082968e-010	1.965198e-001
1.995815993940111e-010	1.832733e-001
2.025112868940111e-010	1.588591e-001
2.054409743940111e-010	1.378852e-001
2.083706618940111e-010	1.199970e-001
2.113003493940111e-010	1.046755e-001
2.142300368940111e-010	9.152021e-002
2.161831618940111e-010	8.387405e-002
2.181362868940110e-010	7.714868e-002
2.200894118940110e-010	7.140274e-002
2.220425368940110e-010	6.670577e-002
2.239956618940110e-010	6.311407e-002
2.259487868940110e-010	6.064993e-002
2.279019118940110e-010	5.928753e-002
2.298550368940110e-010	5.894709e-002
2.318081618940110e-010	5.949739e-002
2.347378493940110e-010	6.160657e-002
2.435269118940112e-010	7.083283e-002
2.464565993940113e-010	7.298058e-002
2.493862868940113e-010	7.413967e-002
2.523159743940114e-010	7.426791e-002
2.544086083225828e-010	7.362345e-002
2.565012422511543e-010	7.270473e-002
2.585938761797258e-010	7.151176e-002
2.606865101082973e-010	7.004453e-002
2.627791440368688e-010	6.830305e-002
2.648717779654403e-010	6.628731e-002
2.669644118940117e-010	6.399732e-002
2.696150815368689e-010	6.099564e-002
2.722657511797261e-010	5.798371e-002
2.749164208225833e-010	5.496153e-002
2.775670904654405e-010	5.192908e-002
2.802177601082977e-010	4.888639e-002
2.828684297511549e-010	4.583344e-002
2.855190993940121e-010	4.277023e-002
2.894253493940122e-010	3.874649e-002
2.933315993940123e-010	3.494113e-002
2.972378493940124e-010	3.135412e-002
3.011440993940125e-010	2.798548e-002
3.050503493940126e-010	2.483521e-002
3.089565993940126e-010	2.190330e-002
3.128628493940127e-010	1.918975e-002
3.138394118940128e-010	1.852384e-002
3.148159743940128e-010	1.781543e-002
3.157925368940128e-010	1.706450e-002
3.167690993940128e-010	1.627107e-002
3.177456618940128e-010	1.543513e-002
3.187222243940129e-010	1.455668e-002
3.196987868940129e-010	1.363572e-002
3.206753493940129e-010	1.260056e-002
3.216519118940129e-010	1.146841e-002
3.226284743940129e-010	1.022811e-002
3.236050368940130e-010	8.869849e-003
3.245815993940130e-010	7.385599e-003
3.255581618940130e-010	5.769508e-003
3.265347243940130e-010	4.018254e-003
3.275112868940131e-010	2.131315e-003
3.284878493940131e-010	1.111762e-004
3.294644118940131e-010	-2.036567e-003
3.304409743940131e-010	-4.303201e-003
3.314175368940131e-010	-6.676984e-003
3.323940993940132e-010	-9.143344e-003
3.343472243940132e-010	-1.428317e-002
3.351842779654418e-010	-1.657458e-002
3.360213315368704e-010	-1.884211e-002
3.368583851082990e-010	-2.108577e-002
3.376954386797276e-010	-2.330555e-002
3.385324922511562e-010	-2.550147e-002
3.393695458225847e-010	-2.767351e-002
3.402065993940133e-010	-2.982168e-002
3.421597243940134e-010	-3.445548e-002
3.441128493940134e-010	-3.856884e-002
3.460659743940135e-010	-4.206712e-002
3.480190993940135e-010	-4.490017e-002
3.499722243940136e-010	-4.706060e-002
3.519253493940136e-010	-4.857691e-002
3.538784743940136e-010	-4.950302e-002
3.568081618940137e-010	-4.993383e-002
3.597378493940138e-010	-4.941516e-002
3.626675368940138e-010	-4.812468e-002
3.655972243940139e-010	-4.617032e-002
3.685269118940140e-010	-4.360794e-002
3.714565993940140e-010	-4.048128e-002
3.729911976082998e-010	-3.857728e-002
3.745257958225855e-010	-3.661377e-002
3.760603940368713e-010	-3.459076e-002
3.775949922511570e-010	-3.250824e-002
3.791295904654428e-010	-3.036622e-002
3.806641886797285e-010	-2.816468e-002
3.821987868940143e-010	-2.590365e-002
3.837333851083000e-010	-2.370672e-002
3.852679833225857e-010	-2.162663e-002
3.868025815368715e-010	-1.966339e-002
3.883371797511573e-010	-1.781700e-002
3.898717779654430e-010	-1.608745e-002
3.914063761797287e-010	-1.447475e-002
3.929409743940145e-010	-1.297889e-002
3.948940993940146e-010	-1.134079e-002
3.968472243940146e-010	-9.948233e-003
3.988003493940146e-010	-8.792984e-003
4.007534743940147e-010	-7.861129e-003
4.027065993940147e-010	-7.134790e-003
4.046597243940148e-010	-6.593567e-003
4.066128493940148e-010	-6.215732e-003
4.085659743940149e-010	-5.979165e-003
4.105190993940149e-010	-5.862113e-003
4.134487868940150e-010	-5.865493e-003
4.163784743940150e-010	-6.027256e-003
4.181920904654437e-010	-6.203460e-003
4.200057065368722e-010	-6.385363e-003
4.218193226083009e-010	-6.572963e-003
4.236329386797295e-010	-6.766260e-003
4.254465547511581e-010	-6.965256e-003
4.272601708225867e-010	-7.169950e-003
4.290737868940153e-010	-7.380341e-003
4.320034743940154e-010	-7.635042e-003
4.349331618940154e-010	-7.840843e-003
4.378628493940155e-010	-7.997746e-003
4.407925368940156e-010	-8.105749e-003
4.437222243940156e-010	-8.164853e-003
4.466519118940157e-010	-8.175058e-003
4.495815993940158e-010	-8.136365e-003
4.515347243940158e-010	-8.102895e-003
4.534878493940159e-010	-8.074735e-003
4.554409743940159e-010	-8.051883e-003
4.573940993940159e-010	-8.034340e-003
4.593472243940160e-010	-8.022107e-003
4.613003493940160e-010	-8.015182e-003
4.632534743940161e-010	-8.013566e-003
4.661831618940161e-010	-8.139211e-003
4.691128493940160e-010	-8.436243e-003
4.720425368940159e-010	-8.956072e-003
4.749722243940158e-010	-9.716278e-003
4.762278047511586e-010	-1.013367e-002
4.774833851083015e-010	-1.056122e-002
4.787389654654443e-010	-1.099891e-002
4.799945458225871e-010	-1.144675e-002
4.812501261797299e-010	-1.190474e-002
4.825057065368728e-010	-1.237288e-002
4.837612868940155e-010	-1.285116e-002
4.866909743940155e-010	-1.377193e-002
4.896206618940154e-010	-1.439879e-002
4.915737868940153e-010	-1.460359e-002
4.935269118940152e-010	-1.461858e-002
4.954800368940152e-010	-1.444018e-002
4.984097243940151e-010	-1.382769e-002
5.013394118940150e-010	-1.285448e-002
5.042690993940149e-010	-1.159894e-002
5.059432065368720e-010	-1.076351e-002
5.076173136797291e-010	-9.899253e-003
5.092914208225862e-010	-9.006161e-003
5.109655279654433e-010	-8.084236e-003
5.126396351083004e-010	-7.133479e-003
5.143137422511574e-010	-6.153888e-003
5.159878493940146e-010	-5.145465e-003
5.172434297511573e-010	-4.392286e-003
5.184990101083002e-010	-3.647100e-003
5.197545904654430e-010	-2.909905e-003
5.210101708225858e-010	-2.180703e-003
5.222657511797286e-010	-1.459493e-003
5.235213315368715e-010	-7.462753e-004
5.247769118940143e-010	-4.104987e-005
5.267300368940142e-010	1.000478e-003
5.286831618940142e-010	1.978150e-003
5.306362868940141e-010	2.878666e-003
5.325894118940140e-010	3.690426e-003
5.345425368940140e-010	4.404163e-003
5.364956618940139e-010	5.013334e-003
5.384487868940139e-010	5.514255e-003
5.404019118940138e-010	5.906013e-003
5.423550368940137e-010	6.190235e-003
5.452847243940137e-010	6.423872e-003
5.482144118940136e-010	6.445220e-003
5.511440993940135e-010	6.282033e-003
5.540737868940134e-010	5.967159e-003
5.557478940368705e-010	5.716834e-003
5.574220011797275e-010	5.451930e-003
5.590961083225846e-010	5.172445e-003
5.607702154654418e-010	4.878381e-003
5.624443226082989e-010	4.569737e-003
5.641184297511559e-010	4.246513e-003
5.657925368940130e-010	3.908709e-003
5.694197690368701e-010	3.218798e-003
5.730470011797270e-010	2.613149e-003
5.766742333225841e-010	2.091764e-003
5.803014654654412e-010	1.654641e-003
5.839286976082982e-010	1.301781e-003
5.875559297511552e-010	1.033184e-003
5.911831618940122e-010	8.488501e-004
5.939733404654407e-010	7.428687e-004
5.967635190368692e-010	6.514674e-004
5.995536976082977e-010	5.746461e-004
6.023438761797261e-010	5.124049e-004
6.051340547511546e-010	4.647438e-004
6.079242333225831e-010	4.316627e-004
6.107144118940116e-010	4.131616e-004
6.132255726082973e-010	3.824627e-004
6.157367333225829e-010	3.286151e-004
6.182478940368686e-010	2.516189e-004
6.207590547511542e-010	1.514740e-004
6.232702154654398e-010	2.818036e-005
6.257813761797254e-010	-1.182619e-004
6.282925368940111e-010	-2.878528e-004
6.296876261797253e-010	-3.810617e-004
6.310827154654396e-010	-4.588409e-004
6.324778047511538e-010	-5.211906e-004
6.338728940368681e-010	-5.681108e-004
6.352679833225823e-010	-5.996014e-004
6.366630726082966e-010	-6.156625e-004
6.380581618940108e-010	-6.162940e-004
6.400112868940107e-010	-5.668381e-004
6.419644118940107e-010	-4.691803e-004
6.439175368940106e-010	-3.243188e-004
6.468472243940105e-010	-2.650161e-005
6.497769118940104e-010	3.505775e-004
6.514510190368676e-010	6.024142e-004
6.531251261797246e-010	8.576265e-004
6.547992333225817e-010	1.116214e-003
6.564733404654388e-010	1.378178e-003
6.581474476082959e-010	1.643516e-003
6.598215547511530e-010	1.912231e-003
6.614956618940101e-010	2.184321e-003
6.638673136797242e-010	2.557135e-003
6.662389654654385e-010	2.891634e-003
6.686106172511527e-010	3.187816e-003
6.709822690368670e-010	3.445683e-003
6.733539208225811e-010	3.665234e-003
6.757255726082954e-010	3.846469e-003
6.780972243940096e-010	3.989388e-003
6.808874029654381e-010	4.061190e-003
6.836775815368666e-010	4.063371e-003
6.864677601082951e-010	3.995929e-003
6.892579386797235e-010	3.858865e-003
6.920481172511520e-010	3.652180e-003
6.948382958225805e-010	3.375872e-003
6.976284743940090e-010	3.029942e-003
6.995815993940089e-010	2.764631e-003
7.015347243940088e-010	2.499851e-003
7.034878493940088e-010	2.235603e-003
7.054409743940087e-010	1.971886e-003
7.073940993940087e-010	1.708701e-003
7.093472243940086e-010	1.446047e-003
7.113003493940085e-010	1.183925e-003
7.143695458225799e-010	8.271334e-004
7.174387422511512e-010	5.221143e-004
7.205079386797225e-010	2.688680e-004
7.235771351082939e-010	6.739448e-005
7.266463315368652e-010	-8.230625e-005
7.297155279654366e-010	-1.802342e-004
7.327847243940079e-010	-2.263893e-004
7.359934297511506e-010	-2.402092e-004
7.392021351082934e-010	-2.403695e-004
7.424108404654362e-010	-2.268702e-004
7.456195458225789e-010	-1.997112e-004
7.488282511797217e-010	-1.588926e-004
7.520369565368645e-010	-1.044144e-004
7.552456618940072e-010	-3.627663e-005
7.588728940368643e-010	4.582550e-005
7.625001261797212e-010	1.110182e-004
7.661273583225783e-010	1.593015e-004
7.697545904654353e-010	1.906754e-004
7.733818226082924e-010	2.051398e-004
7.770090547511494e-010	2.026949e-004
7.806362868940064e-010	1.833405e-004
7.835659743940063e-010	1.862846e-004
7.864956618940062e-010	2.137450e-004
7.894253493940061e-010	2.657216e-004
7.923550368940061e-010	3.422146e-004
7.952847243940060e-010	4.432238e-004
7.982144118940059e-010	5.687492e-004
8.011440993940058e-010	7.187909e-004
8.037947690368629e-010	8.609138e-004
8.064454386797199e-010	9.860995e-004
8.090961083225770e-010	1.094348e-003
8.117467779654340e-010	1.185659e-003
8.143974476082911e-010	1.260033e-003
8.170481172511481e-010	1.317470e-003
8.196987868940052e-010	1.357970e-003
8.229074922511479e-010	1.353605e-003
8.261161976082908e-010	1.316439e-003
8.293249029654335e-010	1.246471e-003
8.325336083225762e-010	1.143702e-003
8.357423136797190e-010	1.008133e-003
8.389510190368618e-010	8.397616e-004
8.421597243940045e-010	6.385895e-004
8.443918672511473e-010	4.913163e-004
8.466240101082901e-010	3.515851e-004
8.488561529654329e-010	2.193960e-004
8.510882958225757e-010	9.474901e-005
8.533204386797184e-010	-2.235596e-005
8.555525815368613e-010	-1.319189e-004
8.577847243940040e-010	-2.339397e-004
8.607144118940040e-010	-3.245803e-004
8.636440993940039e-010	-3.906911e-004
8.665737868940038e-010	-4.322719e-004
8.695034743940037e-010	-4.493229e-004
8.724331618940036e-010	-4.418440e-004
8.753628493940035e-010	-4.098352e-004
8.782925368940034e-010	-3.532965e-004
8.831753493940033e-010	-2.476846e-004
8.880581618940031e-010	-1.471859e-004
8.929409743940030e-010	-5.180027e-005
8.978237868940028e-010	3.847219e-005
9.027065993940027e-010	1.236315e-004
9.075894118940025e-010	2.036777e-004
9.124722243940024e-010	2.786107e-004
9.154019118940023e-010	2.979694e-004
9.183315993940023e-010	3.131159e-004
9.212612868940022e-010	3.240503e-004
9.241909743940021e-010	3.307726e-004
9.271206618940021e-010	3.332826e-004
9.300503493940020e-010	3.315805e-004
9.329800368940019e-010	3.256663e-004
9.359097243940022e-010	3.475136e-004
9.388394118940024e-010	3.743634e-004
9.417690993940026e-010	4.062158e-004
9.446987868940028e-010	4.430708e-004
9.476284743940030e-010	4.849283e-004
9.505581618940033e-010	5.317884e-004
9.534878493940035e-010	5.836511e-004
9.562780279654323e-010	6.141638e-004
9.590682065368611e-010	6.314665e-004
9.618583851082899e-010	6.355593e-004
9.646485636797185e-010	6.264420e-004
9.674387422511473e-010	6.041148e-004
9.702289208225761e-010	5.685776e-004
9.730190993940049e-010	5.198304e-004
9.739956618940050e-010	5.007350e-004
9.769253493940052e-010	4.292680e-004
9.798550368940055e-010	3.571305e-004
9.827847243940057e-010	2.843225e-004
9.857144118940059e-010	2.108439e-004
9.886440993940061e-010	1.366949e-004
9.915737868940063e-010	6.187535e-005
9.945034743940066e-010	-1.361472e-005
9.993862868940069e-010	-1.000612e-004
1.000000000000000e-009	-1.082009e-004
