time	V(d_3p)
0.000000000000000e+000	0.000000e+000
3.807224696223548e-013	2.799967e-007
7.614449392447096e-013	-5.533913e-008
1.142167408867064e-012	-1.006008e-006
1.522889878489419e-012	-2.572009e-006
1.903612348111774e-012	-4.753342e-006
2.284334817734129e-012	-7.550009e-006
2.665057287356483e-012	-1.096201e-005
4.532207081718554e-012	2.742479e-005
5.508769581718554e-012	2.302714e-005
7.461894581718553e-012	-4.571140e-005
8.438457081718554e-012	-5.867697e-005
9.415019581718555e-012	-2.367098e-005
1.039158208171856e-011	5.969323e-005
1.221742811496918e-011	2.420673e-004
1.312227392286177e-011	2.750445e-004
1.394133715883361e-011	2.478375e-004
1.589446215883361e-011	7.630765e-005
1.687102465883361e-011	1.072053e-004
1.784758715883361e-011	4.029792e-004
1.877833910936164e-011	1.083322e-003
1.968242369083361e-011	2.254199e-003
2.009765625000000e-011	2.993097e-003
2.029296875000000e-011	3.385068e-003
2.068359375000000e-011	4.269052e-003
2.140634068800501e-011	6.278850e-003
2.238290318800501e-011	9.770963e-003
2.335946568800501e-011	1.416156e-002
2.433602818800500e-011	1.946636e-002
2.531259068800500e-011	2.568067e-002
2.628915318800500e-011	3.275961e-002
2.726571568800500e-011	4.062071e-002
2.824227818800500e-011	4.916162e-002
2.921884068800500e-011	5.828547e-002
3.019540318800500e-011	6.792339e-002
3.117196568800500e-011	7.804474e-002
3.214852818800501e-011	8.865151e-002
3.410165318800501e-011	1.113696e-001
3.605477818800502e-011	1.359187e-001
3.689183175943359e-011	1.470828e-001
3.772888533086216e-011	1.580524e-001
3.856593890229074e-011	1.688275e-001
3.940299247371931e-011	1.794081e-001
4.024004604514788e-011	1.897942e-001
4.107709961657646e-011	1.999858e-001
4.191415318800503e-011	2.099828e-001
4.386727818800503e-011	2.309349e-001
4.679696568800504e-011	2.576949e-001
4.972665318800505e-011	2.800229e-001
5.140076033086219e-011	2.907734e-001
5.307486747371933e-011	3.013922e-001
5.474897461657648e-011	3.118794e-001
5.642308175943363e-011	3.222349e-001
5.809718890229077e-011	3.324586e-001
5.977129604514792e-011	3.425507e-001
6.144540318800506e-011	3.525111e-001
6.367754604514790e-011	3.678954e-001
6.590968890229075e-011	3.825250e-001
6.814183175943360e-011	3.963998e-001
7.037397461657645e-011	4.095198e-001
7.260611747371930e-011	4.218851e-001
7.483826033086214e-011	4.334956e-001
7.707040318800499e-011	4.443514e-001
7.916303711657640e-011	4.509910e-001
8.125567104514783e-011	4.563086e-001
8.334830497371924e-011	4.603044e-001
8.544093890229067e-011	4.629783e-001
8.753357283086208e-011	4.643302e-001
8.962620675943351e-011	4.643603e-001
9.171884068800493e-011	4.630684e-001
9.478523398257564e-011	4.631504e-001
9.785162727714637e-011	4.629109e-001
1.009180205717171e-010	4.623501e-001
1.039844138662878e-010	4.614678e-001
1.070508071608585e-010	4.602642e-001
1.101172004554292e-010	4.587392e-001
1.131835937500000e-010	4.568928e-001
1.144477294979748e-010	4.563904e-001
1.157118652459497e-010	4.549978e-001
1.169760009939245e-010	4.527149e-001
1.182401367418994e-010	4.495419e-001
1.195042724898743e-010	4.454785e-001
1.207684082378491e-010	4.405250e-001
1.220325439858240e-010	4.346812e-001
1.247298562070680e-010	4.157411e-001
1.275770020772203e-010	3.887728e-001
1.291116002915061e-010	3.717801e-001
1.306461985057918e-010	3.538989e-001
1.321807967200775e-010	3.351293e-001
1.337153949343632e-010	3.154714e-001
1.352499931486489e-010	2.949250e-001
1.367845913629346e-010	2.734903e-001
1.383191895772203e-010	2.511671e-001
1.412488770772203e-010	2.115317e-001
1.432020020772203e-010	1.879133e-001
1.451551270772203e-010	1.669185e-001
1.471082520772203e-010	1.482863e-001
1.490613770772202e-010	1.315451e-001
1.519910645772202e-010	1.089826e-001
1.531071360057917e-010	1.011351e-001
1.542232074343631e-010	9.332382e-002
1.553392788629345e-010	8.554866e-002
1.564553502915059e-010	7.780965e-002
1.575714217200774e-010	7.010680e-002
1.586874931486488e-010	6.244010e-002
1.598035645772202e-010	5.480956e-002
1.627332520772202e-010	3.378241e-002
1.656629395772202e-010	1.258216e-002
1.666395020772202e-010	5.694098e-003
1.676160645772202e-010	-1.036347e-003
1.685926270772202e-010	-7.582689e-003
1.695691895772202e-010	-1.392775e-002
1.705457520772202e-010	-2.006023e-002
1.715223145772202e-010	-2.597002e-002
1.724988770772201e-010	-3.164349e-002
1.734754395772201e-010	-3.705994e-002
1.744520020772201e-010	-4.219006e-002
1.754285645772201e-010	-4.699681e-002
1.764051270772201e-010	-5.143856e-002
1.773816895772201e-010	-5.547387e-002
1.783582520772201e-010	-5.906696e-002
1.793348145772201e-010	-6.219284e-002
1.803113770772201e-010	-6.484127e-002
1.812879395772201e-010	-6.701872e-002
1.822645020772201e-010	-6.874824e-002
1.842176270772201e-010	-7.102390e-002
1.861707520772201e-010	-7.206815e-002
1.891004395772201e-010	-7.224185e-002
1.911930735057915e-010	-7.179176e-002
1.932857074343629e-010	-7.136792e-002
1.953783413629343e-010	-7.097032e-002
1.974709752915058e-010	-7.059896e-002
1.995636092200772e-010	-7.025384e-002
2.016562431486486e-010	-6.993497e-002
2.037488770772200e-010	-6.964234e-002
2.066785645772200e-010	-6.845521e-002
2.096082520772200e-010	-6.631140e-002
2.125379395772200e-010	-6.312766e-002
2.154676270772200e-010	-5.882481e-002
2.183973145772200e-010	-5.335592e-002
2.195133860057914e-010	-5.090718e-002
2.206294574343628e-010	-4.844389e-002
2.217455288629342e-010	-4.596604e-002
2.228616002915057e-010	-4.347364e-002
2.239776717200771e-010	-4.096668e-002
2.250937431486485e-010	-3.844517e-002
2.262098145772199e-010	-3.590911e-002
2.281629395772199e-010	-3.188061e-002
2.301160645772199e-010	-2.822071e-002
2.320691895772199e-010	-2.494043e-002
2.340223145772199e-010	-2.201390e-002
2.359754395772200e-010	-1.939481e-002
2.389051270772200e-010	-1.590830e-002
2.404397252915058e-010	-1.426260e-002
2.419743235057915e-010	-1.262281e-002
2.435089217200773e-010	-1.098891e-002
2.450435199343630e-010	-9.360919e-003
2.465781181486488e-010	-7.738824e-003
2.481127163629345e-010	-6.122628e-003
2.496473145772203e-010	-4.512332e-003
2.507633860057917e-010	-3.310702e-003
2.518794574343632e-010	-2.115550e-003
2.529955288629346e-010	-9.268773e-004
2.541116002915061e-010	2.553162e-004
2.552276717200775e-010	1.431031e-003
2.563437431486490e-010	2.600266e-003
2.574598145772205e-010	3.763022e-003
2.594129395772205e-010	5.680415e-003
2.603895020772205e-010	6.576920e-003
2.613660645772205e-010	7.420144e-003
2.623426270772206e-010	8.202256e-003
2.633191895772206e-010	8.916946e-003
2.642957520772206e-010	9.559838e-003
2.652723145772206e-010	1.012869e-002
2.672254395772207e-010	1.104577e-002
2.691785645772207e-010	1.168859e-002
2.711316895772208e-010	1.209675e-002
2.740613770772208e-010	1.237102e-002
2.755959752915066e-010	1.236455e-002
2.771305735057923e-010	1.233797e-002
2.786651717200781e-010	1.229128e-002
2.801997699343638e-010	1.222447e-002
2.817343681486496e-010	1.213755e-002
2.832689663629353e-010	1.203051e-002
2.848035645772211e-010	1.190336e-002
2.866171806486497e-010	1.180907e-002
2.884307967200783e-010	1.170229e-002
2.902444127915069e-010	1.158301e-002
2.920580288629355e-010	1.145124e-002
2.938716449343641e-010	1.130698e-002
2.956852610057927e-010	1.115022e-002
2.974988770772213e-010	1.098097e-002
3.004285645772214e-010	1.052840e-002
3.033582520772215e-010	9.871330e-003
3.062879395772215e-010	9.017872e-003
3.078225377915073e-010	8.486308e-003
3.093571360057930e-010	7.954917e-003
3.108917342200788e-010	7.423699e-003
3.124263324343645e-010	6.892653e-003
3.139609306486503e-010	6.361779e-003
3.154955288629360e-010	5.831077e-003
3.170301270772218e-010	5.300548e-003
3.199598145772218e-010	4.409994e-003
3.228895020772219e-010	3.643324e-003
3.258191895772220e-010	3.004074e-003
3.287488770772220e-010	2.475982e-003
3.301439663629363e-010	2.265951e-003
3.315390556486507e-010	2.060010e-003
3.329341449343650e-010	1.858161e-003
3.343292342200793e-010	1.660404e-003
3.357243235057936e-010	1.466737e-003
3.371194127915080e-010	1.277162e-003
3.385145020772223e-010	1.091678e-003
3.399095913629366e-010	8.822178e-004
3.413046806486509e-010	6.695605e-004
3.426997699343652e-010	4.537057e-004
3.440948592200795e-010	2.346535e-004
3.454899485057938e-010	1.240376e-005
3.468850377915082e-010	-2.130434e-004
3.482801270772225e-010	-4.416881e-004
3.512098145772225e-010	-8.676302e-004
3.541395020772226e-010	-1.215133e-003
3.570691895772227e-010	-1.458920e-003
3.599988770772227e-010	-1.588618e-003
3.629285645772228e-010	-1.612291e-003
3.644631627915086e-010	-1.578119e-003
3.659977610057943e-010	-1.538409e-003
3.675323592200800e-010	-1.493162e-003
3.690669574343658e-010	-1.442377e-003
3.706015556486516e-010	-1.386055e-003
3.721361538629373e-010	-1.324196e-003
3.736707520772230e-010	-1.256799e-003
3.754843681486517e-010	-1.208466e-003
3.772979842200803e-010	-1.171192e-003
3.791116002915089e-010	-1.144978e-003
3.809252163629375e-010	-1.129824e-003
3.827388324343661e-010	-1.125730e-003
3.845524485057947e-010	-1.132696e-003
3.863660645772233e-010	-1.150722e-003
3.884586985057948e-010	-1.147319e-003
3.905513324343663e-010	-1.116510e-003
3.926439663629377e-010	-1.058296e-003
3.947366002915092e-010	-9.726768e-004
3.968292342200807e-010	-8.596524e-004
3.989218681486522e-010	-7.192228e-004
4.010145020772236e-010	-5.513879e-004
4.028281181486523e-010	-4.004197e-004
4.046417342200809e-010	-2.649077e-004
4.064553502915095e-010	-1.448519e-004
4.082689663629381e-010	-4.025223e-005
4.100825824343667e-010	4.889128e-005
4.118961985057953e-010	1.225786e-004
4.137098145772239e-010	1.808098e-004
4.152444127915097e-010	2.015626e-004
4.167790110057954e-010	2.173988e-004
4.183136092200812e-010	2.283185e-004
4.198482074343669e-010	2.343217e-004
4.213828056486527e-010	2.354084e-004
4.229174038629384e-010	2.315786e-004
4.244520020772242e-010	2.228323e-004
4.262656181486528e-010	2.363301e-004
4.280792342200814e-010	2.608433e-004
4.298928502915100e-010	2.963719e-004
4.317064663629386e-010	3.429158e-004
4.335200824343672e-010	4.004752e-004
4.353336985057959e-010	4.690499e-004
4.371473145772244e-010	5.486399e-004
4.396584752915102e-010	6.344661e-004
4.421696360057960e-010	6.938402e-004
4.446807967200817e-010	7.267623e-004
4.471919574343675e-010	7.332324e-004
4.497031181486533e-010	7.132504e-004
4.522142788629390e-010	6.668164e-004
4.547254395772248e-010	5.939304e-004
4.572366002915106e-010	5.255554e-004
4.597477610057962e-010	4.746476e-004
4.622589217200820e-010	4.412070e-004
4.647700824343677e-010	4.252337e-004
4.672812431486534e-010	4.267276e-004
4.697924038629392e-010	4.456888e-004
4.723035645772249e-010	4.821172e-004
4.745357074343676e-010	4.989041e-004
4.767678502915105e-010	5.020848e-004
4.789999931486532e-010	4.916592e-004
4.812321360057960e-010	4.676275e-004
4.834642788629388e-010	4.299895e-004
4.856964217200816e-010	3.787453e-004
4.879285645772244e-010	3.138949e-004
4.907187431486529e-010	2.452828e-004
4.935089217200814e-010	1.933031e-004
4.962991002915099e-010	1.579557e-004
4.990892788629383e-010	1.392406e-004
5.018794574343668e-010	1.371580e-004
5.046696360057953e-010	1.517076e-004
5.074598145772238e-010	1.828896e-004
5.096919574343665e-010	1.922656e-004
5.119241002915094e-010	1.933906e-004
5.141562431486522e-010	1.862645e-004
5.163883860057949e-010	1.708873e-004
5.186205288629377e-010	1.472591e-004
5.208526717200805e-010	1.153799e-004
5.230848145772233e-010	7.524966e-005
5.258749931486518e-010	4.995584e-005
5.286651717200803e-010	3.438462e-005
5.314553502915088e-010	2.853600e-005
5.342455288629372e-010	3.240998e-005
5.370357074343657e-010	4.600657e-005
5.398258860057942e-010	6.932576e-005
5.426160645772227e-010	1.023676e-004
5.449877163629369e-010	1.108295e-004
5.473593681486511e-010	1.143691e-004
5.497310199343653e-010	1.129863e-004
5.521026717200796e-010	1.066810e-004
5.544743235057937e-010	9.545331e-005
5.568459752915080e-010	7.930322e-005
5.592176270772222e-010	5.823071e-005
5.620078056486507e-010	6.237878e-005
5.647979842200792e-010	6.908660e-005
5.675881627915077e-010	7.835416e-005
5.703783413629361e-010	9.018146e-005
5.731685199343646e-010	1.045685e-004
5.759586985057931e-010	1.215153e-004
5.787488770772216e-010	1.410218e-004
5.815390556486501e-010	1.358848e-004
5.843292342200786e-010	1.309278e-004
5.871194127915071e-010	1.261506e-004
5.899095913629355e-010	1.215533e-004
5.926997699343640e-010	1.171358e-004
5.954899485057925e-010	1.128983e-004
5.982801270772210e-010	1.088406e-004
6.026049038629351e-010	1.277365e-004
6.069296806486493e-010	1.404830e-004
6.112544574343634e-010	1.470803e-004
6.155792342200776e-010	1.475283e-004
6.199040110057917e-010	1.418270e-004
6.242287877915059e-010	1.299764e-004
6.285535645772201e-010	1.119766e-004
6.334363770772199e-010	1.188273e-004
6.383191895772198e-010	1.221479e-004
6.432020020772196e-010	1.219383e-004
6.480848145772195e-010	1.181984e-004
6.529676270772193e-010	1.109283e-004
6.578504395772192e-010	1.001280e-004
6.627332520772190e-010	8.579752e-005
6.673370467200760e-010	8.808561e-005
6.719408413629330e-010	8.847201e-005
6.765446360057900e-010	8.695672e-005
6.811484306486470e-010	8.353974e-005
6.857522252915041e-010	7.822107e-005
6.903560199343610e-010	7.100072e-005
6.949598145772180e-010	6.187867e-005
6.997031181486465e-010	6.493917e-005
7.044464217200749e-010	6.653050e-005
7.091897252915033e-010	6.665264e-005
7.139330288629318e-010	6.530561e-005
7.186763324343601e-010	6.248939e-005
7.234196360057886e-010	5.820400e-005
7.281629395772170e-010	5.244944e-005
7.329062431486454e-010	5.669641e-005
7.376495467200739e-010	5.942358e-005
7.423928502915023e-010	6.063093e-005
7.471361538629308e-010	6.031847e-005
7.518794574343591e-010	5.848621e-005
7.566227610057875e-010	5.513413e-005
7.613660645772160e-010	5.026224e-005
7.662488770772158e-010	5.466524e-005
7.711316895772157e-010	5.770314e-005
7.760145020772155e-010	5.937593e-005
7.808973145772154e-010	5.968361e-005
7.857801270772152e-010	5.862619e-005
7.906629395772151e-010	5.620365e-005
7.955457520772149e-010	5.241601e-005
8.007075824343576e-010	5.494764e-005
8.058694127915004e-010	5.678766e-005
8.110312431486430e-010	5.793606e-005
8.161930735057857e-010	5.839285e-005
8.213549038629285e-010	5.815801e-005
8.265167342200711e-010	5.723156e-005
8.316785645772138e-010	5.561350e-005
8.367008860057851e-010	5.429762e-005
8.417232074343563e-010	5.323191e-005
8.467455288629276e-010	5.241638e-005
8.517678502914990e-010	5.185102e-005
8.567901717200702e-010	5.153584e-005
8.618124931486415e-010	5.147083e-005
8.668348145772127e-010	5.165600e-005
8.817622699343557e-010	4.780312e-005
8.966897252914987e-010	4.490100e-005
9.116171806486418e-010	4.294964e-005
9.265446360057848e-010	4.194903e-005
9.414720913629278e-010	4.189919e-005
9.563995467200709e-010	4.280010e-005
9.713270020772138e-010	4.465177e-005
9.723035645772138e-010	4.513051e-005
9.996473145772159e-010	3.935048e-005
1.000000000000000e-009	3.964044e-005
