time	V(d_3p)
0.000000000000000e+000	0.000000e+000
6.720405510212905e-012	-1.336324e-005
8.576542748065251e-012	2.518605e-005
8.989157176913072e-012	4.535189e-005
9.401771605760894e-012	5.892987e-005
9.814386034608715e-012	6.591999e-005
1.022700046345654e-011	6.632225e-005
1.063961489230436e-011	6.013666e-005
1.105222932115218e-011	4.736320e-005
1.146484375000000e-011	2.800189e-005
1.242478365029669e-011	-8.201355e-005
1.437488891199372e-011	-4.392506e-004
1.535145141199372e-011	-5.301462e-004
1.632801391199372e-011	-3.815939e-004
1.730457641199372e-011	1.945816e-004
1.828113891199372e-011	1.421304e-003
1.925770141199372e-011	3.544213e-003
2.023426391199372e-011	6.812815e-003
2.121082641199371e-011	1.145583e-002
2.218738891199371e-011	1.765402e-002
2.316395141199371e-011	2.551498e-002
2.414051391199371e-011	3.505472e-002
2.511707641199371e-011	4.618962e-002
2.609363891199371e-011	5.874022e-002
2.707020141199371e-011	7.244664e-002
2.804676391199371e-011	8.699278e-002
3.097645141199371e-011	1.322805e-001
3.292957641199372e-011	1.609351e-001
3.488270141199372e-011	1.866992e-001
3.683582641199373e-011	2.092631e-001
3.878895141199373e-011	2.289981e-001
4.171863891199374e-011	2.546388e-001
4.352948067456606e-011	2.684127e-001
4.534032243713839e-011	2.812061e-001
4.715116419971071e-011	2.930190e-001
4.896200596228304e-011	3.038512e-001
5.077284772485536e-011	3.137030e-001
5.258368948742768e-011	3.225742e-001
5.439453125000001e-011	3.304648e-001
5.606459027653755e-011	3.385416e-001
5.773464930307510e-011	3.475376e-001
5.940470832961264e-011	3.574530e-001
6.107476735615018e-011	3.682877e-001
6.274482638268773e-011	3.800417e-001
6.441488540922527e-011	3.927150e-001
6.608494443576281e-011	4.063076e-001
6.866668071089604e-011	4.219759e-001
7.057950868613606e-011	4.272068e-001
7.155607118613606e-011	4.269592e-001
7.253263368613605e-011	4.244880e-001
7.350919618613605e-011	4.197292e-001
7.546232118613604e-011	4.036776e-001
7.741544618613603e-011	3.805214e-001
7.838111497482870e-011	3.666218e-001
7.934678376352137e-011	3.528220e-001
8.031245255221404e-011	3.391220e-001
8.127812134090672e-011	3.255217e-001
8.224379012959938e-011	3.120212e-001
8.320945891829206e-011	2.986205e-001
8.417512770698473e-011	2.853196e-001
8.710481520698472e-011	2.505352e-001
9.003450270698470e-011	2.207914e-001
9.296419020698469e-011	1.949027e-001
9.491731520698468e-011	1.797404e-001
9.687044020698467e-011	1.664831e-001
9.882356520698467e-011	1.552196e-001
1.017532527069847e-010	1.413908e-001
1.025903062784132e-010	1.380400e-001
1.034273598498418e-010	1.344878e-001
1.042644134212704e-010	1.307342e-001
1.051014669926989e-010	1.267793e-001
1.059385205641275e-010	1.226229e-001
1.067755741355561e-010	1.182652e-001
1.076126277069846e-010	1.137060e-001
1.085891902069846e-010	1.075887e-001
1.095657527069846e-010	1.008303e-001
1.105423152069846e-010	9.343310e-002
1.115188777069846e-010	8.544126e-002
1.134720027069846e-010	6.804007e-002
1.164016902069846e-010	4.045436e-002
1.173782527069846e-010	3.148512e-002
1.183548152069846e-010	2.286950e-002
1.193313777069846e-010	1.472089e-002
1.203079402069846e-010	7.123720e-003
1.212845027069846e-010	1.312640e-004
1.222610652069846e-010	-6.233849e-003
1.232376277069846e-010	-1.197653e-002
1.242141902069846e-010	-1.712412e-002
1.251907527069846e-010	-2.171998e-002
1.261673152069846e-010	-2.581647e-002
1.271438777069845e-010	-2.946829e-002
1.281204402069845e-010	-3.272661e-002
1.290970027069845e-010	-3.563478e-002
1.300735652069845e-010	-3.822578e-002
1.310501277069845e-010	-4.052161e-002
1.320266902069845e-010	-4.253442e-002
1.330032527069845e-010	-4.426920e-002
1.339798152069845e-010	-4.572737e-002
1.349563777069845e-010	-4.691090e-002
1.369095027069845e-010	-4.848794e-002
1.388626277069845e-010	-4.915902e-002
1.396996812784131e-010	-4.915182e-002
1.405367348498416e-010	-4.916288e-002
1.413737884212702e-010	-4.919222e-002
1.422108419926988e-010	-4.923982e-002
1.430478955641273e-010	-4.930569e-002
1.438849491355559e-010	-4.938983e-002
1.447220027069845e-010	-4.949224e-002
1.466751277069845e-010	-5.045632e-002
1.486282527069845e-010	-5.221085e-002
1.544876277069844e-010	-5.974280e-002
1.564407527069844e-010	-6.157894e-002
1.583938777069844e-010	-6.249062e-002
1.603470027069844e-010	-6.238524e-002
1.623001277069844e-010	-6.135047e-002
1.652298152069844e-010	-5.849288e-002
1.681595027069844e-010	-5.465257e-002
1.696941009212701e-010	-5.232950e-002
1.712286991355558e-010	-4.986458e-002
1.727632973498415e-010	-4.725780e-002
1.742978955641272e-010	-4.450917e-002
1.758324937784129e-010	-4.161867e-002
1.773670919926986e-010	-3.858633e-002
1.789016902069843e-010	-3.541212e-002
1.818313777069843e-010	-2.985201e-002
1.837845027069843e-010	-2.664555e-002
1.857376277069843e-010	-2.398423e-002
1.876907527069843e-010	-2.187428e-002
1.896438777069843e-010	-2.021867e-002
1.906204402069843e-010	-1.955576e-002
1.915970027069843e-010	-1.889464e-002
1.925735652069843e-010	-1.823530e-002
1.935501277069843e-010	-1.757775e-002
1.945266902069843e-010	-1.692199e-002
1.955032527069843e-010	-1.626802e-002
1.964798152069843e-010	-1.561583e-002
1.994095027069842e-010	-1.334020e-002
2.009441009212700e-010	-1.203950e-002
2.024786991355557e-010	-1.069394e-002
2.040132973498414e-010	-9.303515e-003
2.055478955641271e-010	-7.868233e-003
2.070824937784128e-010	-6.388092e-003
2.086170919926985e-010	-4.863092e-003
2.101516902069842e-010	-3.293233e-003
2.121048152069842e-010	-1.171863e-003
2.160110652069842e-010	3.242791e-003
2.169876277069842e-010	4.311851e-003
2.179641902069842e-010	5.334059e-003
2.189407527069842e-010	6.291698e-003
2.199173152069842e-010	7.168052e-003
2.208938777069841e-010	7.948441e-003
2.218704402069841e-010	8.621126e-003
2.228470027069841e-010	9.177990e-003
2.238235652069841e-010	9.614971e-003
2.248001277069841e-010	9.932203e-003
2.257766902069841e-010	1.013387e-002
2.267532527069841e-010	1.022783e-002
2.277298152069841e-010	1.022498e-002
2.296829402069841e-010	9.983141e-003
2.326126277069841e-010	9.255575e-003
2.337286991355556e-010	8.907318e-003
2.348447705641270e-010	8.590313e-003
2.359608419926985e-010	8.304559e-003
2.370769134212699e-010	8.050058e-003
2.381929848498413e-010	7.826809e-003
2.393090562784128e-010	7.634812e-003
2.404251277069842e-010	7.474067e-003
2.423782527069843e-010	7.362186e-003
2.443313777069843e-010	7.432039e-003
2.462845027069844e-010	7.687997e-003
2.482376277069844e-010	8.117025e-003
2.511673152069845e-010	8.993817e-003
2.540970027069845e-010	9.919360e-003
2.560501277069846e-010	1.039321e-002
2.580032527069846e-010	1.063154e-002
2.589798152069847e-010	1.063648e-002
2.599563777069847e-010	1.055616e-002
2.609329402069847e-010	1.038744e-002
2.619095027069847e-010	1.013038e-002
2.628860652069847e-010	9.788250e-003
2.638626277069848e-010	9.367383e-003
2.658157527069848e-010	8.328077e-003
2.687454402069849e-010	6.468411e-003
2.716751277069849e-010	4.592032e-003
2.726516902069850e-010	4.024656e-003
2.736282527069850e-010	3.503822e-003
2.746048152069850e-010	3.037267e-003
2.755813777069850e-010	2.630767e-003
2.765579402069850e-010	2.288163e-003
2.775345027069851e-010	2.011456e-003
2.785110652069851e-010	1.800937e-003
2.794876277069851e-010	1.655344e-003
2.804641902069851e-010	1.572013e-003
2.814407527069852e-010	1.547026e-003
2.824173152069852e-010	1.575334e-003
2.833938777069852e-010	1.650859e-003
2.843704402069852e-010	1.766589e-003
2.863235652069853e-010	2.086435e-003
2.870211098498424e-010	2.227755e-003
2.877186544926996e-010	2.363685e-003
2.884161991355567e-010	2.494227e-003
2.891137437784139e-010	2.619380e-003
2.898112884212711e-010	2.739145e-003
2.905088330641282e-010	2.853521e-003
2.912063777069854e-010	2.962509e-003
2.921829402069854e-010	3.071292e-003
2.931595027069854e-010	3.136234e-003
2.941360652069854e-010	3.149912e-003
2.951126277069855e-010	3.106472e-003
2.960891902069855e-010	3.001929e-003
2.970657527069855e-010	2.834428e-003
2.980423152069855e-010	2.604403e-003
2.990188777069855e-010	2.314652e-003
2.999954402069856e-010	1.970295e-003
3.009720027069856e-010	1.578622e-003
3.019485652069856e-010	1.148833e-003
3.058548152069857e-010	-7.227451e-004
3.068313777069857e-010	-1.167067e-003
3.078079402069857e-010	-1.578320e-003
3.087845027069858e-010	-1.946520e-003
3.097610652069858e-010	-2.263346e-003
3.107376277069858e-010	-2.522395e-003
3.117141902069858e-010	-2.719338e-003
3.126907527069858e-010	-2.851972e-003
3.136673152069859e-010	-2.920181e-003
3.146438777069859e-010	-2.925808e-003
3.156204402069859e-010	-2.872461e-003
3.165970027069859e-010	-2.765272e-003
3.175735652069860e-010	-2.610624e-003
3.185501277069860e-010	-2.415864e-003
3.205032527069860e-010	-1.938557e-003
3.212007973498432e-010	-1.742557e-003
3.218983419927003e-010	-1.549560e-003
3.225958866355575e-010	-1.359566e-003
3.232934312784147e-010	-1.172575e-003
3.239909759212718e-010	-9.885861e-004
3.246885205641290e-010	-8.076002e-004
3.253860652069861e-010	-6.296171e-004
3.263626277069862e-010	-4.120578e-004
3.273391902069862e-010	-2.252467e-004
3.283157527069862e-010	-7.452981e-005
3.292923152069862e-010	3.571379e-005
3.302688777069862e-010	1.021893e-004
3.312454402069863e-010	1.228003e-004
3.322220027069863e-010	9.675331e-005
3.331985652069863e-010	2.464161e-005
3.341751277069863e-010	-9.150046e-005
3.351516902069863e-010	-2.481854e-004
3.361282527069864e-010	-4.405117e-004
3.380813777069864e-010	-9.060622e-004
3.387789223498436e-010	-1.097522e-003
3.394764669927007e-010	-1.284358e-003
3.401740116355579e-010	-1.466569e-003
3.408715562784151e-010	-1.644157e-003
3.415691009212722e-010	-1.817122e-003
3.422666455641294e-010	-1.985462e-003
3.429641902069865e-010	-2.149178e-003
3.439407527069865e-010	-2.339803e-003
3.449173152069866e-010	-2.492638e-003
3.458938777069866e-010	-2.602041e-003
3.468704402069866e-010	-2.663977e-003
3.478470027069866e-010	-2.676165e-003
3.488235652069867e-010	-2.638148e-003
3.498001277069867e-010	-2.551270e-003
3.507766902069867e-010	-2.418574e-003
3.517532527069867e-010	-2.244623e-003
3.537063777069868e-010	-1.797333e-003
3.585891902069869e-010	-4.494299e-004
3.595657527069869e-010	-2.010071e-004
3.605423152069869e-010	2.519598e-005
3.615188777069869e-010	2.243295e-004
3.624954402069870e-010	3.925337e-004
3.634720027069870e-010	5.269616e-004
3.644485652069870e-010	6.257736e-004
3.654251277069870e-010	6.881093e-004
3.664016902069870e-010	7.140478e-004
3.673782527069871e-010	7.045599e-004
3.683548152069871e-010	6.614581e-004
3.693313777069871e-010	5.873455e-004
3.703079402069871e-010	4.855624e-004
3.722610652069872e-010	2.156755e-004
3.730981187784158e-010	7.122720e-005
3.739351723498443e-010	-7.054056e-005
3.747722259212730e-010	-2.096277e-004
3.756092794927015e-010	-3.460343e-004
3.764463330641301e-010	-4.797603e-004
3.772833866355587e-010	-6.108057e-004
3.781204402069873e-010	-7.391705e-004
3.790970027069873e-010	-8.583677e-004
3.800735652069873e-010	-9.518939e-004
3.810501277069874e-010	-1.015803e-003
3.820266902069874e-010	-1.047151e-003
3.830032527069874e-010	-1.044141e-003
3.839798152069874e-010	-1.006223e-003
3.849563777069875e-010	-9.341412e-004
3.859329402069875e-010	-8.299215e-004
3.869095027069875e-010	-6.967973e-004
3.888626277069875e-010	-3.619702e-004
3.896996812784162e-010	-1.894832e-004
3.905367348498447e-010	-2.081426e-005
3.913737884212733e-010	1.440365e-004
3.922108419927019e-010	3.050691e-004
3.930478955641305e-010	4.622835e-004
3.938849491355591e-010	6.156798e-004
3.947220027069877e-010	7.652579e-004
3.956985652069877e-010	9.090677e-004
3.966751277069877e-010	1.028008e-003
3.976516902069877e-010	1.119470e-003
3.986282527069878e-010	1.181881e-003
3.996048152069878e-010	1.214688e-003
4.005813777069878e-010	1.218303e-003
4.025345027069878e-010	1.143847e-003
4.044876277069879e-010	9.771137e-004
4.074173152069880e-010	6.134341e-004
4.083938777069880e-010	4.685300e-004
4.093704402069880e-010	3.319197e-004
4.103470027069880e-010	2.036031e-004
4.113235652069880e-010	8.358039e-005
4.123001277069881e-010	-2.814858e-005
4.132766902069881e-010	-1.315838e-004
4.142532527069881e-010	-2.267252e-004
4.162063777069881e-010	-3.422300e-004
4.171829402069882e-010	-3.675928e-004
4.181595027069882e-010	-3.701737e-004
4.191360652069882e-010	-3.499277e-004
4.210891902069883e-010	-2.444224e-004
4.230423152069883e-010	-6.530838e-005
4.289016902069884e-010	6.322776e-004
4.308548152069885e-010	8.068435e-004
4.328079402069885e-010	9.066148e-004
4.347610652069886e-010	9.197075e-004
4.367141902069886e-010	8.475626e-004
4.386673152069886e-010	7.037111e-004
4.415970027069887e-010	4.036413e-004
4.427130741355601e-010	2.701346e-004
4.438291455641316e-010	1.480651e-004
4.449452169927031e-010	3.743283e-005
4.460612884212745e-010	-6.176222e-005
4.471773598498460e-010	-1.495201e-004
4.482934312784175e-010	-2.258407e-004
4.494095027069889e-010	-2.907241e-004
4.513626277069889e-010	-3.443918e-004
4.533157527069890e-010	-3.376458e-004
4.552688777069890e-010	-2.748815e-004
4.581985652069891e-010	-9.829570e-005
4.593146366355605e-010	-4.731523e-006
4.604307080641320e-010	8.336124e-005
4.615467794927034e-010	1.659826e-004
4.626628509212749e-010	2.431325e-004
4.637789223498463e-010	3.148110e-004
4.648949937784178e-010	3.810181e-004
4.660110652069893e-010	4.417538e-004
4.679641902069892e-010	4.909251e-004
4.699173152069891e-010	4.818643e-004
4.718704402069891e-010	4.158332e-004
4.748001277069890e-010	2.334777e-004
4.759161991355604e-010	1.396759e-004
4.770322705641317e-010	5.213241e-005
4.781483419927031e-010	-2.915296e-005
4.792644134212746e-010	-1.041802e-004
4.803804848498460e-010	-1.729492e-004
4.814965562784174e-010	-2.354601e-004
4.826126277069887e-010	-2.917128e-004
4.845657527069887e-010	-3.413508e-004
4.865188777069886e-010	-3.445216e-004
4.894485652069885e-010	-2.722352e-004
4.907041455641313e-010	-2.113165e-004
4.919597259212742e-010	-1.500177e-004
4.932153062784170e-010	-8.833896e-005
4.944708866355598e-010	-2.628014e-005
4.957264669927026e-010	3.615873e-005
4.969820473498455e-010	9.897764e-005
4.982376277069883e-010	1.621766e-004
5.011673152069882e-010	2.492909e-004
5.040970027069881e-010	2.619082e-004
5.070266902069880e-010	1.970827e-004
5.082822705641308e-010	1.408510e-004
5.095378509212737e-010	8.493778e-005
5.107934312784165e-010	2.934308e-005
5.120490116355592e-010	-2.593310e-005
5.133045919927020e-010	-8.089075e-005
5.145601723498449e-010	-1.355299e-004
5.158157527069877e-010	-1.898505e-004
5.187454402069876e-010	-2.490621e-004
5.216751277069875e-010	-2.329037e-004
5.229307080641303e-010	-1.977528e-004
5.241862884212732e-010	-1.594325e-004
5.254418687784160e-010	-1.179428e-004
5.266974491355588e-010	-7.328372e-005
5.279530294927016e-010	-2.545528e-005
5.292086098498445e-010	2.554253e-005
5.304641902069873e-010	7.970972e-005
5.324173152069872e-010	1.386004e-004
5.343704402069871e-010	1.775356e-004
5.363235652069871e-010	1.965154e-004
5.382766902069870e-010	1.955397e-004
5.402298152069870e-010	1.746085e-004
5.421829402069869e-010	1.337219e-004
5.441360652069868e-010	7.287985e-005
5.459496812784154e-010	9.497384e-006
5.477632973498439e-010	-4.062236e-005
5.495769134212724e-010	-7.747938e-005
5.513905294927009e-010	-1.010737e-004
5.532041455641294e-010	-1.114053e-004
5.550177616355579e-010	-1.084741e-004
5.568313777069865e-010	-9.228026e-005
5.583659759212722e-010	-5.253161e-005
5.599005741355578e-010	-1.368519e-005
5.614351723498435e-010	2.425900e-005
5.629697705641291e-010	6.130096e-005
5.645043687784148e-010	9.744068e-005
5.660389669927004e-010	1.326782e-004
5.675735652069861e-010	1.670134e-004
5.693871812784147e-010	1.762654e-004
5.712007973498432e-010	1.761584e-004
5.730144134212717e-010	1.666925e-004
5.748280294927001e-010	1.478677e-004
5.766416455641287e-010	1.196839e-004
5.784552616355572e-010	8.214124e-005
5.802688777069857e-010	3.523959e-005
5.826405294926999e-010	-4.720389e-006
5.850121812784142e-010	-2.999690e-005
5.873838330641283e-010	-4.058992e-005
5.897554848498426e-010	-3.649948e-005
5.921271366355568e-010	-1.772555e-005
5.944987884212711e-010	1.573185e-005
5.968704402069852e-010	6.387274e-005
5.992420919926994e-010	1.001875e-004
6.016137437784137e-010	1.228186e-004
6.039853955641278e-010	1.317661e-004
6.063570473498421e-010	1.270298e-004
6.087286991355563e-010	1.086099e-004
6.111003509212705e-010	7.650638e-005
6.134720027069847e-010	3.071914e-005
6.159831634212704e-010	-1.674160e-006
6.184943241355560e-010	-2.257294e-005
6.210054848498417e-010	-3.197721e-005
6.235166455641272e-010	-2.988695e-005
6.260278062784129e-010	-1.630218e-005
6.285389669926985e-010	8.777111e-006
6.310501277069842e-010	4.535092e-005
6.337007973498413e-010	6.422157e-005
6.363514669926983e-010	7.439339e-005
6.390021366355553e-010	7.586639e-005
6.416528062784124e-010	6.864057e-005
6.443034759212695e-010	5.271592e-005
6.469541455641265e-010	2.809245e-005
6.496048152069836e-010	-5.229838e-006
6.519764669926978e-010	-1.651919e-005
6.543481187784120e-010	-2.158241e-005
6.567197705641262e-010	-2.041950e-005
6.590914223498405e-010	-1.303046e-005
6.614630741355547e-010	5.847065e-007
6.638347259212689e-010	2.042600e-005
6.662063777069831e-010	4.649343e-005
6.688570473498402e-010	5.159631e-005
6.715077169926972e-010	5.248914e-005
6.741583866355543e-010	4.917192e-005
6.768090562784114e-010	4.164465e-005
6.794597259212684e-010	2.990734e-005
6.821103955641254e-010	1.395998e-005
6.847610652069825e-010	-6.197434e-006
6.875512437784110e-010	-5.773883e-006
6.903414223498395e-010	-3.075474e-006
6.931316009212680e-010	1.897792e-006
6.959217794926964e-010	9.145915e-006
6.987119580641249e-010	1.866890e-005
7.015021366355534e-010	3.046673e-005
7.042923152069819e-010	4.453943e-005
7.072220027069818e-010	3.086732e-005
7.101516902069817e-010	1.944525e-005
7.130813777069817e-010	1.027324e-005
7.160110652069816e-010	3.351282e-006
7.189407527069815e-010	-1.320628e-006
7.218704402069814e-010	-3.742487e-006
7.248001277069813e-010	-3.914295e-006
7.289853955641240e-010	1.109613e-005
7.331706634212668e-010	2.126819e-005
7.373559312784095e-010	2.660188e-005
7.415411991355522e-010	2.709719e-005
7.457264669926950e-010	2.275413e-005
7.499117348498377e-010	1.357271e-005
7.540970027069804e-010	-4.470898e-007
7.593983419926945e-010	1.259604e-005
7.646996812784087e-010	2.189725e-005
7.700010205641227e-010	2.745653e-005
7.753023598498369e-010	2.927389e-005
7.806036991355510e-010	2.734931e-005
7.859050384212652e-010	2.168282e-005
7.912063777069793e-010	1.227439e-005
7.963682080641219e-010	1.738215e-005
8.015300384212647e-010	2.077702e-005
8.066918687784074e-010	2.245901e-005
8.118536991355500e-010	2.242812e-005
8.170155294926928e-010	2.068435e-005
8.221773598498355e-010	1.722769e-005
8.273391902069781e-010	1.205816e-005
8.479865116355495e-010	1.257058e-005
8.686338330641209e-010	1.322844e-005
8.892811544926923e-010	1.403174e-005
9.099284759212637e-010	1.498048e-005
9.305757973498351e-010	1.607466e-005
9.512231187784066e-010	1.731429e-005
9.718704402069779e-010	1.869935e-005
9.728470027069780e-010	1.865697e-005
9.992141902069800e-010	1.910200e-005
1.000000000000000e-009	1.925365e-005
