time	V(d_3p)
Step Information: C_d=100f  (Run: 1/10)
0.000000000000000e+000	0.000000e+000
6.399999887690688e-013	3.087282e-005
1.867734958857730e-012	-6.111726e-005
2.651258003984876e-012	-5.580378e-005
4.313524597863008e-012	1.312982e-004
5.179442419691670e-012	1.363951e-004
6.103650038133058e-012	8.533360e-006
6.981178188019920e-012	-1.761605e-004
7.912911573574209e-012	-3.034874e-004
8.872684759953233e-012	-2.298126e-004
1.003962865463858e-011	1.844108e-004
1.059442981957877e-011	4.470044e-004
1.122848829379612e-011	8.138760e-004
1.185458944791999e-011	1.136801e-003
1.270469089699703e-011	1.280595e-003
1.348951581104812e-011	1.052966e-003
1.452708202654190e-011	4.132149e-004
1.551979796557657e-011	-1.669042e-004
1.657880651392480e-011	-1.394463e-004
1.754506556088973e-011	1.017212e-003
1.853844029051801e-011	3.904073e-003
1.948827526068755e-011	8.767583e-003
2.056632554061566e-011	1.735758e-002
2.200915148824777e-011	3.473516e-002
2.367782677228791e-011	6.338102e-002
2.535962767216051e-011	9.987193e-002
2.702317216807622e-011	1.397246e-001
2.857799075800881e-011	1.760540e-001
3.023187785846163e-011	2.094730e-001
3.158406289607310e-011	2.309785e-001
3.257442354488170e-011	2.430873e-001
3.345899550925069e-011	2.514698e-001
3.451521803995886e-011	2.589415e-001
3.551039774913063e-011	2.639802e-001
3.780357745482318e-011	2.711496e-001
4.458642884930500e-011	2.834344e-001
5.050481629649257e-011	2.887936e-001
6.178941268409182e-011	2.944365e-001
6.659616845146314e-011	2.979874e-001
6.748738853582731e-011	2.969968e-001
6.838267793466335e-011	2.944821e-001
6.942969453062870e-011	2.890575e-001
7.045227083737955e-011	2.806642e-001
7.137955211484841e-011	2.700550e-001
7.251204318501144e-011	2.530133e-001
7.353790695104611e-011	2.338371e-001
7.477209632506372e-011	2.068721e-001
7.762777677053591e-011	1.371471e-001
7.854057690147882e-011	1.159359e-001
7.950054691402187e-011	9.561857e-002
8.043459500892044e-011	7.832443e-002
8.143878217094352e-011	6.274628e-002
8.240585473294471e-011	5.068986e-002
8.330277387183317e-011	4.189017e-002
8.426783617144701e-011	3.460474e-002
8.538829979303265e-011	2.837123e-002
8.660547661893523e-011	2.351561e-002
8.775224300779865e-011	2.009268e-002
8.875679856078295e-011	1.761586e-002
8.990444460239697e-011	1.509865e-002
9.094048065376678e-011	1.300177e-002
9.220213958171582e-011	1.063458e-002
9.336457692520929e-011	8.663084e-003
9.449242385297929e-011	6.983685e-003
9.541061660055159e-011	5.803161e-003
9.647570010195033e-011	4.639680e-003
9.755942357884169e-011	3.654703e-003
9.888527659584180e-011	2.651741e-003
1.003120804154278e-010	1.721997e-003
1.037111674744166e-010	-3.536722e-004
1.049694208359123e-010	-1.154624e-003
1.062663650093438e-010	-2.011532e-003
1.075900614843910e-010	-2.925510e-003
1.091309612905343e-010	-4.045984e-003
1.123967885063648e-010	-6.487149e-003
1.141307793180182e-010	-7.568036e-003
1.159280719906322e-010	-8.238250e-003
1.178811969906322e-010	-8.223271e-003
1.197374581469043e-010	-7.448678e-003
1.215375852871712e-010	-6.154182e-003
1.233241092002985e-010	-4.647350e-003
1.251077639978119e-010	-3.248322e-003
1.267226597337699e-010	-2.267679e-003
1.283831712347380e-010	-1.611286e-003
1.300697557027853e-010	-1.254635e-003
1.320228807027853e-010	-1.063802e-003
1.339760057027853e-010	-9.360391e-004
1.358734303860959e-010	-7.744436e-004
1.376197085233547e-010	-5.940739e-004
1.394864914449620e-010	-4.255286e-004
1.411857725890335e-010	-3.412513e-004
1.430925222535929e-010	-3.400613e-004
1.465749252774484e-010	-4.411114e-004
1.482834792324458e-010	-4.254220e-004
1.502366042324458e-010	-2.873249e-004
1.521897292324458e-010	-1.564083e-005
1.541428542324458e-010	3.552507e-004
1.560959792324458e-010	7.624539e-004
1.580491042324458e-010	1.131772e-003
1.599002582644782e-010	1.383615e-003
1.618533832644781e-010	1.495030e-003
1.638065082644781e-010	1.427674e-003
1.655968268100261e-010	1.222158e-003
1.673828200089821e-010	9.221314e-004
1.692406989517939e-010	5.731112e-004
1.711938239517939e-010	2.390638e-004
1.731469489517939e-010	-4.316129e-006
1.751000739517939e-010	-1.326143e-004
1.770531989517939e-010	-1.556850e-004
1.790063239517939e-010	-1.038753e-004
1.809594489517939e-010	-8.945985e-006
1.847559574957966e-010	2.424062e-004
1.865836437704481e-010	3.973391e-004
1.924430187704481e-010	1.001751e-003
1.943961437704481e-010	1.146727e-003
1.963492687704481e-010	1.195372e-003
1.983023937704481e-010	1.119499e-003
2.002555187704481e-010	9.158616e-004
2.022086437704481e-010	6.103430e-004
2.061148937704480e-010	-8.833868e-005
2.080680187704480e-010	-3.531983e-004
2.100211437704480e-010	-4.942380e-004
2.119742687704480e-010	-4.929900e-004
2.139273937704480e-010	-3.620270e-004
2.158805187704480e-010	-1.394544e-004
2.197820269748293e-010	3.752325e-004
2.217351519748293e-010	5.808164e-004
2.236882769748292e-010	7.216737e-004
2.256414019748292e-010	7.980185e-004
2.275945269748292e-010	8.208920e-004
2.295476519748292e-010	8.030219e-004
2.315007769748292e-010	7.516908e-004
2.334539019748292e-010	6.664703e-004
2.354070269748292e-010	5.424057e-004
2.373601519748292e-010	3.768614e-004
2.432195269748292e-010	-2.341261e-004
2.451726519748292e-010	-3.748379e-004
2.471257769748291e-010	-4.276024e-004
2.490789019748291e-010	-3.755609e-004
2.510320269748291e-010	-2.237581e-004
2.529851519748291e-010	5.943782e-007
2.568914019748291e-010	4.893201e-004
2.588445269748291e-010	6.642269e-004
2.607976519748291e-010	7.542789e-004
2.627507769748291e-010	7.552821e-004
2.647039019748291e-010	6.815603e-004
2.686101519748291e-010	4.149059e-004
2.725164019748290e-010	1.403977e-004
2.764226519748290e-010	-8.102782e-005
2.803289019748290e-010	-2.498682e-004
2.822820269748290e-010	-2.949057e-004
2.842351519748290e-010	-2.924044e-004
2.861882769748290e-010	-2.286363e-004
2.881414019748290e-010	-1.002586e-004
2.900945269748290e-010	8.103070e-005
2.940007769748289e-010	4.856896e-004
2.959539019748289e-010	6.349201e-004
2.979070269748289e-010	7.073415e-004
2.998601519748289e-010	6.903249e-004
3.018132769748289e-010	5.904734e-004
3.037664019748289e-010	4.311704e-004
3.076726519748289e-010	6.777403e-005
3.096257769748289e-010	-7.594479e-005
3.115789019748289e-010	-1.714703e-004
3.135320269748289e-010	-2.173927e-004
3.154851519748289e-010	-2.211878e-004
3.174382769748288e-010	-1.933777e-004
3.213445269748288e-010	-7.108474e-005
3.232976519748288e-010	2.062143e-005
3.272039019748288e-010	2.643959e-004
3.311101519748288e-010	5.251733e-004
3.330632769748288e-010	6.123862e-004
3.350164019748288e-010	6.413511e-004
3.369695269748288e-010	5.992856e-004
3.389226519748288e-010	4.873125e-004
3.408757769748287e-010	3.218429e-004
3.447820269748287e-010	-4.933586e-005
3.467351519748287e-010	-1.893264e-004
3.486882769748287e-010	-2.671370e-004
3.506414019748287e-010	-2.759151e-004
3.525945269748287e-010	-2.231815e-004
3.545476519748287e-010	-1.268155e-004
3.604070269748287e-010	2.194032e-004
3.643132769748286e-010	3.801688e-004
3.682195269748286e-010	4.615392e-004
3.701726519748286e-010	4.655898e-004
3.721257769748286e-010	4.366050e-004
3.740789019748286e-010	3.689587e-004
3.760320269748286e-010	2.624819e-004
3.818914019748286e-010	-1.630629e-004
3.838445269748286e-010	-2.655264e-004
3.857976519748286e-010	-3.116693e-004
3.877507769748285e-010	-2.921919e-004
3.897039019748285e-010	-2.112324e-004
3.936101519748285e-010	6.075240e-005
3.955632769748285e-010	2.008140e-004
3.975164019748285e-010	3.130125e-004
3.994695269748285e-010	3.843233e-004
4.014226519748285e-010	4.116643e-004
4.033757769748285e-010	4.000689e-004
4.072820269748285e-010	2.980807e-004
4.131414019748284e-010	5.612384e-005
4.170476519748284e-010	-1.193690e-004
4.190007769748284e-010	-1.910302e-004
4.209539019748284e-010	-2.356577e-004
4.229070269748284e-010	-2.410822e-004
4.248601519748284e-010	-2.000433e-004
4.268132769748284e-010	-1.137129e-004
4.326726519748284e-010	2.693829e-004
4.346257769748283e-010	3.653977e-004
4.365789019748283e-010	4.148188e-004
4.385320269748283e-010	4.119034e-004
4.404851519748283e-010	3.614062e-004
4.443914019748283e-010	1.738525e-004
4.482976519748283e-010	-2.028872e-005
4.502507769748283e-010	-9.184558e-005
4.522039019748283e-010	-1.416818e-004
4.561101519748283e-010	-1.793544e-004
4.580632769748282e-010	-1.683091e-004
4.600164019748282e-010	-1.359290e-004
4.619695269748282e-010	-8.089722e-005
4.658757769748282e-010	8.804932e-005
4.697820269748283e-010	2.720711e-004
4.717351519748283e-010	3.324610e-004
4.736882769748284e-010	3.533832e-004
4.756414019748284e-010	3.286369e-004
4.775945269748285e-010	2.609306e-004
4.834539019748286e-010	-6.033612e-005
4.854070269748286e-010	-1.467976e-004
4.873601519748287e-010	-2.003525e-004
4.893132769748287e-010	-2.174618e-004
4.912664019748288e-010	-2.013790e-004
4.951726519748289e-010	-1.021823e-004
5.029851519748290e-010	1.585363e-004
5.068914019748291e-010	2.511403e-004
5.088445269748292e-010	2.702105e-004
5.107976519748292e-010	2.625587e-004
5.127507769748293e-010	2.246674e-004
5.147039019748293e-010	1.580395e-004
5.205632769748294e-010	-1.142533e-004
5.225164019748295e-010	-1.797253e-004
5.244695269748295e-010	-2.110026e-004
5.264226519748296e-010	-2.035412e-004
5.283757769748296e-010	-1.603286e-004
5.361882769748298e-010	1.449293e-004
5.381414019748298e-010	1.971611e-004
5.420476519748299e-010	2.394264e-004
5.459539019748300e-010	2.096513e-004
5.498601519748301e-010	1.226383e-004
5.576726519748302e-010	-1.287223e-004
5.596257769748303e-010	-1.658455e-004
5.615789019748303e-010	-1.753237e-004
5.635320269748304e-010	-1.533655e-004
5.654851519748304e-010	-1.019207e-004
5.713445269748306e-010	1.317631e-004
5.732976519748306e-010	1.926256e-004
5.752507769748306e-010	2.277570e-004
5.772039019748307e-010	2.340486e-004
5.811101519748308e-010	1.731240e-004
5.889226519748309e-010	-4.432815e-005
5.928289019748310e-010	-1.186488e-004
5.967351519748311e-010	-1.411104e-004
6.006414019748312e-010	-9.209827e-005
6.084539019748314e-010	1.523075e-004
6.104070269748314e-010	1.959751e-004
6.123601519748315e-010	2.146591e-004
6.143132769748315e-010	2.051277e-004
6.182195269748316e-010	1.145217e-004
6.240789019748317e-010	-6.639721e-005
6.279851519748318e-010	-1.226463e-004
6.318914019748319e-010	-1.098659e-004
6.377507769748320e-010	-6.490064e-006
6.455632769748322e-010	1.628288e-004
6.494695269748323e-010	1.811339e-004
6.533757769748324e-010	1.170679e-004
6.592351519748325e-010	-5.863702e-005
6.631414019748326e-010	-1.275036e-004
6.670476519748327e-010	-1.116704e-004
6.768132769748329e-010	9.127548e-005
6.807195269748330e-010	1.348127e-004
6.846257769748331e-010	1.337807e-004
6.885320269748332e-010	8.460326e-005
6.963445269748333e-010	-9.076105e-005
7.002507769748334e-010	-1.276189e-004
7.041570269748335e-010	-8.703012e-005
7.119695269748337e-010	9.459165e-005
7.158757769748338e-010	1.327036e-004
7.197820269748338e-010	1.134548e-004
7.315007769748341e-010	-6.926982e-005
7.354070269748342e-010	-9.571112e-005
7.393132769748343e-010	-6.947985e-005
7.490789019748345e-010	1.200991e-004
7.529851519748346e-010	1.331779e-004
7.588445269748347e-010	4.964320e-005
7.647039019748348e-010	-4.928447e-005
7.705632769748350e-010	-7.584375e-005
7.764226519748351e-010	-2.344306e-005
7.842351519748353e-010	9.646991e-005
7.881414019748354e-010	1.146333e-004
7.920476519748354e-010	7.839932e-005
7.998601519748356e-010	-5.845621e-005
8.037664019748357e-010	-8.232910e-005
8.096257769748358e-010	-3.723526e-005
8.193914019748361e-010	8.192108e-005
8.252507769748362e-010	8.522775e-005
8.330632769748364e-010	-1.914353e-005
8.369695269748364e-010	-6.620894e-005
8.408757769748365e-010	-7.029712e-005
8.525945269748368e-010	7.256136e-005
8.584539019748369e-010	8.206464e-005
8.662664019748371e-010	8.778376e-006
8.740789019748373e-010	-6.141199e-005
8.799382769748374e-010	-3.094571e-005
8.877507769748376e-010	6.781733e-005
8.936101519748377e-010	7.371752e-005
9.053289019748380e-010	-3.834560e-005
9.111882769748381e-010	-4.936628e-005
9.190007769748383e-010	1.740026e-005
9.248601519748384e-010	7.108627e-005
9.307195269748385e-010	5.747897e-005
9.404851519748383e-010	-3.766231e-005
9.463445269748381e-010	-3.740433e-005
9.600164019748377e-010	6.314921e-005
9.658757769748375e-010	5.355877e-005
9.756414019748372e-010	-3.492750e-005
9.815007769748371e-010	-3.533514e-005
9.932195269748367e-010	4.964753e-005
1.001032026974837e-009	4.131136e-005
1.012750776974836e-009	-3.779159e-005
1.018610151974836e-009	-2.246194e-005
1.028375776974836e-009	4.948943e-005
1.036188276974835e-009	3.487767e-005
1.047907026974835e-009	-2.823513e-005
1.055719526974835e-009	-3.376776e-006
1.065485151974835e-009	5.198617e-005
1.075250776974834e-009	6.285248e-006
1.083063276974834e-009	-2.460911e-005
1.094782026974834e-009	2.291571e-005
1.102594526974833e-009	4.382650e-005
1.118219526974833e-009	-2.430278e-005
1.135797651974832e-009	3.927741e-005
1.153375776974832e-009	-2.014858e-005
1.170953901974831e-009	3.722045e-005
1.188532026974831e-009	-1.616784e-005
1.206110151974830e-009	3.434227e-005
1.223688276974830e-009	-1.298089e-005
1.241266401974829e-009	3.221185e-005
1.258844526974829e-009	-9.881480e-006
1.276422651974828e-009	2.918913e-005
1.294000776974828e-009	-8.982183e-006
1.311578901974827e-009	2.537632e-005
1.331110151974826e-009	-4.964487e-006
1.346735151974826e-009	2.405351e-005
1.366266401974825e-009	-2.105174e-006
1.381891401974825e-009	2.294255e-005
1.401422651974824e-009	-5.000646e-007
1.419000776974824e-009	1.823560e-005
1.436578901974823e-009	5.517518e-007
1.454157026974823e-009	1.671209e-005
1.471735151974822e-009	1.666491e-006
1.489313276974821e-009	1.508428e-005
1.508844526974821e-009	4.882692e-006
1.526422651974820e-009	1.083891e-005
1.545953901974820e-009	8.260064e-006
1.565485151974819e-009	5.043936e-006
1.600641401974818e-009	4.922736e-006
1.637750776974817e-009	3.032129e-006
1.672907026974816e-009	3.292160e-006
1.850641401974810e-009	2.856094e-006
1.999078901974820e-009	4.517700e-006
2.000000000000000e-009	4.812577e-006
Step Information: C_d=200f  (Run: 2/10)
0.000000000000000e+000	0.000000e+000
6.399999887690688e-013	1.624415e-005
1.867747554868060e-012	-3.119395e-005
2.651333711355193e-012	-3.116872e-005
4.313643631028340e-012	6.782499e-005
5.179394526115391e-012	7.669721e-005
6.103527055401668e-012	1.469235e-005
6.980904289302766e-012	-8.408054e-005
7.912714450350928e-012	-1.614409e-004
8.872584948483192e-012	-1.371754e-004
1.012108399672803e-011	9.397830e-005
1.060541998364013e-011	2.215570e-004
1.187526379670407e-011	6.288046e-004
1.273318590664517e-011	7.488345e-004
1.351449030656970e-011	6.693316e-004
1.553441589028169e-011	6.690998e-005
1.646044725218467e-011	2.556986e-005
1.734449478806860e-011	4.563163e-004
1.829633613220580e-011	1.730843e-003
1.916987009084148e-011	3.905409e-003
2.009971160652948e-011	7.578975e-003
2.131135416697549e-011	1.494140e-002
2.280381425388705e-011	2.859334e-002
2.437950464105992e-011	4.862045e-002
2.590532761476163e-011	7.270179e-002
2.754259656902678e-011	1.016078e-001
2.902453152744239e-011	1.282790e-001
3.061351320692448e-011	1.550258e-001
3.233801962112472e-011	1.800391e-001
3.361835854852637e-011	1.954151e-001
3.476391023335712e-011	2.069255e-001
3.604217786169600e-011	2.176323e-001
3.738007590078642e-011	2.269312e-001
3.961847021058386e-011	2.394828e-001
4.306617123423507e-011	2.544850e-001
4.738343422906894e-011	2.681374e-001
5.266615384143401e-011	2.790582e-001
6.142547206255135e-011	2.908612e-001
6.695802093883278e-011	2.975087e-001
6.877826251600108e-011	2.962750e-001
6.972049232635668e-011	2.936487e-001
7.067452119024172e-011	2.891711e-001
7.157082387127475e-011	2.830470e-001
7.270118659095676e-011	2.724376e-001
7.375433399473954e-011	2.596350e-001
7.507547884919366e-011	2.400120e-001
7.688104082702544e-011	2.085100e-001
7.958864444614035e-011	1.591375e-001
8.051486903753023e-011	1.435992e-001
8.152686776849212e-011	1.280602e-001
8.264515411502878e-011	1.128418e-001
8.381331894059875e-011	9.914221e-002
8.493066684293174e-011	8.797017e-002
8.616370688764681e-011	7.749001e-002
8.737735557358228e-011	6.868789e-002
8.854500106105298e-011	6.130103e-002
8.956718546738784e-011	5.550477e-002
9.071973162265516e-011	4.956122e-002
9.177726006799354e-011	4.457944e-002
9.306286711018879e-011	3.906779e-002
9.451748424967496e-011	3.351114e-002
9.584749364469183e-011	2.903090e-002
9.705193642018880e-011	2.543408e-002
9.836709448878505e-011	2.195141e-002
9.965505219341416e-011	1.892661e-002
1.008686147192124e-010	1.636532e-002
1.018625743120187e-010	1.444011e-002
1.028957270631639e-010	1.257531e-002
1.040882247400481e-010	1.056722e-002
1.052877712951070e-010	8.675106e-003
1.067599466097015e-010	6.481763e-003
1.101726595708315e-010	1.644156e-003
1.117765883678291e-010	-6.153988e-004
1.134944757217714e-010	-3.006723e-003
1.151408646912538e-010	-5.165043e-003
1.166581801734601e-010	-6.905190e-003
1.183132248236626e-010	-8.380857e-003
1.202501277650352e-010	-9.425846e-003
1.222032527650352e-010	-9.743466e-003
1.241563777650351e-010	-9.483996e-003
1.259533399592352e-010	-8.947853e-003
1.293382702252392e-010	-7.778461e-003
1.343614524976789e-010	-6.225366e-003
1.378952002343636e-010	-4.990539e-003
1.397723170831414e-010	-4.303124e-003
1.416341901586183e-010	-3.667001e-003
1.434031749239228e-010	-3.147093e-003
1.450019540903196e-010	-2.764955e-003
1.467322697756048e-010	-2.442825e-003
1.483011807154041e-010	-2.219621e-003
1.500474556670000e-010	-2.025837e-003
1.557743293067843e-010	-1.522571e-003
1.577274543067843e-010	-1.321943e-003
1.613027639969995e-010	-8.703523e-004
1.648527901195582e-010	-3.792618e-004
1.665432525618324e-010	-1.667059e-004
1.682919012663396e-010	2.497853e-005
1.702450262663396e-010	2.038999e-004
1.721981512663396e-010	3.511048e-004
1.741512762663396e-010	4.727992e-004
1.761044012663396e-010	5.694771e-004
1.780060066999305e-010	6.329889e-004
1.798434064740183e-010	6.565759e-004
1.817965314740183e-010	6.349913e-004
1.837171478255591e-010	5.711959e-004
1.875362679256456e-010	3.929743e-004
1.894893929256456e-010	3.289366e-004
1.914425179256455e-010	3.134192e-004
1.933956429256455e-010	3.541329e-004
1.953487679256455e-010	4.432944e-004
1.992550179256455e-010	6.775633e-004
2.012081429256455e-010	7.679212e-004
2.031612679256455e-010	8.109421e-004
2.051143929256455e-010	7.973411e-004
2.070675179256455e-010	7.302364e-004
2.109737679256455e-010	4.963861e-004
2.148800179256454e-010	2.617277e-004
2.168331429256454e-010	1.808880e-004
2.187862679256454e-010	1.311149e-004
2.207393929256454e-010	1.111417e-004
2.226925179256454e-010	1.180422e-004
2.246456429256454e-010	1.494523e-004
2.285518929256454e-010	2.793377e-004
2.344112679256454e-010	5.503905e-004
2.363643929256454e-010	6.046065e-004
2.383175179256453e-010	6.116278e-004
2.402706429256453e-010	5.616206e-004
2.422237679256453e-010	4.559703e-004
2.480831429256453e-010	-1.012242e-005
2.500362679256453e-010	-1.246579e-004
2.519893929256453e-010	-1.807554e-004
2.539425179256453e-010	-1.713120e-004
2.558956429256453e-010	-1.024710e-004
2.598018929256453e-010	1.396942e-004
2.617550179256452e-010	2.671208e-004
2.637081429256452e-010	3.727104e-004
2.656612679256452e-010	4.453469e-004
2.676143929256452e-010	4.812026e-004
2.695675179256452e-010	4.817221e-004
2.715206429256452e-010	4.508348e-004
2.734737679256452e-010	3.927818e-004
2.773800179256452e-010	2.114891e-004
2.832393929256452e-010	-1.108785e-004
2.851925179256451e-010	-1.787102e-004
2.871456429256451e-010	-2.015244e-004
2.890987679256451e-010	-1.710437e-004
2.910518929256451e-010	-8.849447e-005
2.949581429256451e-010	1.768715e-004
2.969112679256451e-010	3.139873e-004
2.988643929256451e-010	4.216658e-004
3.008175179256451e-010	4.823795e-004
3.027706429256451e-010	4.887088e-004
3.047237679256451e-010	4.442025e-004
3.086300179256450e-010	2.578264e-004
3.125362679256450e-010	5.656651e-005
3.144893929256450e-010	-1.743227e-005
3.164425179256450e-010	-6.658264e-005
3.183956429256450e-010	-9.036754e-005
3.203487679256450e-010	-8.971367e-005
3.223018929256450e-010	-6.555508e-005
3.242550179256450e-010	-1.865650e-005
3.281612679256450e-010	1.342848e-004
3.320675179256449e-010	3.194699e-004
3.340206429256449e-010	3.938663e-004
3.359737679256449e-010	4.379493e-004
3.379268929256449e-010	4.422546e-004
3.398800179256449e-010	4.042207e-004
3.418331429256449e-010	3.294795e-004
3.476925179256449e-010	3.319410e-005
3.496456429256449e-010	-3.389594e-005
3.515987679256449e-010	-6.708749e-005
3.535518929256449e-010	-6.579391e-005
3.574581429256448e-010	1.401781e-005
3.652706429256448e-010	2.354366e-004
3.691768929256448e-010	2.985836e-004
3.730831429256448e-010	3.052616e-004
3.769893929256448e-010	2.353066e-004
3.848018929256447e-010	-3.396477e-005
3.867550179256447e-010	-7.335758e-005
3.887081429256447e-010	-8.455380e-005
3.906612679256447e-010	-6.674340e-005
3.945675179256447e-010	3.221642e-005
3.984737679256447e-010	1.480820e-004
4.023800179256446e-010	2.139569e-004
4.062862679256446e-010	2.158175e-004
4.121456429256446e-010	1.457991e-004
4.219112679256446e-010	-3.943306e-005
4.258175179256445e-010	-5.988505e-005
4.297237679256445e-010	-3.540095e-006
4.355831429256445e-010	1.514519e-004
4.394893929256445e-010	2.068620e-004
4.433956429256445e-010	1.881709e-004
4.551143929256444e-010	-4.768450e-006
4.609737679256444e-010	-4.200344e-005
4.648800179256444e-010	-1.754243e-005
4.746456429256446e-010	1.662891e-004
4.785518929256447e-010	1.722031e-004
4.824581429256448e-010	1.080910e-004
4.883175179256449e-010	-2.108535e-005
4.922237679256450e-010	-6.234716e-005
4.980831429256451e-010	-4.160477e-005
5.117550179256454e-010	1.452784e-004
5.156612679256455e-010	1.365443e-004
5.215206429256456e-010	2.447459e-005
5.254268929256457e-010	-5.141318e-005
5.293331429256458e-010	-7.184247e-005
5.332393929256459e-010	-3.196680e-005
5.410518929256461e-010	9.608518e-005
5.469112679256462e-010	1.371603e-004
5.527706429256463e-010	1.015818e-004
5.625362679256465e-010	-5.615976e-005
5.664425179256466e-010	-5.817588e-005
5.723018929256468e-010	3.372551e-005
5.781612679256469e-010	1.182140e-004
5.820675179256470e-010	1.205857e-004
5.898800179256472e-010	3.518333e-005
5.976925179256473e-010	-5.414191e-005
6.015987679256474e-010	-5.760008e-005
6.074581429256475e-010	1.409427e-005
6.133175179256477e-010	1.017663e-004
6.172237679256478e-010	1.101209e-004
6.289425179256480e-010	-2.798132e-005
6.348018929256481e-010	-4.362257e-005
6.426143929256483e-010	2.150015e-005
6.504268929256485e-010	1.015330e-004
6.543331429256486e-010	9.366201e-005
6.640987679256488e-010	-2.997307e-005
6.699581429256489e-010	-4.169675e-005
6.836300179256492e-010	7.055887e-005
6.894893929256494e-010	6.966644e-005
7.012081429256496e-010	-4.726820e-005
7.070675179256498e-010	-3.812884e-005
7.168331429256500e-010	5.691266e-005
7.226925179256501e-010	6.292407e-005
7.383175179256504e-010	-3.889630e-005
7.441768929256506e-010	-1.442824e-005
7.539425179256508e-010	7.056224e-005
7.598018929256509e-010	5.449109e-005
7.715206429256512e-010	-2.535814e-005
7.793331429256514e-010	-1.003304e-005
7.890987679256516e-010	5.998215e-005
7.949581429256517e-010	4.787767e-005
8.047237679256519e-010	-2.660173e-005
8.125362679256521e-010	-1.782795e-005
8.262081429256524e-010	5.232592e-005
8.340206429256526e-010	1.677207e-005
8.418331429256527e-010	-2.836369e-005
8.496456429256529e-010	9.542234e-007
8.594112679256531e-010	4.812218e-005
8.691768929256533e-010	1.677001e-005
8.789425179256536e-010	-2.446268e-005
8.945675179256539e-010	4.363210e-005
9.140987679256543e-010	-2.163144e-005
9.297237679256547e-010	4.108371e-005
9.473018929256543e-010	-1.558513e-005
9.668331429256537e-010	3.880622e-005
9.824581429256532e-010	-1.459038e-005
1.001989392925653e-009	3.143143e-005
1.017614392925652e-009	-1.495908e-005
1.035192517925652e-009	3.016501e-005
1.054723767925651e-009	-8.370156e-006
1.070348767925651e-009	3.070502e-005
1.089880017925650e-009	-5.424141e-006
1.107458142925649e-009	2.509442e-005
1.123083142925649e-009	-6.667355e-006
1.142614392925648e-009	2.312946e-005
1.160192517925648e-009	-1.947743e-006
1.177770642925647e-009	2.148809e-005
1.195348767925647e-009	-1.272822e-006
1.212926892925646e-009	1.867267e-005
1.230505017925646e-009	-1.815737e-007
1.248083142925645e-009	1.823115e-005
1.265661267925645e-009	2.477241e-006
1.285192517925644e-009	1.482117e-005
1.302770642925643e-009	5.598682e-006
1.322301892925643e-009	1.004570e-005
1.339880017925642e-009	8.687184e-006
1.361364392925642e-009	4.987899e-006
1.392614392925641e-009	9.083031e-006
1.433630017925639e-009	3.073716e-006
1.464880017925638e-009	6.487471e-006
1.851598767925626e-009	4.413371e-006
1.998083142925636e-009	3.797519e-006
2.000000000000000e-009	4.041534e-006
Step Information: C_d=300f  (Run: 3/10)
0.000000000000000e+000	0.000000e+000
6.399999887690688e-013	1.101409e-005
1.867753383144685e-012	-2.090370e-005
2.651363782725193e-012	-2.153359e-005
4.313695997271681e-012	4.558669e-005
5.179390448123935e-012	5.309164e-005
6.103500901138816e-012	1.249197e-005
7.912653973560117e-012	-1.093883e-004
8.872554390897826e-012	-9.660184e-005
1.012186961052338e-011	5.803724e-005
1.060934805261690e-011	1.462882e-004
1.188269043241302e-011	4.332574e-004
1.274338461681617e-011	5.266080e-004
1.352344591743320e-011	4.843737e-004
1.554244531488385e-011	9.338713e-005
1.645643339375343e-011	6.412914e-005
1.732013603674304e-011	3.414186e-004
1.826075013695723e-011	1.185675e-003
1.910786236157703e-011	2.610227e-003
2.001254389653899e-011	5.037997e-003
2.116793291857601e-011	9.830800e-003
2.258330447204216e-011	1.874477e-002
2.412713435942859e-011	3.256877e-002
2.563570028627650e-011	4.992101e-002
2.715512448766121e-011	7.024636e-002
3.011269684475496e-011	1.123569e-001
3.161039741912103e-011	1.322389e-001
3.303548119981375e-011	1.491937e-001
3.437699329062891e-011	1.632086e-001
3.588852471232010e-011	1.768957e-001
3.734558120669059e-011	1.883201e-001
3.985914795220047e-011	2.050467e-001
4.262913108519887e-011	2.205050e-001
4.587704373614823e-011	2.355938e-001
5.046481118345062e-011	2.521462e-001
5.684204963100193e-011	2.690530e-001
6.660555681381905e-011	2.884763e-001
6.836903014166033e-011	2.899503e-001
7.032638369983210e-011	2.875721e-001
7.125863201663526e-011	2.843386e-001
7.227034796466124e-011	2.789862e-001
7.335435113839337e-011	2.709930e-001
7.459479331715044e-011	2.590489e-001
7.641054573102125e-011	2.370065e-001
8.093349020938311e-011	1.741932e-001
8.196862647564656e-011	1.611560e-001
8.316794296078478e-011	1.473537e-001
8.424986043126959e-011	1.361313e-001
8.544951714559081e-011	1.249560e-001
8.673480904183630e-011	1.142620e-001
8.814700944542474e-011	1.037473e-001
8.943099160157721e-011	9.508070e-002
9.077042941330061e-011	8.676423e-002
9.199237519826209e-011	7.973201e-002
9.345210638486404e-011	7.196091e-002
9.494122372209259e-011	6.470528e-002
9.653973081929009e-011	5.763448e-002
9.803227187341375e-011	5.165610e-002
9.951790301485789e-011	4.623960e-002
1.012139150396279e-010	4.061665e-002
1.025789257717602e-010	3.646569e-002
1.038586502305917e-010	3.283420e-002
1.052604892386803e-010	2.910673e-002
1.067704499376841e-010	2.533942e-002
1.082678000345807e-010	2.180423e-002
1.098579434012397e-010	1.820506e-002
1.116542885260050e-010	1.426735e-002
1.133440049674602e-010	1.066997e-002
1.149255937881964e-010	7.434362e-003
1.163904831204574e-010	4.623401e-003
1.180050834745482e-010	1.837012e-003
1.194725270615675e-010	-3.338869e-004
1.211476453077083e-010	-2.336388e-003
1.230184487129535e-010	-3.990849e-003
1.249715737129535e-010	-5.172213e-003
1.269131436122014e-010	-5.957015e-003
1.287989246571988e-010	-6.490880e-003
1.305601477667592e-010	-6.861817e-003
1.321831624903987e-010	-7.112282e-003
1.338601472218378e-010	-7.267648e-003
1.353285093810337e-010	-7.303881e-003
1.367891867383706e-010	-7.241600e-003
1.383369927719707e-010	-7.075646e-003
1.399417685905712e-010	-6.815386e-003
1.437621759343018e-010	-6.003452e-003
1.474102425005509e-010	-5.204170e-003
1.507549734480607e-010	-4.575499e-003
1.542239302768021e-010	-4.066628e-003
1.634127616834879e-010	-3.062753e-003
1.684085359786867e-010	-2.407072e-003
1.720938760340959e-010	-1.840351e-003
1.779532510340959e-010	-8.311502e-004
1.797797338035636e-010	-5.366238e-004
1.816168504564083e-010	-2.811428e-004
1.832962691178643e-010	-9.598296e-005
1.851059294714909e-010	4.485981e-005
1.867442613972630e-010	1.208067e-004
1.886045170435506e-010	1.564664e-004
1.905576420435506e-010	1.519904e-004
1.964170170435506e-010	7.298378e-005
1.983011909304890e-010	7.465133e-005
2.001685844214153e-010	1.008708e-004
2.039074577080939e-010	2.223766e-004
2.116289332186648e-010	5.835661e-004
2.155351832186648e-010	6.994588e-004
2.174883082186648e-010	7.182625e-004
2.194414332186647e-010	7.058453e-004
2.213945582186647e-010	6.619637e-004
2.253008082186647e-010	5.015438e-004
2.292070582186647e-010	3.238334e-004
2.311601832186647e-010	2.643208e-004
2.331133082186647e-010	2.379765e-004
2.350664332186647e-010	2.468057e-004
2.389726832186647e-010	3.418041e-004
2.428789332186646e-010	4.503363e-004
2.448320582186646e-010	4.772878e-004
2.467851832186646e-010	4.773100e-004
2.506914332186646e-010	4.044652e-004
2.585039332186646e-010	1.675357e-004
2.624101832186646e-010	9.046323e-005
2.663164332186645e-010	6.473727e-005
2.702226832186645e-010	1.040504e-004
2.780351832186645e-010	2.807698e-004
2.799883082186645e-010	2.935847e-004
2.819414332186645e-010	2.782858e-004
2.858476832186645e-010	1.725762e-004
2.897539332186644e-010	3.543500e-005
2.917070582186644e-010	-1.247998e-005
2.936601832186644e-010	-3.459647e-005
2.956133082186644e-010	-2.898047e-005
2.995195582186644e-010	4.605404e-005
3.053789332186644e-010	1.920594e-004
3.092851832186644e-010	2.472325e-004
3.131914332186643e-010	2.582888e-004
3.170976832186643e-010	2.201539e-004
3.249101832186643e-010	3.735996e-005
3.268633082186643e-010	7.607170e-006
3.288164332186643e-010	1.205322e-006
3.307695582186643e-010	2.176679e-005
3.346758082186643e-010	1.300314e-004
3.385820582186642e-010	2.601867e-004
3.405351832186642e-010	3.040578e-004
3.424883082186642e-010	3.236738e-004
3.444414332186642e-010	3.178843e-004
3.483476832186642e-010	2.482916e-004
3.561601832186642e-010	7.212751e-005
3.600664332186641e-010	3.163054e-005
3.639726832186641e-010	3.926833e-005
3.678789332186641e-010	1.015630e-004
3.737383082186641e-010	2.426938e-004
3.756914332186641e-010	2.723934e-004
3.776445582186641e-010	2.806548e-004
3.795976832186641e-010	2.643422e-004
3.835039332186640e-010	1.694915e-004
3.893633082186640e-010	1.194640e-006
3.913164332186640e-010	-2.687654e-005
3.952226832186640e-010	-2.371666e-005
4.069414332186639e-010	1.740030e-004
4.108476832186639e-010	2.015052e-004
4.147539332186639e-010	1.769149e-004
4.245195582186639e-010	-3.097038e-005
4.284258082186639e-010	-5.096625e-005
4.323320582186638e-010	3.365300e-006
4.381914332186638e-010	1.337853e-004
4.420976832186638e-010	1.787357e-004
4.460039332186638e-010	1.681412e-004
4.596758082186637e-010	-2.755870e-005
4.635820582186637e-010	-3.223998e-005
4.694414332186637e-010	4.622607e-005
4.753008082186639e-010	1.387903e-004
4.792070582186639e-010	1.443601e-004
4.850664332186641e-010	6.350766e-005
4.909258082186642e-010	-2.434609e-005
4.967851832186643e-010	-3.624973e-005
5.104570582186646e-010	1.014003e-004
5.163164332186648e-010	9.281779e-005
5.260820582186650e-010	-2.384654e-005
5.319414332186651e-010	-1.900961e-005
5.417070582186653e-010	8.047036e-005
5.475664332186655e-010	9.487530e-005
5.573320582186657e-010	3.002853e-005
5.631914332186658e-010	-9.249380e-006
5.690508082186659e-010	8.119653e-006
5.788164332186662e-010	8.101422e-005
5.866289332186663e-010	5.218305e-005
5.983476832186666e-010	-7.170451e-006
6.061601832186668e-010	9.750574e-006
6.159258082186670e-010	6.089948e-005
6.315508082186673e-010	-2.428796e-006
6.452226832186676e-010	3.024701e-005
6.549883082186678e-010	5.215590e-005
6.686601832186682e-010	-2.841820e-006
6.901445582186686e-010	3.884700e-005
7.057695582186690e-010	-1.271242e-005
7.233476832186694e-010	3.170243e-005
7.428789332186698e-010	-7.204160e-006
7.585039332186701e-010	3.838709e-005
7.780351832186706e-010	-3.381896e-006
7.936601832186709e-010	3.544909e-005
8.112383082186713e-010	-7.506329e-006
8.307695582186717e-010	2.927539e-005
8.463945582186721e-010	-5.987380e-006
8.639726832186725e-010	2.995113e-005
8.815508082186729e-010	-5.273222e-006
8.991289332186733e-010	2.469475e-005
9.186601832186737e-010	-3.831241e-006
9.342851832186738e-010	2.326207e-005
9.518633082186733e-010	-7.471946e-007
9.713945582186727e-010	2.151227e-005
9.870195582186722e-010	9.233286e-007
1.006550808218672e-009	1.750663e-005
1.024128933218671e-009	2.286594e-006
1.041707058218671e-009	1.547143e-005
1.061238308218670e-009	7.647817e-006
1.078816433218669e-009	1.275012e-005
1.098347683218669e-009	1.023395e-005
1.117878933218668e-009	5.264812e-006
1.151082058218667e-009	8.777661e-006
1.190144558218666e-009	5.516966e-006
1.225300808218665e-009	4.951163e-006
1.858113308218645e-009	4.963310e-006
1.998738308218656e-009	4.129928e-006
2.000000000000000e-009	4.176273e-006
Step Information: C_d=400f  (Run: 4/10)
0.000000000000000e+000	0.000000e+000
1.279999977538138e-012	-1.354705e-006
2.651379874333985e-012	-1.643207e-005
4.313724879731757e-012	3.430369e-005
5.179390994524291e-012	4.055174e-005
6.103491106969982e-012	1.043251e-005
7.912625115123419e-012	-8.260885e-005
8.872539780659768e-012	-7.437478e-005
1.028529639267845e-011	6.213144e-005
1.188648110259962e-011	3.302517e-004
1.274858444237641e-011	4.056855e-004
1.352801584439856e-011	3.785975e-004
1.554706171957519e-011	9.118440e-005
1.645527101931143e-011	6.957921e-005
1.730892841126288e-011	2.748565e-004
1.814302590255561e-011	8.105781e-004
1.903649280255945e-011	1.899590e-003
1.986461310873853e-011	3.521349e-003
2.102724284959259e-011	7.063371e-003
2.234656686219125e-011	1.320922e-002
2.393116504364438e-011	2.390957e-002
2.541236513399611e-011	3.710535e-002
2.689626902050548e-011	5.283250e-002
2.825946198156248e-011	6.866898e-002
2.970450711294688e-011	8.587860e-002
3.121609068223390e-011	1.033526e-001
3.302655343642251e-011	1.225790e-001
3.473050029318445e-011	1.385795e-001
3.626773776293021e-011	1.513176e-001
3.787459739577313e-011	1.632046e-001
4.069090954689607e-011	1.814510e-001
4.383928481886333e-011	1.990648e-001
4.706988546548424e-011	2.145721e-001
5.114919451672375e-011	2.308988e-001
5.713797807929318e-011	2.502613e-001
6.653180946836385e-011	2.743733e-001
6.828743998792979e-011	2.772589e-001
7.034010512055854e-011	2.772770e-001
7.223124412409327e-011	2.724304e-001
7.333381221099077e-011	2.669818e-001
7.455029697010039e-011	2.586876e-001
7.627661965104989e-011	2.432738e-001
8.177493791484843e-011	1.835443e-001
8.405022013103919e-011	1.618623e-001
8.521680516322185e-011	1.520364e-001
8.646162079161785e-011	1.424087e-001
8.787824545945706e-011	1.323492e-001
9.061179606276238e-011	1.149863e-001
9.215700464714065e-011	1.060995e-001
9.368242432958370e-011	9.790007e-002
9.510775385793834e-011	9.073372e-002
9.676639849113697e-011	8.297480e-002
9.831434068155746e-011	7.626432e-002
9.994930280800231e-011	6.967863e-002
1.015947782923341e-010	6.350990e-002
1.032165463946041e-010	5.782459e-002
1.048294358463618e-010	5.251190e-002
1.078996724611051e-010	4.318042e-002
1.109549093953402e-010	3.461228e-002
1.145027576921085e-010	2.523140e-002
1.162618188011645e-010	2.086966e-002
1.179246892128491e-010	1.703759e-002
1.194962304241697e-010	1.376125e-002
1.210648764807790e-010	1.088026e-002
1.227397530795564e-010	8.245067e-003
1.246651643516849e-010	5.724677e-003
1.264838745996603e-010	3.750297e-003
1.284369995996603e-010	1.950387e-003
1.303559637708897e-010	4.211268e-004
1.321146466319015e-010	-8.056394e-004
1.337921325821300e-010	-1.820474e-003
1.355226185361305e-010	-2.697440e-003
1.371729136955648e-010	-3.367428e-003
1.386280034166487e-010	-3.827482e-003
1.402240285514625e-010	-4.205624e-003
1.418461218304113e-010	-4.474834e-003
1.437992468304113e-010	-4.677428e-003
1.457523718304113e-010	-4.778310e-003
1.476717753859769e-010	-4.805315e-003
1.529621868480629e-010	-4.686831e-003
1.630771901294404e-010	-4.380388e-003
1.668501911630632e-010	-4.163211e-003
1.703460506036926e-010	-3.854119e-003
1.737793787772692e-010	-3.424536e-003
1.775029813282982e-010	-2.816061e-003
1.833145722308580e-010	-1.778458e-003
1.851919692460882e-010	-1.492766e-003
1.869271343820895e-010	-1.270471e-003
1.886627234463227e-010	-1.092722e-003
1.904957484932149e-010	-9.531371e-004
1.924488734932149e-010	-8.535282e-004
1.944019984932148e-010	-7.948850e-004
2.020888096809526e-010	-6.948010e-004
2.037974280378183e-010	-6.462969e-004
2.056387621641450e-010	-5.693079e-004
2.073361955303520e-010	-4.750129e-004
2.112424455303519e-010	-1.888366e-004
2.171018205303519e-010	2.871586e-004
2.190261700282617e-010	4.107571e-004
2.209792950282617e-010	5.019193e-004
2.229324200282617e-010	5.520438e-004
2.247442628904427e-010	5.602340e-004
2.266916957782860e-010	5.315826e-004
2.305979457782860e-010	3.970810e-004
2.345041957782860e-010	2.538783e-004
2.364573207782860e-010	2.113709e-004
2.384104457782859e-010	1.978533e-004
2.403635707782859e-010	2.138840e-004
2.442698207782859e-010	3.138563e-004
2.501291957782859e-010	5.009786e-004
2.540354457782859e-010	5.603227e-004
2.579416957782859e-010	5.333440e-004
2.618479457782858e-010	4.227254e-004
2.677073207782858e-010	1.843097e-004
2.696604457782858e-010	1.202271e-004
2.716135707782858e-010	7.880791e-005
2.735666957782858e-010	6.499276e-005
2.755198207782858e-010	7.888374e-005
2.833323207782858e-010	2.620603e-004
2.872385707782857e-010	2.956610e-004
2.911448207782857e-010	2.502834e-004
3.009104457782857e-010	3.308412e-005
3.048166957782857e-010	-1.291205e-005
3.087229457782856e-010	-6.731684e-006
3.126291957782856e-010	5.925094e-005
3.184885707782856e-010	1.995429e-004
3.223948207782856e-010	2.341961e-004
3.263010707782856e-010	1.911140e-004
3.321604457782855e-010	7.688042e-005
3.360666957782855e-010	4.879340e-005
3.419260707782855e-010	9.601573e-005
3.536448207782855e-010	2.370304e-004
3.575510707782854e-010	2.414428e-004
3.634104457782854e-010	1.621841e-004
3.692698207782854e-010	7.157551e-005
3.731760707782854e-010	7.543273e-005
3.829416957782853e-010	1.898590e-004
3.888010707782853e-010	1.746323e-004
4.044260707782852e-010	2.858469e-005
4.083323207782852e-010	3.683843e-005
4.180979457782852e-010	1.421308e-004
4.220041957782852e-010	1.323325e-004
4.317698207782851e-010	2.616768e-005
4.376291957782851e-010	2.115386e-005
4.532541957782850e-010	1.194904e-004
4.591135707782850e-010	8.900376e-005
4.669260707782850e-010	5.064839e-006
4.727854457782851e-010	1.549190e-005
4.825510707782853e-010	8.775499e-005
4.903635707782855e-010	7.377925e-005
5.020823207782857e-010	-1.258385e-005
5.079416957782859e-010	3.990094e-006
5.177073207782861e-010	8.062300e-005
5.255198207782863e-010	4.823045e-005
5.352854457782865e-010	-4.487591e-006
5.430979457782867e-010	2.512937e-005
5.528635707782869e-010	8.430298e-005
5.606760707782870e-010	4.704332e-005
5.684885707782872e-010	-6.656168e-007
5.763010707782874e-010	2.658627e-005
5.860666957782876e-010	7.018168e-005
5.958323207782878e-010	2.743554e-005
6.036448207782880e-010	-1.038338e-005
6.114573207782882e-010	2.011656e-005
6.192698207782883e-010	5.749747e-005
6.368479457782887e-010	-6.582270e-006
6.485666957782890e-010	3.521849e-005
6.563791957782892e-010	5.346316e-005
6.700510707782895e-010	-5.126781e-006
6.895823207782899e-010	4.135121e-005
7.071604457782903e-010	-1.121170e-005
7.227854457782906e-010	3.196185e-005
7.423166957782911e-010	-4.797489e-006
7.579416957782914e-010	3.464374e-005
7.774729457782919e-010	3.290125e-006
7.950510707782922e-010	2.632359e-005
8.106760707782926e-010	9.388875e-008
8.321604457782931e-010	1.720616e-005
8.477854457782934e-010	5.067718e-006
8.673166957782939e-010	1.683821e-005
8.848948207782942e-010	8.894490e-006
9.044260707782947e-010	9.684826e-006
1.861457320778267e-009	5.408998e-006
1.998176070778277e-009	4.354967e-006
2.000000000000000e-009	4.365590e-006
Step Information: C_d=500f  (Run: 5/10)
0.000000000000000e+000	0.000000e+000
1.279999977538138e-012	-1.035732e-006
2.651389888860586e-012	-1.327831e-005
4.313743117453481e-012	2.748786e-005
5.179392197427269e-012	3.278762e-005
7.912608301180796e-012	-6.632566e-005
8.872531253733218e-012	-6.040986e-005
1.028586133231897e-011	4.891210e-005
1.188877613292437e-011	2.667402e-004
1.275173099048695e-011	3.297993e-004
1.353078257594983e-011	3.104874e-004
1.555002196070970e-011	8.392120e-005
1.645483524564388e-011	6.710090e-005
1.730250199279704e-011	2.303387e-004
1.812885298229676e-011	6.551723e-004
1.901737168341944e-011	1.523960e-003
1.983698833202098e-011	2.814078e-003
2.098601120153957e-011	5.632757e-003
2.226333917497364e-011	1.041971e-002
2.386025542285931e-011	1.916384e-002
2.532741751298011e-011	2.988801e-002
2.679668208622677e-011	4.280335e-002
2.818749771272157e-011	5.638223e-002
3.112221799816752e-011	8.599345e-002
3.286598603066058e-011	1.024252e-001
3.443261316070998e-011	1.158819e-001
3.613739303031859e-011	1.290963e-001
3.775100916059144e-011	1.404241e-001
4.067958599665722e-011	1.588162e-001
4.369114313597126e-011	1.756053e-001
4.838002061960187e-011	1.981102e-001
5.364705001797123e-011	2.189396e-001
6.033804524042557e-011	2.409027e-001
6.745565617946970e-011	2.607569e-001
6.937960939540196e-011	2.636882e-001
7.122608986086542e-011	2.633492e-001
7.212954156535577e-011	2.616895e-001
7.327446763307434e-011	2.579857e-001
7.444043218028756e-011	2.523530e-001
7.608824740918904e-011	2.414578e-001
7.866047512727990e-011	2.198234e-001
8.266980769297463e-011	1.846747e-001
8.492650575314270e-011	1.675054e-001
8.758555971286259e-011	1.499514e-001
9.036259169751426e-011	1.338124e-001
9.344829363715657e-011	1.176995e-001
9.670579944214856e-011	1.024998e-001
9.999699503000314e-011	8.888006e-002
1.032751489765525e-010	7.674316e-002
1.065810740117492e-010	6.564380e-002
1.111087378252594e-010	5.174965e-002
1.147033132119177e-010	4.136895e-002
1.165137978679319e-010	3.640548e-002
1.182330423151095e-010	3.196313e-002
1.198901961202054e-010	2.801303e-002
1.214718382769697e-010	2.459530e-002
1.231658635174446e-010	2.132701e-002
1.250331337886046e-010	1.815496e-002
1.267470580351221e-010	1.557707e-002
1.284249609077500e-010	1.329682e-002
1.301777668798838e-010	1.112084e-002
1.318555936366826e-010	9.211317e-003
1.336406279740549e-010	7.362045e-003
1.353603231170887e-010	5.765033e-003
1.369597924936522e-010	4.447247e-003
1.386765792801486e-010	3.209747e-003
1.404003788091102e-010	2.139556e-003
1.419923911427897e-010	1.289198e-003
1.438315365311008e-010	4.505231e-004
1.457846615311008e-010	-2.939589e-004
1.477377865311008e-010	-9.098948e-004
1.494917619080865e-010	-1.371126e-003
1.513552503835110e-010	-1.785511e-003
1.531926750090033e-010	-2.136497e-003
1.563708857406383e-010	-2.653936e-003
1.596398416131416e-010	-3.102162e-003
1.633626196592576e-010	-3.500801e-003
1.653157446592576e-010	-3.653052e-003
1.672688696592576e-010	-3.762239e-003
1.691243621753565e-010	-3.823437e-003
1.709722204511642e-010	-3.839646e-003
1.727329095955128e-010	-3.809845e-003
1.743496656880132e-010	-3.741196e-003
1.776225260696718e-010	-3.483327e-003
1.813292882084810e-010	-3.044405e-003
1.870890474398619e-010	-2.300622e-003
1.888706255812325e-010	-2.107770e-003
1.906839130625840e-010	-1.943531e-003
1.926272143920121e-010	-1.806753e-003
1.945803393920121e-010	-1.709207e-003
1.984865893920121e-010	-1.606839e-003
2.043459643920120e-010	-1.501236e-003
2.080026092604909e-010	-1.342990e-003
2.098969979277275e-010	-1.219193e-003
2.138032479277275e-010	-8.889713e-004
2.196626229277274e-010	-3.356212e-004
2.216157479277274e-010	-1.801491e-004
2.235688729277274e-010	-5.628783e-005
2.253869454415187e-010	2.506321e-005
2.272524564867201e-010	7.266794e-005
2.292055814867201e-010	8.624222e-005
2.331118314867201e-010	3.419664e-005
2.370180814867201e-010	-4.450248e-005
2.389712064867200e-010	-6.457957e-005
2.409243314867200e-010	-6.125159e-005
2.428774564867200e-010	-3.165291e-005
2.467186609438070e-010	9.483547e-005
2.545311609438069e-010	4.386290e-004
2.564842859438069e-010	4.968923e-004
2.584374109438069e-010	5.317408e-004
2.603905359438069e-010	5.399428e-004
2.623436609438069e-010	5.206880e-004
2.662499109438069e-010	4.115741e-004
2.721092859438069e-010	1.900513e-004
2.740624109438068e-010	1.409657e-004
2.760155359438068e-010	1.168099e-004
2.779686609438068e-010	1.193283e-004
2.818749109438068e-010	1.894090e-004
2.877342859438068e-010	3.355133e-004
2.916405359438068e-010	3.740763e-004
2.955467859438068e-010	3.419018e-004
3.014061609438067e-010	1.933750e-004
3.072655359438067e-010	2.308800e-005
3.092186609438067e-010	-1.142014e-005
3.111717859438067e-010	-2.578748e-005
3.131249109438067e-010	-1.785940e-005
3.170311609438067e-010	5.560565e-005
3.228905359438066e-010	2.006308e-004
3.267967859438066e-010	2.318240e-004
3.307030359438066e-010	1.932759e-004
3.404686609438066e-010	2.322727e-005
3.443749109438065e-010	4.307056e-007
3.482811609438065e-010	2.308665e-005
3.580467859438065e-010	2.154150e-004
3.619530359438065e-010	2.442085e-004
3.658592859438065e-010	2.057350e-004
3.736717859438064e-010	7.061791e-005
3.775780359438064e-010	5.322242e-005
3.853905359438064e-010	1.147444e-004
3.932030359438063e-010	1.984523e-004
3.971092859438063e-010	2.058135e-004
4.029686609438063e-010	1.361187e-004
4.088280359438063e-010	4.119052e-005
4.127342859438063e-010	2.556543e-005
4.244530359438062e-010	1.269755e-004
4.322655359438062e-010	1.232427e-004
4.459374109438061e-010	1.324152e-006
4.517967859438061e-010	2.657029e-005
4.596092859438061e-010	9.886287e-005
4.654686609438060e-010	8.741504e-005
4.791405359438063e-010	3.712741e-006
4.869530359438065e-010	2.147612e-005
4.947655359438067e-010	7.588159e-005
5.006249109438068e-010	6.514009e-005
5.103905359438070e-010	4.168811e-006
5.221092859438073e-010	3.442334e-005
5.318749109438075e-010	6.711970e-005
5.474999109438078e-010	1.148744e-005
5.631249109438082e-010	6.124296e-005
5.826561609438086e-010	1.306972e-005
5.982811609438090e-010	4.665670e-005
6.158592859438094e-010	8.032715e-006
6.334374109438098e-010	3.661386e-005
6.490624109438101e-010	9.732426e-006
6.666405359438105e-010	3.356683e-005
6.861717859438109e-010	1.100477e-005
7.017967859438113e-010	2.205784e-005
7.193749109438117e-010	6.026526e-006
7.369530359438120e-010	1.831004e-005
7.525780359438124e-010	9.516768e-006
7.721092859438128e-010	1.881392e-005
7.896874109438132e-010	1.403640e-005
8.092186609438137e-010	8.995999e-006
8.404686609438143e-010	1.089451e-005
8.775780359438152e-010	9.209924e-006
9.303124109438163e-010	1.343330e-005
1.861953035943788e-009	5.591522e-006
1.998671785943798e-009	4.478780e-006
2.000000000000000e-009	4.482827e-006
Step Information: C_d=600f  (Run: 6/10)
0.000000000000000e+000	0.000000e+000
2.651396720320443e-012	-1.113669e-005
5.179393375133567e-012	2.751061e-005
7.912597315290737e-012	-5.538735e-005
8.872525675122902e-012	-5.083725e-005
1.028623959318046e-011	4.030487e-005
1.189031366618049e-011	2.236804e-004
1.275383835542479e-011	2.777733e-004
1.353263615148891e-011	2.630491e-004
1.555207381183035e-011	7.633954e-005
1.645465058416917e-011	6.269861e-005
1.729833737420130e-011	1.983007e-004
1.811954959285909e-011	5.503709e-004
1.900480567537764e-011	1.273173e-003
1.981903865599821e-011	2.344768e-003
2.095922563230955e-011	4.686219e-003
2.221037144659027e-011	8.609397e-003
2.381573187558600e-011	1.600404e-002
2.527434880631280e-011	2.504285e-002
2.673504761833296e-011	3.600554e-002
2.814627415042354e-011	4.787331e-002
3.107045255359586e-011	7.367647e-002
3.277637740197524e-011	8.801191e-002
3.439541664707675e-011	1.005958e-001
3.613883815945108e-011	1.129803e-001
3.781774660035112e-011	1.239155e-001
4.083890377280527e-011	1.417824e-001
4.391907514700696e-011	1.582381e-001
4.880148201979769e-011	1.811515e-001
5.371045291979845e-011	2.008203e-001
6.063980251435679e-011	2.246682e-001
6.726147579485721e-011	2.447239e-001
7.010257957481983e-011	2.496756e-001
7.188777478340338e-011	2.493226e-001
7.299785447003832e-011	2.472978e-001
7.503745317313455e-011	2.397482e-001
7.742428282208327e-011	2.255481e-001
8.323451380481024e-011	1.839997e-001
8.551864900869154e-011	1.697286e-001
8.956096672402712e-011	1.478867e-001
9.405285114947269e-011	1.267575e-001
9.720171661103649e-011	1.135000e-001
1.005269205274641e-010	1.007710e-001
1.055280060162856e-010	8.357014e-002
1.101351574155639e-010	6.920721e-002
1.152272442370098e-010	5.422199e-002
1.187855607427391e-010	4.453015e-002
1.204235321028997e-010	4.047825e-002
1.220886070413963e-010	3.668712e-002
1.237790731323536e-010	3.317857e-002
1.253811861147763e-010	3.014306e-002
1.269240689923143e-010	2.744676e-002
1.285933504473542e-010	2.473552e-002
1.301215400142333e-010	2.241233e-002
1.317916981848603e-010	2.002950e-002
1.336221715740382e-010	1.760238e-002
1.353674628472473e-010	1.547307e-002
1.369669801269940e-010	1.368429e-002
1.387127080314546e-010	1.190796e-002
1.403861386971059e-010	1.036963e-002
1.419721416697454e-010	9.049429e-003
1.437411768245865e-010	7.721211e-003
1.456943018245865e-010	6.415685e-003
1.476474268245865e-010	5.262760e-003
1.496005518245865e-010	4.244605e-003
1.514420185450609e-010	3.390193e-003
1.532990187797268e-010	2.613427e-003
1.549871807645993e-010	1.967139e-003
1.568048452190619e-010	1.323374e-003
1.584790077035072e-010	7.727389e-004
1.602246624223166e-010	2.398309e-004
1.619863688083218e-010	-2.547927e-004
1.639394938083217e-010	-7.510794e-004
1.658926188083217e-010	-1.191591e-003
1.678457438083217e-010	-1.575488e-003
1.697650583511360e-010	-1.895999e-003
1.716599472516157e-010	-2.154377e-003
1.736130722516157e-010	-2.356599e-003
1.752538905922562e-010	-2.474197e-003
1.770133728916514e-010	-2.547386e-003
1.786518973695519e-010	-2.569064e-003
1.805083144075252e-010	-2.546452e-003
1.844145644075252e-010	-2.383035e-003
1.900795085443276e-010	-2.065297e-003
1.936770344812918e-010	-1.930440e-003
1.972086719779069e-010	-1.885168e-003
2.050211719779069e-010	-1.902633e-003
2.088583242492617e-010	-1.813802e-003
2.127058963757206e-010	-1.607053e-003
2.166121463757205e-010	-1.301211e-003
2.224715213757205e-010	-8.028722e-004
2.244246463757205e-010	-6.656756e-004
2.263777713757205e-010	-5.567827e-004
2.282564858778287e-010	-4.826802e-004
2.302096108778287e-010	-4.377768e-004
2.341158608778287e-010	-4.274239e-004
2.399752358778287e-010	-4.697258e-004
2.419283608778287e-010	-4.593583e-004
2.438814858778287e-010	-4.261308e-004
2.477405203560185e-010	-2.923306e-004
2.555530203560185e-010	1.140683e-004
2.594592703560184e-010	2.708542e-004
2.614123953560184e-010	3.160450e-004
2.633655203560184e-010	3.349215e-004
2.653186453560184e-010	3.275578e-004
2.692248953560184e-010	2.499064e-004
2.750842703560184e-010	9.832058e-005
2.770373953560184e-010	7.417405e-005
2.789905203560184e-010	7.245730e-005
2.828967703560183e-010	1.333395e-004
2.907092703560183e-010	3.494276e-004
2.946155203560183e-010	4.027016e-004
2.985217703560183e-010	3.862152e-004
3.024280203560183e-010	3.044387e-004
3.102405203560182e-010	7.729964e-005
3.121936453560182e-010	4.514823e-005
3.141467703560182e-010	3.361055e-005
3.180530203560182e-010	7.226807e-005
3.258655203560182e-010	2.395530e-004
3.297717703560181e-010	2.632244e-004
3.336780203560181e-010	2.260327e-004
3.453967703560181e-010	-2.896303e-006
3.493030203560181e-010	-2.317908e-005
3.532092703560180e-010	1.813907e-005
3.610217703560180e-010	1.823120e-004
3.649280203560180e-010	2.093017e-004
3.688342703560180e-010	1.738399e-004
3.766467703560179e-010	4.249918e-005
3.825061453560179e-010	7.560325e-006
3.883655203560179e-010	5.421340e-005
3.961780203560179e-010	1.810938e-004
4.000842703560178e-010	2.049163e-004
4.039905203560178e-010	1.737027e-004
4.118030203560178e-010	4.736185e-005
4.157092703560178e-010	2.501325e-005
4.215686453560177e-010	6.001285e-005
4.313342703560177e-010	1.595882e-004
4.371936453560177e-010	1.600614e-004
4.489123953560176e-010	1.095437e-005
4.528186453560176e-010	8.079488e-006
4.645373953560176e-010	1.062347e-004
4.703967703560176e-010	1.039376e-004
4.840686453560179e-010	-2.091996e-005
4.899280203560181e-010	-1.401950e-005
4.996936453560183e-010	6.998504e-005
5.055530203560184e-010	6.156892e-005
5.192248953560187e-010	-1.977640e-005
5.250842703560189e-010	-6.041162e-006
5.348498953560191e-010	7.174662e-005
5.407092703560192e-010	6.816101e-005
5.524280203560195e-010	6.696075e-006
5.621936453560197e-010	3.468148e-005
5.719592703560199e-010	7.781683e-005
5.817248953560201e-010	3.126421e-005
5.895373953560203e-010	5.688805e-006
6.071155203560207e-010	5.300976e-005
6.246936453560211e-010	-4.636783e-006
6.403186453560214e-010	4.111628e-005
6.598498953560218e-010	1.267223e-006
6.754748953560222e-010	3.843659e-005
6.950061453560226e-010	3.222594e-006
7.125842703560230e-010	2.668105e-005
7.301623953560234e-010	1.962800e-006
7.477405203560238e-010	2.227737e-005
7.672717703560242e-010	9.081090e-006
7.828967703560246e-010	2.044117e-005
8.043811453560251e-010	1.093411e-005
8.239123953560255e-010	7.978470e-006
1.861021770355999e-009	5.659783e-006
1.999693645356010e-009	4.534313e-006
2.000000000000000e-009	4.537404e-006
Step Information: C_d=700f  (Run: 7/10)
0.000000000000000e+000	0.000000e+000
2.651401677624661e-012	-9.587668e-006
5.179394403928093e-012	2.369164e-005
7.912589582393199e-012	-4.753609e-005
8.872521744401332e-012	-4.387102e-005
1.028651049100524e-011	3.426186e-005
1.189141521963809e-011	1.925691e-004
1.275534786641460e-011	2.398938e-004
1.353396416892862e-011	2.281378e-004
1.555357738901626e-011	6.949262e-005
1.645456928044302e-011	5.808543e-005
1.729541947354973e-011	1.741053e-004
1.811297347102263e-011	4.747346e-004
1.899591660677730e-011	1.093620e-003
1.980644725423503e-011	2.010226e-003
2.094043862837995e-011	4.012997e-003
2.217371302582631e-011	7.337783e-003
2.378520949718087e-011	1.374459e-002
2.523809436029443e-011	2.155848e-002
2.669321064213475e-011	3.108386e-002
2.811993192092374e-011	4.161529e-002
3.103840621478914e-011	6.446518e-002
3.272011898736761e-011	7.717387e-002
3.438729683971317e-011	8.894423e-002
3.615359604653471e-011	1.004483e-001
3.932401245384319e-011	1.190563e-001
4.252182157550039e-011	1.360008e-001
4.747794873418977e-011	1.594802e-001
5.230526476964913e-011	1.794159e-001
5.888918255662148e-011	2.032451e-001
6.692507981161263e-011	2.288911e-001
6.986648409394622e-011	2.353272e-001
7.165918626515995e-011	2.363347e-001
7.378966922000076e-011	2.334208e-001
7.557878761360128e-011	2.273352e-001
7.805491918389308e-011	2.146196e-001
8.293754343646384e-011	1.853297e-001
8.651196453503295e-011	1.665912e-001
9.067145937832613e-011	1.477795e-001
9.527325641633811e-011	1.291428e-001
1.001876414611080e-010	1.114064e-001
1.052566825187927e-010	9.498200e-002
1.129216438023380e-010	7.234497e-002
1.179929599683532e-010	5.823803e-002
1.214585308015381e-010	4.961700e-002
1.231345361250546e-010	4.587960e-002
1.247485341237000e-010	4.254306e-002
1.280505214884791e-010	3.638714e-002
1.311661706259615e-010	3.120832e-002
1.329188956453791e-010	2.852194e-002
1.347525072638102e-010	2.588758e-002
1.365641330573948e-010	2.346737e-002
1.383557958577542e-010	2.125378e-002
1.399909048269810e-010	1.938558e-002
1.416096309357729e-010	1.767127e-002
1.432843569679689e-010	1.603017e-002
1.451090261519508e-010	1.438553e-002
1.470621511519507e-010	1.277974e-002
1.490152761519507e-010	1.132117e-002
1.509684011519507e-010	9.994105e-003
1.527535792864932e-010	8.880773e-003
1.545076026308676e-010	7.865064e-003
1.563309073844717e-010	6.879014e-003
1.580123606646730e-010	6.025492e-003
1.598403421909109e-010	5.154204e-003
1.616470726211474e-010	4.349843e-003
1.636001976211474e-010	3.543749e-003
1.655533226211474e-010	2.803433e-003
1.675064476211474e-010	2.128526e-003
1.694422002365970e-010	1.524379e-003
1.713129206088531e-010	1.003245e-003
1.732660456088531e-010	5.276905e-004
1.752077956926544e-010	1.269173e-004
1.769773432987151e-010	-1.750323e-004
1.786517443080898e-010	-4.066987e-004
1.804381093903951e-010	-6.002310e-004
1.823912343903951e-010	-7.565229e-004
1.843443593903951e-010	-8.657573e-004
1.882506093903951e-010	-9.930825e-004
1.936162691365808e-010	-1.120664e-003
1.986943907562448e-010	-1.320443e-003
2.045537657562448e-010	-1.584329e-003
2.065068907562448e-010	-1.640995e-003
2.084600157562448e-010	-1.669387e-003
2.102767328146868e-010	-1.667409e-003
2.122298578146868e-010	-1.634357e-003
2.161140224621274e-010	-1.483998e-003
2.258796474621273e-010	-9.140430e-004
2.278327724621273e-010	-8.324357e-004
2.297858974621273e-010	-7.760616e-004
2.336921474621273e-010	-7.381644e-004
2.415046474621272e-010	-7.855899e-004
2.454108974621272e-010	-7.391195e-004
2.492995028730690e-010	-6.068525e-004
2.590651278730689e-010	-1.153808e-004
2.610182528730689e-010	-3.983053e-005
2.629713778730689e-010	1.544542e-005
2.649245028730689e-010	4.773126e-005
2.668776278730689e-010	5.674841e-005
2.707838778730689e-010	1.802188e-005
2.766432528730689e-010	-7.572205e-005
2.805495028730688e-010	-7.508145e-005
2.844557528730688e-010	1.228944e-006
2.922682528730688e-010	2.463356e-004
2.961745028730688e-010	3.260444e-004
3.000807528730688e-010	3.415087e-004
3.039870028730687e-010	2.908524e-004
3.117995028730687e-010	1.071704e-004
3.157057528730687e-010	7.066879e-005
3.196120028730687e-010	1.064748e-004
3.274245028730686e-010	2.659742e-004
3.313307528730686e-010	2.989764e-004
3.352370028730686e-010	2.767362e-004
3.410963778730686e-010	1.682669e-004
3.469557528730686e-010	4.468555e-005
3.508620028730685e-010	7.477439e-006
3.547682528730685e-010	3.090608e-005
3.625807528730685e-010	1.698108e-004
3.664870028730685e-010	1.971379e-004
3.703932528730685e-010	1.694746e-004
3.801588778730684e-010	1.116317e-005
3.860182528730684e-010	-2.554137e-005
3.899245028730684e-010	7.163130e-007
3.996901278730683e-010	1.516018e-004
4.035963778730683e-010	1.601307e-004
4.114088778730683e-010	5.998420e-005
4.172682528730683e-010	3.956972e-006
4.231276278730682e-010	2.162043e-005
4.348463778730682e-010	1.593118e-004
4.387526278730682e-010	1.684672e-004
4.446120028730681e-010	1.084355e-004
4.504713778730681e-010	3.237041e-005
4.563307528730681e-010	2.701356e-005
4.700026278730682e-010	1.323687e-004
4.758620028730683e-010	1.169641e-004
4.875807528730686e-010	-1.151207e-005
4.934401278730687e-010	5.749279e-007
5.032057528730689e-010	7.444395e-005
5.110182528730691e-010	5.513259e-005
5.227370028730694e-010	-3.428033e-005
5.285963778730695e-010	-2.011043e-005
5.383620028730697e-010	6.102847e-005
5.461745028730699e-010	4.570093e-005
5.578932528730701e-010	-1.192518e-005
5.657057528730703e-010	1.786254e-005
5.754713778730705e-010	7.693639e-005
5.852370028730707e-010	3.042705e-005
5.930495028730709e-010	2.478243e-006
6.106276278730713e-010	6.627959e-005
6.282057528730717e-010	-3.705826e-006
6.457838778730721e-010	4.954245e-005
6.633620028730725e-010	-7.584651e-006
6.809401278730729e-010	3.840684e-005
6.985182528730733e-010	-9.009389e-006
7.160963778730736e-010	3.125763e-005
7.336745028730740e-010	-5.028599e-006
7.512526278730744e-010	3.139294e-005
7.688307528730748e-010	1.074974e-006
7.864088778730752e-010	2.821036e-005
8.059401278730756e-010	1.800276e-006
8.235182528730760e-010	1.848764e-005
8.410963778730764e-010	1.969677e-006
8.586745028730768e-010	1.819992e-005
8.762526278730772e-010	5.986903e-006
8.957838778730776e-010	1.452145e-005
9.133620028730780e-010	8.096450e-006
9.348463778730783e-010	6.604144e-006
9.719557528730771e-010	6.172473e-006
1.007112002873076e-009	5.969643e-006
1.864533877873050e-009	5.794931e-006
1.999299502873060e-009	4.557788e-006
2.000000000000000e-009	4.566617e-006
Step Information: C_d=800f  (Run: 8/10)
0.000000000000000e+000	0.000000e+000
2.651405438760888e-012	-8.415308e-006
5.179395279454656e-012	2.080016e-005
7.912583847006652e-012	-4.162774e-005
8.872518826707047e-012	-3.857605e-005
1.028671401796181e-011	2.978867e-005
1.189224305228164e-011	1.690411e-004
1.275648213080620e-011	2.110857e-004
1.353496222226439e-011	2.013805e-004
1.555472565096764e-011	6.353852e-005
1.645453542426409e-011	5.377306e-005
1.729326134789401e-011	1.551785e-004
1.810807833216077e-011	4.175038e-004
1.898929621777095e-011	9.586303e-004
1.979712967768462e-011	1.759528e-003
2.092653782392341e-011	3.509390e-003
2.214684237106990e-011	6.394806e-003
2.359562202965759e-011	1.136246e-002
2.495032679521568e-011	1.757482e-002
2.640251150985477e-011	2.575856e-002
2.801338534974408e-011	3.621424e-002
3.102275674368694e-011	5.735010e-002
3.270649726685446e-011	6.888455e-002
3.454449610057625e-011	8.069842e-002
3.626091002100958e-011	9.093462e-002
3.960202861045826e-011	1.090829e-001
4.288153893852420e-011	1.253409e-001
4.813317276240463e-011	1.488533e-001
5.362256101573340e-011	1.704499e-001
6.107434235510249e-011	1.963785e-001
6.778596604070872e-011	2.175167e-001
6.987363809108253e-011	2.220397e-001
7.164959223020346e-011	2.236712e-001
7.378330025350126e-011	2.219874e-001
7.550838785149857e-011	2.175341e-001
7.798615239525437e-011	2.072629e-001
8.402453734972215e-011	1.771475e-001
8.777155737063935e-011	1.610836e-001
9.350339239122836e-011	1.395514e-001
9.824726763441906e-011	1.235295e-001
1.049624720403506e-010	1.031573e-001
1.145562083633662e-010	7.658279e-002
1.198759624939259e-010	6.277550e-002
1.232437559969741e-010	5.508053e-002
1.265263702148829e-010	4.848122e-002
1.297308053331433e-010	4.270172e-002
1.334293881223262e-010	3.665526e-002
1.369885417615326e-010	3.145605e-002
1.404385288110637e-010	2.701380e-002
1.437810990859093e-010	2.323430e-002
1.471856017900860e-010	1.986362e-002
1.491387267900860e-010	1.812905e-002
1.510712740198019e-010	1.654099e-002
1.546656628119370e-010	1.387450e-002
1.581932962818465e-010	1.154764e-002
1.619385866072688e-010	9.342552e-003
1.638080159376962e-010	8.340268e-003
1.657611409376962e-010	7.362186e-003
1.677142659376962e-010	6.453809e-003
1.696673909376962e-010	5.614826e-003
1.716205159376962e-010	4.846240e-003
1.735713801137924e-010	4.150992e-003
1.753213581562253e-010	3.590797e-003
1.771852071113110e-010	3.060980e-003
1.789767512229281e-010	2.615519e-003
1.809298762229281e-010	2.197040e-003
1.828830012229281e-010	1.841873e-003
1.848361262229281e-010	1.541003e-003
1.867892512229281e-010	1.283976e-003
1.906783895010076e-010	8.576452e-004
2.034229017443328e-010	-4.188910e-004
2.053760267443328e-010	-5.897541e-004
2.073291517443328e-010	-7.349153e-004
2.092822767443328e-010	-8.493997e-004
2.110840566799129e-010	-9.256925e-004
2.130070112556122e-010	-9.760024e-004
2.166389289416247e-010	-9.908841e-004
2.205451789416247e-010	-9.184782e-004
2.264045539416247e-010	-7.556225e-004
2.302802174980101e-010	-6.968221e-004
2.341864674980100e-010	-7.126089e-004
2.419989674980100e-010	-8.459010e-004
2.459052174980100e-010	-8.481539e-004
2.498114674980100e-010	-7.665614e-004
2.556708424980099e-010	-5.322957e-004
2.615302174980099e-010	-2.901724e-004
2.654364674980099e-010	-1.939551e-004
2.693427174980099e-010	-1.742236e-004
2.791083424980098e-010	-2.651282e-004
2.830145924980098e-010	-2.298812e-004
2.869208424980098e-010	-1.308186e-004
2.947333424980098e-010	1.208215e-004
2.986395924980098e-010	1.998281e-004
3.025458424980097e-010	2.191878e-004
3.064520924980097e-010	1.803034e-004
3.142645924980097e-010	5.443503e-005
3.181708424980097e-010	5.305138e-005
3.220770924980097e-010	1.114101e-004
3.298895924980096e-010	2.711854e-004
3.337958424980096e-010	3.010746e-004
3.377020924980096e-010	2.820159e-004
3.455145924980096e-010	1.446124e-004
3.513739674980095e-010	5.855674e-005
3.552802174980095e-010	6.238755e-005
3.650458424980095e-010	1.990562e-004
3.689520924980095e-010	2.097925e-004
3.748114674980094e-010	1.457257e-004
3.845770924980094e-010	-5.846183e-006
3.884833424980094e-010	-2.426953e-005
3.943427174980094e-010	2.491834e-005
4.021552174980093e-010	1.240765e-004
4.060614674980093e-010	1.202325e-004
4.177802174980093e-010	-1.607192e-005
4.236395924980092e-010	-2.392557e-005
4.294989674980092e-010	2.986156e-005
4.373114674980092e-010	1.258999e-004
4.431708424980091e-010	1.215134e-004
4.529364674980091e-010	1.906984e-005
4.587958424980091e-010	2.173962e-005
4.724677174980092e-010	1.345665e-004
4.783270924980094e-010	1.253833e-004
4.880927174980096e-010	2.050215e-005
4.939520924980097e-010	1.305288e-005
5.056708424980100e-010	8.987290e-005
5.134833424980101e-010	7.613401e-005
5.252020924980104e-010	-2.078584e-005
5.310614674980105e-010	-1.002974e-005
5.408270924980107e-010	5.797087e-005
5.486395924980109e-010	4.329173e-005
5.603583424980112e-010	-2.279079e-005
5.681708424980114e-010	1.575526e-006
5.779364674980116e-010	5.935313e-005
5.955145924980120e-010	-8.971967e-006
6.052802174980122e-010	2.543903e-005
6.130927174980123e-010	6.138957e-005
6.228583424980126e-010	2.524971e-005
6.326239674980128e-010	1.753979e-006
6.482489674980131e-010	5.715480e-005
6.658270924980135e-010	-1.006484e-006
6.834052174980139e-010	4.248279e-005
7.029364674980143e-010	-9.964977e-006
7.185614674980147e-010	2.844186e-005
7.380927174980151e-010	-9.475756e-006
7.556708424980155e-010	2.786947e-005
7.732489674980159e-010	-1.571946e-007
7.908270924980163e-010	2.908466e-005
8.084052174980167e-010	1.374015e-006
8.259833424980171e-010	2.343304e-005
8.435614674980175e-010	2.488158e-007
8.611395924980179e-010	2.025153e-005
8.806708424980183e-010	4.002465e-006
8.982489674980187e-010	1.541535e-005
9.158270924980191e-010	4.270557e-006
9.353583424980193e-010	1.126987e-005
9.529364674980188e-010	8.851805e-006
9.744208424980181e-010	7.401300e-006
1.009577092498017e-009	6.553753e-006
1.861139592497991e-009	5.660587e-006
1.999811467498001e-009	4.508217e-006
2.000000000000000e-009	4.512264e-006
Step Information: C_d=900f  (Run: 9/10)
0.000000000000000e+000	0.000000e+000
2.651408389963200e-012	-7.497173e-006
5.179396022600837e-012	1.853505e-005
7.912579425069894e-012	-3.702100e-005
8.872516575736677e-012	-3.441613e-005
1.061472680757502e-011	4.781017e-005
1.189288784447850e-011	1.506260e-004
1.275736551201978e-011	1.884405e-004
1.353573961978540e-011	1.802236e-004
1.555563084767151e-011	5.840587e-005
1.645452489927331e-011	4.989128e-005
1.729160038818964e-011	1.399664e-004
1.810429248183982e-011	3.726567e-004
1.898417405781282e-011	8.534002e-004
1.978995741550987e-011	1.564590e-003
2.091583851527681e-011	3.118349e-003
2.212630416206891e-011	5.667310e-003
2.357541745423824e-011	1.009985e-002
2.492914994722929e-011	1.565417e-002
2.637889416110724e-011	2.298607e-002
2.797680559192691e-011	3.232572e-002
3.266581177593351e-011	6.201063e-002
3.448867932099513e-011	7.279930e-002
3.624526830454241e-011	8.250669e-002
3.960656232135486e-011	9.955660e-002
4.466642327452772e-011	1.227872e-001
5.017852443559000e-011	1.453821e-001
5.750706951344980e-011	1.719382e-001
6.783778242504441e-011	2.050837e-001
7.082074265565365e-011	2.110831e-001
7.271056860062181e-011	2.118663e-001
7.478437930449307e-011	2.092990e-001
7.714685423747818e-011	2.023406e-001
8.511525255425448e-011	1.692348e-001
9.054558293128302e-011	1.502129e-001
9.647613945154342e-011	1.316202e-001
1.031333442949608e-010	1.128219e-001
1.163922873675085e-010	7.857270e-002
1.200446431543848e-010	6.970342e-002
1.234209252722715e-010	6.227487e-002
1.267877795331718e-010	5.566136e-002
1.315046533859297e-010	4.738456e-002
1.352621614004512e-010	4.145398e-002
1.388607507829028e-010	3.634560e-002
1.421732216485662e-010	3.213412e-002
1.455310892297737e-010	2.830880e-002
1.487188746567788e-010	2.506091e-002
1.524479918763405e-010	2.168377e-002
1.560621609228893e-010	1.876481e-002
1.595963551506802e-010	1.618033e-002
1.633444495159012e-010	1.370297e-002
1.672506995159011e-010	1.140189e-002
1.711569495159011e-010	9.381339e-003
1.730560898842048e-010	8.501734e-003
1.750092148842048e-010	7.669748e-003
1.768707499995741e-010	6.946594e-003
1.786603139003510e-010	6.315445e-003
1.806134389003510e-010	5.695848e-003
1.825665639003510e-010	5.143859e-003
1.845196889003509e-010	4.652721e-003
1.864476650625113e-010	4.219434e-003
1.903466833334536e-010	3.460485e-003
1.994801999336221e-010	1.929555e-003
2.032446521175023e-010	1.341515e-003
2.051977771175023e-010	1.062474e-003
2.071509021175023e-010	8.098212e-004
2.091040271175023e-010	5.882554e-004
2.110571521175023e-010	4.003362e-004
2.128728596893196e-010	2.563297e-004
2.145783000091457e-010	1.472545e-004
2.164275980449920e-010	5.572795e-005
2.181144816997156e-010	-5.849074e-006
2.220171709936947e-010	-8.637980e-005
2.297733324501188e-010	-1.667062e-004
2.336406038103793e-010	-2.594059e-004
2.414531038103793e-010	-5.428983e-004
2.453593538103792e-010	-6.365568e-004
2.492656038103792e-010	-6.497850e-004
2.531718538103792e-010	-5.879934e-004
2.629374788103792e-010	-3.178965e-004
2.668437288103791e-010	-2.615647e-004
2.707499788103791e-010	-2.673984e-004
2.785624788103791e-010	-3.620817e-004
2.824687288103791e-010	-3.598522e-004
2.863749788103791e-010	-2.944892e-004
2.961406038103790e-010	-1.151726e-005
3.000468538103790e-010	6.554065e-005
3.039531038103790e-010	9.085302e-005
3.098124788103790e-010	4.073507e-005
3.156718538103789e-010	-1.991445e-005
3.195781038103789e-010	-5.018315e-006
3.254374788103789e-010	1.049438e-004
3.312968538103789e-010	2.250258e-004
3.352031038103789e-010	2.633865e-004
3.410624788103788e-010	2.406346e-004
3.508281038103788e-010	9.790398e-005
3.547343538103788e-010	8.260729e-005
3.605937288103787e-010	1.423429e-004
3.664531038103787e-010	2.189156e-004
3.723124788103787e-010	2.185496e-004
3.801249788103787e-010	1.121752e-004
3.859843538103786e-010	2.733172e-005
3.918437288103786e-010	6.852565e-006
4.035624788103786e-010	1.175416e-004
4.094218538103785e-010	9.223700e-005
4.191874788103785e-010	-2.382155e-005
4.250468538103785e-010	-4.388271e-005
4.309062288103784e-010	-3.018980e-006
4.387187288103784e-010	8.363211e-005
4.445781038103784e-010	8.127389e-005
4.543437288103783e-010	-6.165469e-006
4.602031038103783e-010	-6.700124e-006
4.758281038103786e-010	1.151185e-004
4.816874788103787e-010	9.602549e-005
4.914531038103789e-010	1.606059e-005
4.992656038103791e-010	4.199320e-005
5.090312288103793e-010	1.012534e-004
5.168437288103795e-010	8.363695e-005
5.266093538103797e-010	6.120831e-006
5.324687288103798e-010	1.087584e-005
5.441874788103801e-010	7.183023e-005
5.539531038103803e-010	3.712884e-005
5.637187288103805e-010	-1.628020e-005
5.715312288103807e-010	1.166628e-005
5.793437288103809e-010	4.860639e-005
5.910624788103811e-010	5.518382e-006
6.008281038103813e-010	-1.893751e-005
6.164531038103817e-010	4.417874e-005
6.340312288103821e-010	-6.409633e-006
6.516093538103825e-010	5.242365e-005
6.691874788103829e-010	5.507348e-006
6.867656038103832e-010	4.722283e-005
7.043437288103836e-010	-1.857915e-006
7.238749788103841e-010	2.776220e-005
7.394999788103844e-010	-9.506428e-006
7.590312288103848e-010	2.179512e-005
7.766093538103852e-010	-3.773707e-006
7.941874788103856e-010	2.293943e-005
8.117656038103860e-010	8.620557e-007
8.293437288103864e-010	2.282028e-005
8.488749788103868e-010	6.491013e-006
8.664531038103872e-010	1.904804e-005
8.840312288103876e-010	6.052229e-006
9.016093538103880e-010	1.464315e-005
9.211406038103884e-010	5.807444e-006
9.406718538103885e-010	6.613793e-006
9.777812288103873e-010	6.971228e-006
1.014890603810386e-009	6.028910e-006
1.860593728810360e-009	5.538271e-006
1.999265603810370e-009	4.447675e-006
2.000000000000000e-009	4.453366e-006
Step Information: C_d=1p  (Run: 10/10)
0.000000000000000e+000	0.000000e+000
3.518284995247130e-012	3.008621e-006
5.179396656579755e-012	1.671275e-005
7.912575912443999e-012	-3.332867e-005
8.872514786698377e-012	-3.106202e-005
1.061499875271803e-011	4.297310e-005
1.189340422662876e-011	1.358209e-004
1.275807291423573e-011	1.701727e-004
1.353636221472703e-011	1.630776e-004
1.555636258273625e-011	5.397548e-005
1.645452630048050e-011	4.644213e-005
1.729028250396394e-011	1.274728e-004
1.810127711665423e-011	3.365505e-004
1.898009311335596e-011	7.690439e-004
1.978426671993646e-011	1.408632e-003
2.090734995850851e-011	2.805868e-003
2.211009740838040e-011	5.088840e-003
2.371432383836084e-011	9.601639e-003
2.516883039118102e-011	1.519182e-002
2.660383918379169e-011	2.197008e-002
2.805771142759791e-011	2.980378e-002
3.260277845944039e-011	5.620675e-002
3.444705262591804e-011	6.631412e-002
3.621128843207583e-011	7.538739e-002
3.962087128819628e-011	9.158373e-002
4.480685270825340e-011	1.140697e-001
5.053056781944532e-011	1.364271e-001
5.749658334511486e-011	1.608764e-001
6.764906768845193e-011	1.931124e-001
7.065386870071983e-011	1.996705e-001
7.250689975169777e-011	2.011346e-001
7.467825105896937e-011	1.995640e-001
7.708959750693135e-011	1.938914e-001
8.509715003059689e-011	1.653671e-001
9.197571486135581e-011	1.446048e-001
9.959211197843980e-011	1.241468e-001
1.111413129311754e-010	9.618043e-002
1.200214232761594e-010	7.537208e-002
1.250276904938124e-010	6.509271e-002
1.301821181634424e-010	5.590662e-002
1.354858503736251e-010	4.749198e-002
1.407658930720689e-010	4.016138e-002
1.441369119642347e-010	3.601855e-002
1.491665838245528e-010	3.055258e-002
1.525482582317400e-010	2.731331e-002
1.562243045863166e-010	2.411487e-002
1.615303140275443e-010	1.997881e-002
1.651868959648840e-010	1.743343e-002
1.690931459648840e-010	1.498146e-002
1.729398911881214e-010	1.283414e-002
1.768121043550535e-010	1.095045e-002
1.805173358223156e-010	9.414086e-003
1.844235858223156e-010	8.057127e-003
1.881095221756595e-010	6.982521e-003
1.919832377811156e-010	6.003649e-003
1.992271385567536e-010	4.361179e-003
2.048462835659627e-010	3.201926e-003
2.087525335659627e-010	2.515746e-003
2.107056585659627e-010	2.221825e-003
2.143521607303952e-010	1.765450e-003
2.179751153215967e-010	1.424582e-003
2.217595256054782e-010	1.167640e-003
2.334664108709372e-010	5.895577e-004
2.429702401017916e-010	2.525770e-005
2.468764901017916e-010	-1.346580e-004
2.507827401017916e-010	-2.129762e-004
2.546889901017916e-010	-2.208148e-004
2.644546151017915e-010	-1.265291e-004
2.683608651017915e-010	-1.295334e-004
2.742202401017915e-010	-2.197081e-004
2.800796151017915e-010	-3.225950e-004
2.839858651017915e-010	-3.334758e-004
2.878921151017914e-010	-2.856144e-004
2.996108651017914e-010	-2.826204e-005
3.035171151017914e-010	9.237318e-006
3.093764901017914e-010	-1.667218e-005
3.152358651017913e-010	-7.577919e-005
3.191421151017913e-010	-7.550303e-005
3.230483651017913e-010	-2.597900e-005
3.328139901017913e-010	1.699089e-004
3.386733651017912e-010	2.152397e-004
3.445327401017912e-010	1.790738e-004
3.523452401017912e-010	9.144324e-005
3.562514901017911e-010	8.949928e-005
3.679702401017911e-010	2.269799e-004
3.738296151017911e-010	2.287971e-004
3.816421151017910e-010	1.375787e-004
3.894546151017910e-010	4.639425e-005
3.953139901017910e-010	5.508151e-005
4.031264901017909e-010	1.253231e-004
4.089858651017909e-010	1.185171e-004
4.226577401017909e-010	-2.688991e-005
4.285171151017908e-010	-3.553562e-005
4.402358651017908e-010	6.001515e-005
4.460952401017908e-010	5.064615e-005
4.558608651017907e-010	-3.000338e-005
4.636733651017907e-010	-2.622864e-005
4.773452401017909e-010	7.684516e-005
4.832046151017910e-010	6.223402e-005
4.929702401017912e-010	-3.165017e-007
5.007827401017914e-010	2.614870e-005
5.125014901017917e-010	9.453213e-005
5.203139901017918e-010	7.058028e-005
5.300796151017921e-010	1.736012e-005
5.476577401017925e-010	8.507063e-005
5.574233651017927e-010	4.597128e-005
5.652358651017928e-010	5.640520e-006
5.750014901017931e-010	3.589088e-005
5.847671151017933e-010	5.001153e-005
6.023452401017937e-010	-1.796282e-005
6.179702401017940e-010	3.100696e-005
6.375014901017944e-010	-1.577012e-005
6.550796151017948e-010	3.608669e-005
6.707046151017952e-010	5.970418e-007
6.902358651017956e-010	4.309771e-005
7.078139901017960e-010	6.616149e-006
7.253921151017964e-010	3.466431e-005
7.429702401017968e-010	4.176729e-007
7.625014901017972e-010	2.176551e-005
7.800796151017976e-010	-2.027507e-006
7.976577401017980e-010	1.584116e-005
8.152358651017984e-010	-2.022987e-006
8.347671151017988e-010	1.389081e-005
8.523452401017992e-010	6.551460e-006
8.718764901017996e-010	1.533360e-005
8.914077401018001e-010	1.475890e-005
9.285171151018009e-010	1.260498e-005
9.656264901017999e-010	1.210741e-005
1.862110865101772e-009	5.594716e-006
1.998829615101782e-009	4.497937e-006
2.000000000000000e-009	4.493597e-006
