time	V(d_3p)
0.000000000000000e+000	0.000000e+000
1.916852678571429e-012	3.472201e-006
3.833705357142858e-012	4.143488e-006
5.750558035714287e-012	2.013858e-006
7.667410714285717e-012	-2.916686e-006
9.584263392857147e-012	-1.064815e-005
1.150111607142858e-011	-2.118052e-005
1.341796875000000e-011	-3.451381e-005
1.537109375000000e-011	1.981112e-006
1.606863839285714e-011	3.058259e-005
1.676618303571429e-011	5.729803e-005
1.746372767857143e-011	8.212745e-005
1.816127232142857e-011	1.050708e-004
1.885881696428571e-011	1.261282e-004
1.955636160714286e-011	1.452995e-004
2.025390625000000e-011	1.625848e-004
2.202850710793198e-011	1.433284e-004
2.459902229751193e-011	7.712953e-006
2.554404793995782e-011	-4.485927e-005
2.651429932876879e-011	-7.730488e-005
2.749086182876879e-011	-7.261932e-005
2.833225030229496e-011	-2.986384e-005
2.910482262501054e-011	4.385550e-005
2.996374964998540e-011	1.616001e-004
3.283424065360448e-011	6.591599e-004
3.381080315360448e-011	7.703918e-004
3.478736565360448e-011	8.021335e-004
3.576392815360449e-011	7.389623e-004
3.674049065360449e-011	5.875076e-004
3.869361565360449e-011	2.005605e-004
3.967017815360450e-011	1.458599e-004
4.064674065360450e-011	3.650344e-004
4.158429419116131e-011	9.940625e-004
4.256085669116131e-011	2.276287e-003
4.353741919116131e-011	4.396477e-003
4.451398169116132e-011	7.549076e-003
4.549054419116132e-011	1.190497e-002
4.646710669116132e-011	1.759632e-002
4.744366919116132e-011	2.470375e-002
4.842023169116132e-011	3.324714e-002
4.939679419116133e-011	4.318110e-002
5.029296875000000e-011	5.344431e-002
5.068359375000000e-011	5.822352e-002
5.146484375000000e-011	6.826640e-002
5.244140625000000e-011	8.157776e-002
5.439453125000001e-011	1.097597e-001
5.732421875000002e-011	1.520005e-001
5.927734375000001e-011	1.776917e-001
6.056111998992220e-011	1.925862e-001
6.184489622984440e-011	2.064701e-001
6.312867246976659e-011	2.193433e-001
6.441244870968879e-011	2.312059e-001
6.569622494961098e-011	2.420579e-001
6.698000118953318e-011	2.518991e-001
6.826377742945537e-011	2.607298e-001
7.068133516212613e-011	2.774650e-001
7.309889289479689e-011	2.924742e-001
7.551645062746766e-011	3.057573e-001
7.793400836013842e-011	3.173144e-001
8.035156609280919e-011	3.271455e-001
8.276912382547995e-011	3.352505e-001
8.518668155815071e-011	3.416295e-001
8.628491343365601e-011	3.451604e-001
8.738314530916130e-011	3.482807e-001
8.848137718466660e-011	3.509903e-001
8.957960906017189e-011	3.532892e-001
9.067784093567719e-011	3.551775e-001
9.177607281118249e-011	3.566552e-001
9.287430468668777e-011	3.577222e-001
9.482742968668777e-011	3.552638e-001
9.678055468668776e-011	3.473873e-001
9.873367968668775e-011	3.334750e-001
1.006868046866877e-010	3.138940e-001
1.026399296866877e-010	2.899694e-001
1.036164921866877e-010	2.764333e-001
1.045930546866877e-010	2.631540e-001
1.055696171866877e-010	2.501315e-001
1.065461796866877e-010	2.373656e-001
1.075227421866877e-010	2.248566e-001
1.084993046866877e-010	2.126042e-001
1.094758671866877e-010	2.006087e-001
1.114289921866877e-010	1.797843e-001
1.133821171866877e-010	1.618570e-001
1.153352421866877e-010	1.462865e-001
1.182649296866877e-010	1.257887e-001
1.211946171866877e-010	1.072530e-001
1.231477421866876e-010	9.587660e-002
1.251008671866876e-010	8.565613e-002
1.260774296866876e-010	8.113035e-002
1.270539921866876e-010	7.707699e-002
1.280305546866876e-010	7.355135e-002
1.290071171866876e-010	7.059885e-002
1.299836796866876e-010	6.825229e-002
1.309602421866876e-010	6.653000e-002
1.319368046866876e-010	6.543478e-002
1.329133671866876e-010	6.495359e-002
1.338899296866876e-010	6.505779e-002
1.348664921866876e-010	6.570394e-002
1.358430546866876e-010	6.683505e-002
1.377961796866876e-010	7.026720e-002
1.436555546866876e-010	8.373867e-002
1.456086796866876e-010	8.711127e-002
1.475618046866875e-010	8.921585e-002
1.495149296866875e-010	8.998559e-002
1.514680546866875e-010	8.958187e-002
1.543977421866875e-010	8.745427e-002
1.569089029009732e-010	8.494100e-002
1.594200636152589e-010	8.204755e-002
1.619312243295446e-010	7.877393e-002
1.644423850438303e-010	7.512014e-002
1.669535457581160e-010	7.108617e-002
1.694647064724017e-010	6.667204e-002
1.719758671866874e-010	6.187773e-002
1.729524296866874e-010	6.019511e-002
1.739289921866874e-010	5.842162e-002
1.749055546866874e-010	5.655728e-002
1.758821171866874e-010	5.460208e-002
1.768586796866874e-010	5.255601e-002
1.778352421866874e-010	5.041909e-002
1.788118046866874e-010	4.819130e-002
1.797883671866874e-010	4.556280e-002
1.807649296866874e-010	4.260096e-002
1.817414921866874e-010	3.926188e-002
1.827180546866874e-010	3.551672e-002
1.836946171866874e-010	3.135536e-002
1.846711796866874e-010	2.678889e-002
1.856477421866874e-010	2.185058e-002
1.866243046866874e-010	1.659513e-002
1.876008671866874e-010	1.109636e-002
1.885774296866874e-010	5.443446e-003
1.895539921866874e-010	-2.640493e-004
1.905305546866874e-010	-5.921859e-003
1.915071171866874e-010	-1.142704e-002
1.924836796866874e-010	-1.668384e-002
1.934602421866873e-010	-2.160890e-002
1.944368046866873e-010	-2.613554e-002
1.954133671866873e-010	-3.021663e-002
1.963899296866873e-010	-3.382605e-002
1.973664921866873e-010	-3.695856e-002
1.983430546866873e-010	-3.962824e-002
1.993196171866873e-010	-4.186564e-002
2.002961796866873e-010	-4.371391e-002
2.012727421866873e-010	-4.522442e-002
2.032258671866873e-010	-4.745041e-002
2.061555546866873e-010	-4.951318e-002
2.090852421866873e-010	-5.066993e-002
2.110383671866873e-010	-5.091955e-002
2.129914921866873e-010	-5.055758e-002
2.149446171866873e-010	-4.938966e-002
2.168977421866872e-010	-4.728936e-002
2.188508671866872e-010	-4.425244e-002
2.208039921866872e-010	-4.041111e-002
2.237336796866872e-010	-3.369723e-002
2.266633671866872e-010	-2.678444e-002
2.286164921866872e-010	-2.255352e-002
2.295930546866872e-010	-2.063381e-002
2.305696171866872e-010	-1.886814e-002
2.315461796866872e-010	-1.726669e-002
2.325227421866872e-010	-1.583396e-002
2.334993046866872e-010	-1.456925e-002
2.344758671866872e-010	-1.346736e-002
2.354524296866872e-010	-1.251943e-002
2.364289921866872e-010	-1.171385e-002
2.374055546866873e-010	-1.103724e-002
2.383821171866873e-010	-1.047537e-002
2.393586796866873e-010	-1.001401e-002
2.403352421866873e-010	-9.639760e-003
2.422883671866874e-010	-9.106245e-003
2.442414921866874e-010	-8.801521e-003
2.461946171866875e-010	-8.683701e-003
2.481477421866875e-010	-8.734553e-003
2.501008671866875e-010	-8.944319e-003
2.530305546866876e-010	-9.515725e-003
2.544256439724019e-010	-9.869728e-003
2.558207332581163e-010	-1.023959e-002
2.572158225438306e-010	-1.062531e-002
2.586109118295449e-010	-1.102688e-002
2.600060011152592e-010	-1.144431e-002
2.614010904009735e-010	-1.187761e-002
2.627961796866878e-010	-1.232675e-002
2.647493046866879e-010	-1.314144e-002
2.667024296866879e-010	-1.424679e-002
2.676789921866879e-010	-1.494136e-002
2.686555546866880e-010	-1.574151e-002
2.706086796866880e-010	-1.765980e-002
2.725618046866880e-010	-1.993946e-002
2.733988582581167e-010	-2.104301e-002
2.742359118295452e-010	-2.211208e-002
2.750729654009738e-010	-2.314667e-002
2.759100189724024e-010	-2.414679e-002
2.767470725438310e-010	-2.511242e-002
2.775841261152596e-010	-2.604358e-002
2.784211796866882e-010	-2.694026e-002
2.793977421866882e-010	-2.778892e-002
2.803743046866882e-010	-2.847040e-002
2.813508671866882e-010	-2.896832e-002
2.823274296866883e-010	-2.927406e-002
2.833039921866883e-010	-2.938706e-002
2.842805546866883e-010	-2.931450e-002
2.862336796866883e-010	-2.867461e-002
2.881868046866884e-010	-2.752451e-002
2.898609118295456e-010	-2.624676e-002
2.915350189724027e-010	-2.493945e-002
2.932091261152599e-010	-2.360256e-002
2.948832332581171e-010	-2.223609e-002
2.965573404009743e-010	-2.084006e-002
2.982314475438315e-010	-1.941445e-002
2.999055546866887e-010	-1.795928e-002
3.018586796866887e-010	-1.601585e-002
3.038118046866887e-010	-1.381589e-002
3.057649296866888e-010	-1.137271e-002
3.106477421866889e-010	-4.805421e-003
3.116243046866889e-010	-3.544552e-003
3.126008671866889e-010	-2.339325e-003
3.135774296866890e-010	-1.202691e-003
3.145539921866890e-010	-1.449186e-004
3.155305546866890e-010	8.266242e-004
3.165071171866890e-010	1.707475e-003
3.174836796866890e-010	2.495904e-003
3.184602421866891e-010	3.192588e-003
3.194368046866891e-010	3.800180e-003
3.204133671866891e-010	4.322824e-003
3.213899296866891e-010	4.765647e-003
3.223664921866891e-010	5.134280e-003
3.233430546866892e-010	5.434444e-003
3.243196171866892e-010	5.671606e-003
3.252961796866892e-010	5.850749e-003
3.262727421866892e-010	5.976232e-003
3.282258671866893e-010	6.080437e-003
3.301789921866893e-010	6.007405e-003
3.321321171866894e-010	5.775598e-003
3.340852421866894e-010	5.404809e-003
3.370149296866895e-010	4.647454e-003
3.381310011152609e-010	4.300912e-003
3.392470725438324e-010	3.959783e-003
3.403631439724038e-010	3.624065e-003
3.414792154009753e-010	3.293759e-003
3.425952868295467e-010	2.968864e-003
3.437113582581182e-010	2.649382e-003
3.448274296866896e-010	2.335311e-003
3.477571171866897e-010	1.622746e-003
3.485941707581183e-010	1.441198e-003
3.494312243295469e-010	1.253325e-003
3.502682779009755e-010	1.059126e-003
3.511053314724041e-010	8.586025e-004
3.519423850438327e-010	6.517538e-004
3.527794386152612e-010	4.385800e-004
3.536164921866898e-010	2.190811e-004
3.545930546866899e-010	-6.533236e-005
3.565461796866899e-010	-7.002847e-004
3.594758671866900e-010	-1.778024e-003
3.614289921866900e-010	-2.503312e-003
3.633821171866901e-010	-3.143937e-003
3.643586796866901e-010	-3.406632e-003
3.653352421866901e-010	-3.618666e-003
3.663118046866901e-010	-3.772864e-003
3.672883671866901e-010	-3.864239e-003
3.682649296866902e-010	-3.890315e-003
3.692414921866902e-010	-3.851268e-003
3.702180546866902e-010	-3.749895e-003
3.711946171866902e-010	-3.591392e-003
3.721711796866903e-010	-3.382971e-003
3.741243046866903e-010	-2.852033e-003
3.751008671866903e-010	-2.535279e-003
3.760774296866903e-010	-2.221209e-003
3.770539921866904e-010	-1.909822e-003
3.780305546866904e-010	-1.601120e-003
3.790071171866904e-010	-1.295101e-003
3.799836796866904e-010	-9.917668e-004
3.809602421866904e-010	-6.911161e-004
3.817972957581191e-010	-4.559183e-004
3.826343493295476e-010	-2.168657e-004
3.834714029009762e-010	2.604182e-005
3.843084564724048e-010	2.728041e-004
3.851455100438334e-010	5.234213e-004
3.859825636152620e-010	7.778933e-004
3.868196171866906e-010	1.036220e-003
3.887727421866906e-010	1.718384e-003
3.907258671866907e-010	2.494323e-003
3.936555546866907e-010	3.798471e-003
3.965852421866908e-010	5.131550e-003
3.985383671866908e-010	5.935656e-003
4.004914921866909e-010	6.608247e-003
4.024446171866909e-010	7.113322e-003
4.043977421866910e-010	7.435481e-003
4.063508671866910e-010	7.577320e-003
4.083039921866911e-010	7.553086e-003
4.102571171866911e-010	7.381484e-003
4.122102421866911e-010	7.080243e-003
4.151399296866912e-010	6.416693e-003
4.180696171866913e-010	5.538899e-003
4.191856886152627e-010	5.144311e-003
4.203017600438342e-010	4.747031e-003
4.214178314724056e-010	4.347058e-003
4.225339029009771e-010	3.944393e-003
4.236499743295485e-010	3.539035e-003
4.247660457581200e-010	3.130984e-003
4.258821171866914e-010	2.720241e-003
4.278352421866915e-010	2.081035e-003
4.297883671866915e-010	1.527553e-003
4.317414921866916e-010	1.072298e-003
4.336946171866916e-010	7.130121e-004
4.356477421866917e-010	4.339681e-004
4.385774296866917e-010	1.104777e-004
4.399725189724060e-010	-2.765900e-005
4.413676082581204e-010	-1.678399e-004
4.427626975438347e-010	-3.100650e-004
4.441577868295490e-010	-4.543343e-004
4.455528761152633e-010	-6.006477e-004
4.469479654009776e-010	-7.490054e-004
4.483430546866919e-010	-8.994073e-004
4.502961796866920e-010	-1.066298e-003
4.522493046866920e-010	-1.174660e-003
4.542024296866921e-010	-1.207612e-003
4.561555546866921e-010	-1.159441e-003
4.581086796866922e-010	-1.036947e-003
4.610383671866922e-010	-7.528065e-004
4.625729654009779e-010	-5.776089e-004
4.641075636152636e-010	-4.005698e-004
4.656421618295493e-010	-2.216893e-004
4.671767600438350e-010	-4.096730e-005
4.687113582581207e-010	1.415961e-004
4.702459564724064e-010	3.260010e-004
4.717805546866921e-010	5.122473e-004
4.747102421866920e-010	9.373779e-004
4.776399296866919e-010	1.447247e-003
4.786164921866919e-010	1.640711e-003
4.795930546866919e-010	1.828303e-003
4.805696171866918e-010	2.010024e-003
4.815461796866918e-010	2.185873e-003
4.825227421866918e-010	2.355850e-003
4.834993046866917e-010	2.519955e-003
4.844758671866917e-010	2.678189e-003
4.864289921866917e-010	2.917008e-003
4.883821171866916e-010	3.061101e-003
4.903352421866915e-010	3.099526e-003
4.922883671866915e-010	3.030900e-003
4.942414921866914e-010	2.861341e-003
4.961946171866914e-010	2.601597e-003
4.981477421866913e-010	2.264532e-003
5.010774296866912e-010	1.644077e-003
5.020539921866912e-010	1.407390e-003
5.030305546866911e-010	1.168914e-003
5.040071171866911e-010	9.286505e-004
5.049836796866911e-010	6.865981e-004
5.059602421866911e-010	4.427573e-004
5.069368046866910e-010	1.971281e-004
5.079133671866910e-010	-5.028939e-005
5.098664921866909e-010	-5.020869e-004
5.118196171866909e-010	-8.951137e-004
5.137727421866908e-010	-1.208888e-003
5.157258671866908e-010	-1.430331e-003
5.176789921866907e-010	-1.556222e-003
5.196321171866906e-010	-1.593889e-003
5.215852421866906e-010	-1.559832e-003
5.228408225438334e-010	-1.497938e-003
5.240964029009763e-010	-1.435564e-003
5.253519832581190e-010	-1.372712e-003
5.266075636152618e-010	-1.309380e-003
5.278631439724046e-010	-1.245570e-003
5.291187243295475e-010	-1.181280e-003
5.303743046866903e-010	-1.116511e-003
5.317693939724045e-010	-1.075006e-003
5.331644832581188e-010	-1.035071e-003
5.345595725438330e-010	-9.967064e-004
5.359546618295473e-010	-9.599131e-004
5.373497511152615e-010	-9.246907e-004
5.387448404009758e-010	-8.910392e-004
5.401399296866900e-010	-8.589585e-004
5.419535457581185e-010	-7.824770e-004
5.437671618295471e-010	-6.937567e-004
5.455807779009756e-010	-5.927974e-004
5.473943939724040e-010	-4.795993e-004
5.492080100438325e-010	-3.541622e-004
5.510216261152611e-010	-2.164863e-004
5.528352421866896e-010	-6.657156e-005
5.547883671866895e-010	9.273664e-005
5.567414921866895e-010	2.542390e-004
5.586946171866894e-010	4.179354e-004
5.606477421866894e-010	5.838260e-004
5.626008671866893e-010	7.519107e-004
5.645539921866892e-010	9.221895e-004
5.665071171866892e-010	1.094662e-003
5.694368046866891e-010	1.286809e-003
5.713899296866890e-010	1.361702e-003
5.733430546866890e-010	1.380978e-003
5.752961796866889e-010	1.338031e-003
5.772493046866889e-010	1.231403e-003
5.792024296866888e-010	1.064725e-003
5.821321171866887e-010	7.202424e-004
5.833876975438315e-010	5.364406e-004
5.846432779009744e-010	3.512244e-004
5.858988582581172e-010	1.645937e-004
5.871544386152600e-010	-2.345149e-005
5.884100189724028e-010	-2.129111e-004
5.896655993295456e-010	-4.037853e-004
5.909211796866884e-010	-5.960739e-004
5.938508671866883e-010	-9.667202e-004
5.958039921866883e-010	-1.152472e-003
5.977571171866882e-010	-1.275489e-003
5.997102421866882e-010	-1.328533e-003
6.016633671866881e-010	-1.310019e-003
6.036164921866880e-010	-1.224874e-003
6.065461796866880e-010	-9.983788e-004
6.078017600438307e-010	-8.664801e-004
6.090573404009736e-010	-7.388995e-004
6.103129207581164e-010	-6.156371e-004
6.115685011152592e-010	-4.966930e-004
6.128240814724020e-010	-3.820671e-004
6.140796618295449e-010	-2.717594e-004
6.153352421866877e-010	-1.657699e-004
6.182649296866876e-010	6.140401e-006
6.211946171866875e-010	1.090148e-004
6.228687243295446e-010	1.366785e-004
6.245428314724016e-010	1.653371e-004
6.262169386152588e-010	1.949907e-004
6.278910457581159e-010	2.256392e-004
6.295651529009730e-010	2.572827e-004
6.312392600438300e-010	2.899212e-004
6.329133671866871e-010	3.235546e-004
6.352850189724013e-010	3.983163e-004
6.376566707581156e-010	4.690295e-004
6.400283225438298e-010	5.356942e-004
6.423999743295440e-010	5.983104e-004
6.447716261152582e-010	6.568781e-004
6.471432779009725e-010	7.113973e-004
6.495149296866866e-010	7.618679e-004
6.520260904009723e-010	7.882241e-004
6.545372511152579e-010	7.729446e-004
6.570484118295436e-010	7.160292e-004
6.595595725438292e-010	6.174780e-004
6.620707332581148e-010	4.772910e-004
6.645818939724004e-010	2.954682e-004
6.670930546866861e-010	7.200964e-005
6.684881439724003e-010	-6.396340e-005
6.698832332581146e-010	-1.915669e-004
6.712783225438288e-010	-3.108008e-004
6.726734118295431e-010	-4.216651e-004
6.740685011152573e-010	-5.241599e-004
6.754635904009716e-010	-6.182851e-004
6.768586796866858e-010	-7.040407e-004
6.797883671866857e-010	-8.015073e-004
6.827180546866856e-010	-7.986723e-004
6.856477421866855e-010	-6.928541e-004
6.885774296866854e-010	-4.980172e-004
6.898330100438282e-010	-3.856701e-004
6.910885904009711e-010	-2.743426e-004
6.923441707581139e-010	-1.640348e-004
6.935997511152567e-010	-5.474676e-005
6.948553314723995e-010	5.352164e-005
6.961109118295424e-010	1.607704e-004
6.973664921866852e-010	2.669994e-004
7.002961796866851e-010	4.478257e-004
7.032258671866850e-010	5.521662e-004
7.061555546866849e-010	5.854651e-004
7.079691707581134e-010	5.683828e-004
7.097827868295420e-010	5.502928e-004
7.115964029009705e-010	5.311953e-004
7.134100189723989e-010	5.110901e-004
7.152236350438274e-010	4.899773e-004
7.170372511152560e-010	4.678568e-004
7.188508671866845e-010	4.447288e-004
7.213620279009702e-010	4.403322e-004
7.238731886152558e-010	4.303047e-004
7.263843493295414e-010	4.146461e-004
7.288955100438270e-010	3.933566e-004
7.314066707581127e-010	3.664360e-004
7.339178314723983e-010	3.338845e-004
7.364289921866840e-010	2.957020e-004
7.386611350438267e-010	2.386425e-004
7.408932779009696e-010	1.739094e-004
7.431254207581123e-010	1.015024e-004
7.453575636152551e-010	2.142166e-005
7.475897064723979e-010	-6.633285e-005
7.498218493295407e-010	-1.617611e-004
7.520539921866835e-010	-2.648632e-004
7.540071171866834e-010	-3.520849e-004
7.559602421866834e-010	-4.183359e-004
7.579133671866833e-010	-4.636161e-004
7.598664921866832e-010	-4.879254e-004
7.618196171866832e-010	-4.912640e-004
7.637727421866831e-010	-4.736318e-004
7.657258671866831e-010	-4.350288e-004
7.686555546866830e-010	-3.178277e-004
7.701901529009687e-010	-2.273081e-004
7.717247511152543e-010	-1.351603e-004
7.732593493295400e-010	-4.138433e-005
7.747939475438256e-010	5.401979e-005
7.763285457581113e-010	1.510521e-004
7.778631439723969e-010	2.497125e-004
7.793977421866826e-010	3.500011e-004
7.823274296866826e-010	4.895956e-004
7.852571171866825e-010	5.720982e-004
7.881868046866824e-010	5.931291e-004
7.898609118295395e-010	5.710743e-004
7.915350189723965e-010	5.438356e-004
7.932091261152536e-010	5.114130e-004
7.948832332581108e-010	4.738067e-004
7.965573404009679e-010	4.310164e-004
7.982314475438249e-010	3.830424e-004
7.999055546866820e-010	3.298845e-004
8.024167154009677e-010	2.795116e-004
8.049278761152533e-010	2.322421e-004
8.074390368295390e-010	1.880759e-004
8.099501975438245e-010	1.470132e-004
8.124613582581102e-010	1.090538e-004
8.149725189723958e-010	7.419775e-005
8.174836796866815e-010	4.244512e-005
8.204133671866814e-010	-1.704614e-005
8.233430546866813e-010	-7.227005e-005
8.262727421866812e-010	-1.232266e-004
8.292024296866811e-010	-1.699158e-004
8.321321171866810e-010	-2.123376e-004
8.350618046866809e-010	-2.504920e-004
8.379914921866808e-010	-2.843791e-004
8.406421618295379e-010	-2.875570e-004
8.432928314723949e-010	-2.698453e-004
8.459435011152520e-010	-2.312440e-004
8.485941707581091e-010	-1.717530e-004
8.512448404009662e-010	-9.137250e-005
8.538955100438232e-010	9.897632e-006
8.565461796866803e-010	1.320574e-004
8.586388136152516e-010	2.314071e-004
8.607314475438230e-010	3.139665e-004
8.628240814723943e-010	3.797357e-004
8.649167154009658e-010	4.287146e-004
8.670093493295371e-010	4.609032e-004
8.691019832581085e-010	4.763016e-004
8.711946171866798e-010	4.749097e-004
8.731477421866798e-010	4.407847e-004
8.751008671866797e-010	4.028002e-004
8.770539921866796e-010	3.609561e-004
8.790071171866796e-010	3.152524e-004
8.809602421866795e-010	2.656892e-004
8.829133671866795e-010	2.122665e-004
8.848664921866794e-010	1.549842e-004
8.877961796866793e-010	1.037752e-004
8.907258671866792e-010	5.689595e-005
8.936555546866791e-010	1.434640e-005
8.965852421866790e-010	-2.387343e-005
8.995149296866789e-010	-5.776355e-005
9.024446171866789e-010	-8.732395e-005
9.053743046866788e-010	-1.125546e-004
9.102571171866787e-010	-1.621264e-004
9.151399296866787e-010	-1.812533e-004
9.200227421866786e-010	-1.699353e-004
9.249055546866787e-010	-1.281726e-004
9.297883671866786e-010	-5.596498e-005
9.346711796866786e-010	4.668745e-005
9.395539921866785e-010	1.797847e-004
9.429022064723930e-010	2.633027e-004
9.462504207581076e-010	3.194047e-004
9.495986350438221e-010	3.480909e-004
9.529468493295368e-010	3.493611e-004
9.562950636152512e-010	3.232154e-004
9.596432779009659e-010	2.696538e-004
9.629914921866803e-010	1.886762e-004
9.708039921866809e-010	4.068412e-005
9.747102421866812e-010	-2.680680e-006
9.786164921866815e-010	-3.960813e-005
9.825227421866818e-010	-7.009824e-005
9.864289921866821e-010	-9.415100e-005
9.903352421866824e-010	-1.117664e-004
9.942414921866827e-010	-1.229445e-004
9.981477421866829e-010	-1.276852e-004
9.991243046866830e-010	-1.249907e-004
1.000000000000000e-009	-1.216425e-004
