time	V(d_3p)
0.000000000000000e+000	0.000000e+000
2.315992554880231e-013	6.319895e-006
4.631985109760463e-013	9.673700e-006
6.947977664640694e-013	1.006142e-005
9.263970219520926e-013	7.483045e-006
1.157996277440116e-012	1.938584e-006
1.389595532928139e-012	-6.571967e-006
1.621194788416161e-012	-1.804861e-005
2.317298215496615e-012	-2.750763e-005
4.615990258701481e-012	5.824408e-005
5.434763800146569e-012	4.721124e-005
7.867545403640688e-012	-1.196817e-004
8.844107903640688e-012	-1.019129e-004
9.999999999999999e-012	5.372482e-005
1.064779262128276e-011	1.811549e-004
1.175613194912746e-011	4.537478e-004
1.249871982145207e-011	5.577528e-004
1.324240358579515e-011	5.446045e-004
1.420479554010322e-011	3.799007e-004
1.516360494025727e-011	1.548955e-004
1.605272235891398e-011	3.972564e-005
1.684791019805020e-011	1.527702e-004
1.760844960053471e-011	5.820555e-004
1.842101622927326e-011	1.537050e-003
1.917115305297193e-011	3.011298e-003
2.014564612986203e-011	6.019373e-003
2.112220862986203e-011	1.053371e-002
2.209877112986203e-011	1.680864e-002
2.307533362986203e-011	2.502407e-002
2.405189612986203e-011	3.523941e-002
2.502845862986203e-011	4.736707e-002
2.600502112986203e-011	6.116944e-002
2.698158362986203e-011	7.628161e-002
3.088783362986203e-011	1.407525e-001
3.186439612986203e-011	1.558703e-001
3.284095862986203e-011	1.700829e-001
3.381752112986203e-011	1.833131e-001
3.577064612986204e-011	2.068981e-001
3.772377112986204e-011	2.272067e-001
4.065345862986205e-011	2.533088e-001
4.275597793273890e-011	2.692541e-001
4.485849723561575e-011	2.841665e-001
4.696101653849261e-011	2.980461e-001
4.906353584136946e-011	3.108927e-001
5.116605514424631e-011	3.227065e-001
5.326857444712317e-011	3.334874e-001
5.537109375000001e-011	3.432354e-001
5.686938009814227e-011	3.513584e-001
5.836766644628453e-011	3.602872e-001
5.986595279442679e-011	3.700219e-001
6.136423914256904e-011	3.805624e-001
6.286252549071131e-011	3.919088e-001
6.436081183885357e-011	4.040610e-001
6.585909818699583e-011	4.170190e-001
6.779944176473306e-011	4.305630e-001
6.970696942754244e-011	4.383318e-001
7.065114297726995e-011	4.392867e-001
7.161485890045748e-011	4.379163e-001
7.259120249113053e-011	4.339370e-001
7.356776499113052e-011	4.273012e-001
7.527543461028305e-011	4.097156e-001
7.751348366551079e-011	3.779129e-001
7.859916792067444e-011	3.597210e-001
7.968485217583811e-011	3.422246e-001
8.077053643100177e-011	3.254237e-001
8.185622068616544e-011	3.093183e-001
8.294190494132910e-011	2.939084e-001
8.402758919649276e-011	2.791939e-001
8.511327345165642e-011	2.651750e-001
8.706639845165641e-011	2.432060e-001
8.999608595165640e-011	2.145738e-001
9.292577345165639e-011	1.898388e-001
9.585546095165638e-011	1.688786e-001
9.780858595165637e-011	1.571030e-001
1.007382734516564e-010	1.421792e-001
1.015753270230849e-010	1.385026e-001
1.024123805945135e-010	1.346442e-001
1.032494341659421e-010	1.306041e-001
1.040864877373706e-010	1.263822e-001
1.049235413087992e-010	1.219785e-001
1.057605948802278e-010	1.173930e-001
1.065976484516563e-010	1.126258e-001
1.075742109516563e-010	1.062060e-001
1.085507734516563e-010	9.906609e-002
1.095273359516563e-010	9.117221e-002
1.105038984516563e-010	8.254467e-002
1.114804609516563e-010	7.326121e-002
1.124570234516563e-010	6.345476e-002
1.153867109516563e-010	3.283978e-002
1.163632734516563e-010	2.297433e-002
1.173398359516563e-010	1.362731e-002
1.183163984516563e-010	4.959490e-003
1.192929609516563e-010	-2.917471e-003
1.202695234516563e-010	-9.945428e-003
1.212460859516563e-010	-1.611806e-002
1.222226484516563e-010	-2.147378e-002
1.231992109516563e-010	-2.608480e-002
1.241757734516563e-010	-3.004406e-002
1.251523359516563e-010	-3.345197e-002
1.261288984516563e-010	-3.640474e-002
1.271054609516563e-010	-3.898556e-002
1.280820234516563e-010	-4.125920e-002
1.300351484516562e-010	-4.504529e-002
1.319882734516562e-010	-4.792344e-002
1.339413984516562e-010	-4.991058e-002
1.358945234516562e-010	-5.104713e-002
1.388242109516562e-010	-5.158305e-002
1.417538984516562e-010	-5.182981e-002
1.437070234516562e-010	-5.256202e-002
1.456601484516562e-010	-5.413263e-002
1.476132734516562e-010	-5.661250e-002
1.484503270230847e-010	-5.803378e-002
1.492873805945133e-010	-5.942080e-002
1.501244341659419e-010	-6.077355e-002
1.509614877373704e-010	-6.209204e-002
1.517985413087990e-010	-6.337625e-002
1.526355948802276e-010	-6.462620e-002
1.534726484516561e-010	-6.584188e-002
1.554257734516561e-010	-6.748179e-002
1.564023359516561e-010	-6.774659e-002
1.573788984516561e-010	-6.761557e-002
1.583554609516561e-010	-6.709778e-002
1.603085859516561e-010	-6.503494e-002
1.622617109516561e-010	-6.194874e-002
1.643543448802275e-010	-5.789872e-002
1.664469788087989e-010	-5.383861e-002
1.685396127373704e-010	-4.976841e-002
1.706322466659418e-010	-4.568814e-002
1.727248805945132e-010	-4.159778e-002
1.748175145230846e-010	-3.749734e-002
1.769101484516560e-010	-3.338682e-002
1.788632734516560e-010	-2.992370e-002
1.808163984516560e-010	-2.692332e-002
1.817929609516560e-010	-2.563805e-002
1.827695234516560e-010	-2.450574e-002
1.837460859516560e-010	-2.352390e-002
1.856992109516560e-010	-2.196028e-002
1.865362645230846e-010	-2.147246e-002
1.873733180945132e-010	-2.098087e-002
1.882103716659417e-010	-2.048552e-002
1.890474252373703e-010	-1.998641e-002
1.898844788087988e-010	-1.948353e-002
1.907215323802274e-010	-1.897688e-002
1.915585859516560e-010	-1.846647e-002
1.935117109516560e-010	-1.687374e-002
1.944882734516560e-010	-1.591053e-002
1.954648359516560e-010	-1.483740e-002
1.974179609516560e-010	-1.241386e-002
2.023007734516559e-010	-5.762380e-003
2.032773359516559e-010	-4.496932e-003
2.042538984516559e-010	-3.281395e-003
2.052304609516559e-010	-2.117850e-003
2.062070234516559e-010	-1.004475e-003
2.071835859516559e-010	6.303056e-005
2.081601484516559e-010	1.089853e-003
2.091367109516559e-010	2.080530e-003
2.110898359516559e-010	3.961086e-003
2.130429609516559e-010	5.689957e-003
2.140195234516559e-010	6.479784e-003
2.149960859516559e-010	7.206047e-003
2.159726484516559e-010	7.857395e-003
2.169492109516559e-010	8.423133e-003
2.179257734516559e-010	8.894394e-003
2.189023359516559e-010	9.265177e-003
2.198788984516559e-010	9.533116e-003
2.208554609516559e-010	9.699970e-003
2.218320234516559e-010	9.771762e-003
2.228085859516558e-010	9.758590e-003
2.247617109516558e-010	9.534745e-003
2.255987645230844e-010	9.360280e-003
2.264358180945130e-010	9.196918e-003
2.272728716659415e-010	9.044658e-003
2.281099252373701e-010	8.903500e-003
2.289469788087987e-010	8.773446e-003
2.297840323802273e-010	8.654493e-003
2.306210859516558e-010	8.546643e-003
2.325742109516558e-010	8.487479e-003
2.345273359516558e-010	8.623855e-003
2.374570234516559e-010	9.086400e-003
2.392706395230845e-010	9.465812e-003
2.410842555945131e-010	9.786604e-003
2.428978716659417e-010	1.004878e-002
2.447114877373703e-010	1.025233e-002
2.465251038087990e-010	1.039726e-002
2.483387198802275e-010	1.048357e-002
2.501523359516562e-010	1.051126e-002
2.521054609516562e-010	1.038603e-002
2.540585859516563e-010	1.008600e-002
2.560117109516563e-010	9.577959e-003
2.579648359516563e-010	8.855296e-003
2.599179609516564e-010	7.948257e-003
2.607550145230850e-010	7.499264e-003
2.615920680945136e-010	7.054465e-003
2.624291216659422e-010	6.613859e-003
2.632661752373707e-010	6.177447e-003
2.641032288087993e-010	5.745228e-003
2.649402823802279e-010	5.317202e-003
2.657773359516565e-010	4.893370e-003
2.667538984516565e-010	4.457986e-003
2.677304609516566e-010	4.069827e-003
2.687070234516566e-010	3.734363e-003
2.696835859516566e-010	3.454503e-003
2.706601484516566e-010	3.230578e-003
2.716367109516566e-010	3.060487e-003
2.726132734516567e-010	2.939982e-003
2.735898359516567e-010	2.863085e-003
2.755429609516567e-010	2.810506e-003
2.765195234516568e-010	2.833431e-003
2.774960859516568e-010	2.853188e-003
2.784726484516568e-010	2.869776e-003
2.794492109516568e-010	2.883196e-003
2.804257734516568e-010	2.893448e-003
2.814023359516569e-010	2.900531e-003
2.823788984516569e-010	2.904446e-003
2.843320234516569e-010	2.832101e-003
2.862851484516570e-010	2.673520e-003
2.882382734516570e-010	2.417037e-003
2.901913984516571e-010	2.054223e-003
2.921445234516571e-010	1.582757e-003
2.940976484516571e-010	1.011955e-003
2.970273359516572e-010	3.144564e-005
2.989804609516573e-010	-6.351114e-004
3.009335859516573e-010	-1.240712e-003
3.019101484516573e-010	-1.501093e-003
3.028867109516573e-010	-1.723987e-003
3.038632734516574e-010	-1.903936e-003
3.048398359516574e-010	-2.037029e-003
3.058163984516574e-010	-2.121143e-003
3.067929609516574e-010	-2.156078e-003
3.077695234516575e-010	-2.143583e-003
3.087460859516575e-010	-2.087266e-003
3.097226484516575e-010	-1.992398e-003
3.116757734516575e-010	-1.714591e-003
3.125128270230861e-010	-1.560637e-003
3.133498805945147e-010	-1.412017e-003
3.141869341659433e-010	-1.268733e-003
3.150239877373719e-010	-1.130783e-003
3.158610413088005e-010	-9.981677e-004
3.166980948802291e-010	-8.708873e-004
3.175351484516577e-010	-7.489417e-004
3.185117109516577e-010	-6.410793e-004
3.194882734516577e-010	-5.598773e-004
3.204648359516577e-010	-5.067612e-004
3.214413984516578e-010	-4.819845e-004
3.224179609516578e-010	-4.847981e-004
3.233945234516578e-010	-5.136444e-004
3.253476484516578e-010	-6.403364e-004
3.273007734516579e-010	-8.404066e-004
3.282773359516579e-010	-9.692104e-004
3.292538984516579e-010	-1.098099e-003
3.302304609516579e-010	-1.227074e-003
3.312070234516580e-010	-1.356134e-003
3.321835859516580e-010	-1.485279e-003
3.331601484516580e-010	-1.614509e-003
3.341367109516580e-010	-1.743825e-003
3.360898359516581e-010	-1.939914e-003
3.380429609516581e-010	-2.051574e-003
3.399960859516582e-010	-2.053077e-003
3.409726484516582e-010	-2.007461e-003
3.419492109516582e-010	-1.930199e-003
3.439023359516583e-010	-1.685682e-003
3.458554609516583e-010	-1.341844e-003
3.466925145230869e-010	-1.163042e-003
3.475295680945155e-010	-9.876719e-004
3.483666216659441e-010	-8.157348e-004
3.492036752373726e-010	-6.472305e-004
3.500407288088013e-010	-4.821589e-004
3.508777823802298e-010	-3.205199e-004
3.517148359516584e-010	-1.623137e-004
3.526913984516584e-010	-1.077295e-005
3.536679609516585e-010	1.142384e-004
3.546445234516585e-010	2.100534e-004
3.556210859516585e-010	2.753979e-004
3.565976484516585e-010	3.103881e-004
3.575742109516586e-010	3.164415e-004
3.585507734516586e-010	2.961149e-004
3.605038984516586e-010	1.908882e-004
3.634335859516587e-010	-6.196366e-005
3.663632734516588e-010	-3.241505e-004
3.683163984516588e-010	-4.587414e-004
3.702695234516588e-010	-5.413598e-004
3.722226484516589e-010	-5.627596e-004
3.741757734516589e-010	-5.184623e-004
3.761288984516590e-010	-4.079217e-004
3.780820234516590e-010	-2.353355e-004
3.810117109516591e-010	1.138604e-004
3.819882734516591e-010	2.544101e-004
3.829648359516591e-010	3.859949e-004
3.839413984516591e-010	5.086148e-004
3.849179609516592e-010	6.222698e-004
3.858945234516592e-010	7.269599e-004
3.868710859516592e-010	8.226851e-004
3.878476484516592e-010	9.094454e-004
3.898007734516593e-010	9.968822e-004
3.917538984516593e-010	9.882200e-004
3.937070234516594e-010	8.891932e-004
3.966367109516594e-010	6.221368e-004
3.976132734516594e-010	5.098901e-004
3.985898359516595e-010	4.069655e-004
3.995663984516595e-010	3.133629e-004
4.005429609516595e-010	2.290824e-004
4.015195234516595e-010	1.541241e-004
4.024960859516596e-010	8.848778e-005
4.034726484516596e-010	3.217358e-005
4.054257734516596e-010	-1.797286e-005
4.073788984516597e-010	-6.370445e-006
4.093320234516597e-010	5.632627e-005
4.122617109516598e-010	2.143713e-004
4.135172913088027e-010	3.033535e-004
4.147728716659456e-010	3.867625e-004
4.160284520230884e-010	4.645983e-004
4.172840323802313e-010	5.368609e-004
4.185396127373742e-010	6.035503e-004
4.197951930945171e-010	6.646665e-004
4.210507734516600e-010	7.202096e-004
4.230038984516600e-010	7.575693e-004
4.249570234516601e-010	7.425229e-004
4.269101484516601e-010	6.709317e-004
4.298398359516602e-010	4.709281e-004
4.308163984516602e-010	3.794476e-004
4.317929609516602e-010	2.927251e-004
4.327695234516602e-010	2.107606e-004
4.337460859516602e-010	1.335541e-004
4.347226484516603e-010	6.110561e-005
4.356992109516603e-010	-6.584900e-006
4.366757734516603e-010	-6.951742e-005
4.386288984516604e-010	-1.373004e-004
4.405820234516604e-010	-1.444537e-004
4.425351484516604e-010	-9.707738e-005
4.436512198802319e-010	-4.247700e-005
4.447672913088034e-010	1.225391e-005
4.458833627373748e-010	6.711536e-005
4.469994341659463e-010	1.221073e-004
4.481155055945177e-010	1.772298e-004
4.492315770230892e-010	2.324828e-004
4.503476484516606e-010	2.878664e-004
4.532773359516607e-010	3.693714e-004
4.562070234516607e-010	3.821138e-004
4.591367109516608e-010	3.301102e-004
4.603922913088037e-010	2.845016e-004
4.616478716659465e-010	2.348556e-004
4.629034520230894e-010	1.811721e-004
4.641590323802323e-010	1.234511e-004
4.654146127373751e-010	6.169269e-005
4.666701930945180e-010	-4.103202e-006
4.679257734516608e-010	-7.393656e-005
4.708554609516608e-010	-1.862311e-004
4.737851484516607e-010	-2.183795e-004
4.767148359516606e-010	-1.568024e-004
4.778309073802320e-010	-1.047038e-004
4.789469788088033e-010	-5.345464e-005
4.800630502373747e-010	-3.055001e-006
4.811791216659462e-010	4.649515e-005
4.822951930945176e-010	9.519581e-005
4.834112645230890e-010	1.430470e-004
4.845273359516603e-010	1.900487e-004
4.874570234516602e-010	2.423689e-004
4.903867109516602e-010	2.191744e-004
4.919213091659459e-010	1.735183e-004
4.934559073802315e-010	1.275914e-004
4.949905055945172e-010	8.139393e-005
4.965251038088028e-010	3.492572e-005
4.980597020230885e-010	-1.181320e-005
4.995943002373741e-010	-5.882282e-005
5.011288984516598e-010	-1.061031e-004
5.030820234516598e-010	-1.402686e-004
5.050351484516597e-010	-1.552704e-004
5.069882734516596e-010	-1.511087e-004
5.089413984516596e-010	-1.277835e-004
5.108945234516595e-010	-8.529462e-005
5.128476484516595e-010	-2.364223e-005
5.148007734516594e-010	5.717373e-005
5.167538984516593e-010	1.284673e-004
5.187070234516593e-010	1.764141e-004
5.206601484516592e-010	2.010143e-004
5.226132734516592e-010	2.022677e-004
5.245663984516591e-010	1.801743e-004
5.265195234516590e-010	1.347343e-004
5.284726484516590e-010	6.594747e-005
5.308443002373732e-010	-9.049505e-006
5.332159520230874e-010	-6.046625e-005
5.355876038088016e-010	-8.830278e-005
5.379592555945159e-010	-9.255907e-005
5.403309073802300e-010	-7.323515e-005
5.427025591659443e-010	-3.033100e-005
5.450742109516585e-010	3.615338e-005
5.468878270230870e-010	9.252555e-005
5.487014430945155e-010	1.370476e-004
5.505150591659441e-010	1.697196e-004
5.523286752373725e-010	1.905414e-004
5.541422913088010e-010	1.995132e-004
5.559559073802296e-010	1.966348e-004
5.577695234516581e-010	1.819063e-004
5.591646127373723e-010	1.482867e-004
5.605597020230866e-010	1.155488e-004
5.619547913088008e-010	8.369256e-005
5.633498805945151e-010	5.271797e-005
5.647449698802293e-010	2.262506e-005
5.661400591659436e-010	-6.586184e-006
5.675351484516578e-010	-3.491575e-005
5.692092555945149e-010	-4.145659e-005
5.708833627373719e-010	-3.923518e-005
5.725574698802290e-010	-2.825153e-005
5.742315770230862e-010	-8.505648e-006
5.759056841659433e-010	2.000248e-005
5.775797913088003e-010	5.727285e-005
5.792538984516574e-010	1.033055e-004
5.816255502373716e-010	1.501936e-004
5.839972020230859e-010	1.791006e-004
5.863688538088000e-010	1.900265e-004
5.887405055945143e-010	1.829714e-004
5.911121573802285e-010	1.579351e-004
5.934838091659427e-010	1.149176e-004
5.958554609516569e-010	5.391912e-005
5.980876038087997e-010	5.915315e-006
6.003197466659425e-010	-2.570931e-005
6.025518895230853e-010	-4.095475e-005
6.047840323802281e-010	-3.982101e-005
6.070161752373708e-010	-2.230809e-005
6.092483180945137e-010	1.158402e-005
6.114804609516564e-010	6.185531e-005
6.139916216659421e-010	1.074607e-004
6.165027823802277e-010	1.358665e-004
6.190139430945134e-010	1.470728e-004
6.215251038087990e-010	1.410796e-004
6.240362645230846e-010	1.178867e-004
6.265474252373702e-010	7.749436e-005
6.290585859516559e-010	1.990243e-005
6.312907288087987e-010	-1.986994e-005
6.335228716659415e-010	-4.526505e-005
6.357550145230843e-010	-5.628290e-005
6.379871573802270e-010	-5.292350e-005
6.402193002373698e-010	-3.518685e-005
6.424514430945127e-010	-3.072939e-006
6.446835859516554e-010	4.341823e-005
6.471947466659411e-010	8.307822e-005
6.497059073802267e-010	1.082145e-004
6.522170680945124e-010	1.188271e-004
6.547282288087979e-010	1.149160e-004
6.572393895230836e-010	9.648119e-005
6.597505502373692e-010	6.352268e-005
6.622617109516549e-010	1.604046e-005
6.646333627373690e-010	-1.875416e-005
6.670050145230833e-010	-4.011422e-005
6.693766663087975e-010	-4.803974e-005
6.717483180945118e-010	-4.253070e-005
6.741199698802259e-010	-2.358712e-005
6.764916216659402e-010	8.791021e-006
6.788632734516544e-010	5.460371e-005
6.812349252373685e-010	8.391449e-005
6.836065770230828e-010	1.015373e-004
6.859782288087970e-010	1.074723e-004
6.883498805945112e-010	1.017193e-004
6.907215323802254e-010	8.427843e-005
6.930931841659397e-010	5.514962e-005
6.954648359516539e-010	1.433289e-005
6.981155055945109e-010	-1.510129e-005
7.007661752373679e-010	-3.246239e-005
7.034168448802250e-010	-3.775039e-005
7.060675145230821e-010	-3.096531e-005
7.087181841659392e-010	-1.210714e-005
7.113688538087962e-010	1.882412e-005
7.140195234516533e-010	6.182846e-005
7.162516663087960e-010	7.957825e-005
7.184838091659389e-010	8.842255e-005
7.207159520230817e-010	8.836134e-005
7.229480948802244e-010	7.939464e-005
7.251802377373672e-010	6.152244e-005
7.274123805945100e-010	3.474475e-005
7.296445234516528e-010	-9.384464e-007
7.322951930945099e-010	-1.852706e-005
7.349458627373669e-010	-2.740833e-005
7.375965323802240e-010	-2.758226e-005
7.402472020230811e-010	-1.904883e-005
7.428978716659382e-010	-1.808064e-006
7.455485413087951e-010	2.414005e-005
7.481992109516522e-010	5.879551e-005
7.505708627373664e-010	7.312702e-005
7.529425145230807e-010	7.971992e-005
7.553141663087948e-010	7.857421e-005
7.576858180945091e-010	6.968988e-005
7.600574698802233e-010	5.306694e-005
7.624291216659376e-010	2.870539e-005
7.648007734516517e-010	-3.394771e-006
7.673119341659374e-010	-1.018116e-005
7.698230948802230e-010	-1.156158e-005
7.723342555945087e-010	-7.536043e-006
7.748454163087942e-010	1.895465e-006
7.773565770230799e-010	1.673294e-005
7.798677377373655e-010	3.697638e-005
7.823788984516512e-010	6.262578e-005
7.848900591659369e-010	7.016262e-005
7.874012198802224e-010	7.200783e-005
7.899123805945081e-010	6.816142e-005
7.924235413087937e-010	5.862340e-005
7.949347020230794e-010	4.339376e-005
7.974458627373650e-010	2.247249e-005
7.999570234516506e-010	-4.140389e-006
8.023286752373648e-010	-7.441859e-006
8.047003270230791e-010	-6.882854e-006
8.070719788087932e-010	-2.463375e-006
8.094436305945075e-010	5.816578e-006
8.118152823802217e-010	1.795701e-005
8.141869341659360e-010	3.395791e-005
8.165585859516501e-010	5.381928e-005
8.194882734516500e-010	5.288706e-005
8.224179609516499e-010	4.908746e-005
8.253476484516499e-010	4.242049e-005
8.282773359516498e-010	3.288614e-005
8.312070234516497e-010	2.048442e-005
8.341367109516496e-010	5.215329e-006
8.370663984516495e-010	-1.292114e-005
8.395775591659352e-010	-3.927296e-006
8.420887198802208e-010	5.154383e-006
8.445998805945064e-010	1.432390e-005
8.471110413087920e-010	2.358125e-005
8.496222020230777e-010	3.292643e-005
8.521333627373633e-010	4.235945e-005
8.546445234516490e-010	5.188030e-005
8.579927377373631e-010	3.575560e-005
8.613409520230773e-010	2.308843e-005
8.646891663087915e-010	1.387879e-005
8.680373805945057e-010	8.126694e-006
8.713855948802199e-010	5.832130e-006
8.747338091659341e-010	6.995102e-006
8.780820234516482e-010	1.161561e-005
8.817092555945053e-010	2.766653e-005
8.853364877373623e-010	3.802244e-005
8.889637198802193e-010	4.268333e-005
8.925909520230764e-010	4.164921e-005
8.962181841659334e-010	3.492007e-005
8.998454163087904e-010	2.249593e-005
9.034726484516475e-010	4.376766e-006
9.070998805945045e-010	1.126950e-005
9.107271127373615e-010	1.702736e-005
9.143543448802185e-010	2.165035e-005
9.179815770230756e-010	2.513847e-005
9.216088091659327e-010	2.749172e-005
9.252360413087896e-010	2.871009e-005
9.288632734516467e-010	2.879360e-005
9.331880502373613e-010	1.831173e-005
9.375128270230758e-010	1.152398e-005
9.418376038087903e-010	8.430355e-006
9.461623805945049e-010	9.030852e-006
9.504871573802196e-010	1.332547e-005
9.548119341659341e-010	2.131421e-005
9.591367109516486e-010	3.299708e-005
9.659726484516492e-010	2.318475e-005
9.704369341659353e-010	1.964563e-005
9.749012198802212e-010	1.758657e-005
9.793655055945074e-010	1.700758e-005
9.838297913087933e-010	1.790865e-005
9.882940770230794e-010	2.028979e-005
9.927583627373654e-010	2.415099e-005
9.972226484516515e-010	2.949226e-005
9.991757734516516e-010	2.664362e-005
1.000000000000000e-009	2.527871e-005
