time	V(d_3p)
0.000000000000000e+000	0.000000e+000
6.706517010723728e-012	-2.375476e-006
9.521785555450991e-012	2.131719e-005
1.005750933264223e-011	1.333996e-005
1.059323310983348e-011	3.631826e-006
1.112895688702472e-011	-7.807212e-006
1.166468066421596e-011	-2.097715e-005
1.220040444140721e-011	-3.587800e-005
1.273612821859845e-011	-5.250975e-005
1.327185199578969e-011	-7.087240e-005
1.424841449578969e-011	-7.088781e-005
1.620153949578969e-011	-4.462147e-006
2.010778949578969e-011	2.247008e-004
2.108435199578968e-011	2.491171e-004
2.185926198945238e-011	2.447042e-004
2.264393879857763e-011	2.149607e-004
2.341964936784028e-011	1.605487e-004
2.623763285057104e-011	-1.410900e-004
2.721419535057104e-011	-2.101563e-004
2.819075785057103e-011	-2.149776e-004
2.896414244552350e-011	-1.593534e-004
2.977355520409747e-011	-3.889412e-005
3.069729109762858e-011	1.708209e-004
3.158664968561321e-011	4.277439e-004
3.353977468561321e-011	1.019040e-003
3.441793875832909e-011	1.211050e-003
3.520322544606633e-011	1.302266e-003
3.595655217891533e-011	1.302525e-003
3.678184471651413e-011	1.202327e-003
3.762494737135280e-011	1.009379e-003
3.860150987135280e-011	7.332916e-004
3.957807237135280e-011	5.111621e-004
4.051784908033816e-011	4.993310e-004
4.143066645548515e-011	8.522111e-004
4.225445791500685e-011	1.636258e-003
4.307091089483133e-011	3.002381e-003
4.404747339483133e-011	5.612169e-003
4.502403589483133e-011	9.487434e-003
4.600059839483134e-011	1.480951e-002
4.697716089483134e-011	2.170068e-002
4.795372339483134e-011	3.021077e-002
4.893028589483134e-011	4.030961e-002
5.000000000000000e-011	5.306326e-002
5.068359375000000e-011	6.205149e-002
5.146484375000000e-011	7.295958e-002
5.232217844953430e-011	8.556309e-002
5.622842844953431e-011	1.456296e-001
5.818155344953431e-011	1.733680e-001
6.009765624999999e-011	1.972702e-001
6.122644703019887e-011	2.093285e-001
6.235523781039773e-011	2.205945e-001
6.348402859059660e-011	2.310683e-001
6.461281937079546e-011	2.407500e-001
6.574161015099433e-011	2.496394e-001
6.687040093119321e-011	2.577367e-001
6.799919171139207e-011	2.650418e-001
7.048650507857065e-011	2.813127e-001
7.297381844574923e-011	2.958578e-001
7.546113181292780e-011	3.086771e-001
7.794844518010639e-011	3.197706e-001
8.043575854728498e-011	3.291382e-001
8.292307191446355e-011	3.367801e-001
8.541038528164213e-011	3.426960e-001
8.649908555713806e-011	3.461896e-001
8.758778583263399e-011	3.492737e-001
8.867648610812991e-011	3.519481e-001
8.976518638362585e-011	3.542130e-001
9.085388665912178e-011	3.560682e-001
9.194258693461770e-011	3.575139e-001
9.303128721011363e-011	3.585500e-001
9.498441221011363e-011	3.553950e-001
9.693753721011362e-011	3.461216e-001
9.889066221011361e-011	3.301766e-001
1.008437872101136e-010	3.082044e-001
1.037734747101136e-010	2.679228e-001
1.067031622101136e-010	2.260372e-001
1.086562872101136e-010	2.006988e-001
1.106094122101136e-010	1.787506e-001
1.125625372101136e-010	1.603230e-001
1.144845688151410e-010	1.451120e-001
1.164376938151410e-010	1.318110e-001
1.193613578981367e-010	1.143847e-001
1.222910453981367e-010	9.893008e-002
1.242441703981367e-010	8.990886e-002
1.261972953981367e-010	8.233842e-002
1.271523615610866e-010	7.928973e-002
1.281289240610866e-010	7.667606e-002
1.291054865610866e-010	7.460629e-002
1.300820490610866e-010	7.310475e-002
1.310586115610866e-010	7.218338e-002
1.320351740610866e-010	7.184072e-002
1.330117365610866e-010	7.206116e-002
1.339882990610866e-010	7.281450e-002
1.349648615610866e-010	7.405586e-002
1.369179865610866e-010	7.775249e-002
1.427773615610866e-010	9.220792e-002
1.447304865610866e-010	9.562382e-002
1.466836115610865e-010	9.741583e-002
1.486367365610865e-010	9.746897e-002
1.505898615610865e-010	9.599414e-002
1.535195490610865e-010	9.190673e-002
1.550541472753722e-010	8.941319e-002
1.565887454896579e-010	8.688852e-002
1.581233437039436e-010	8.433270e-002
1.596579419182293e-010	8.174573e-002
1.611925401325150e-010	7.912762e-002
1.627271383468008e-010	7.647836e-002
1.642617365610865e-010	7.379796e-002
1.657963347753722e-010	7.054117e-002
1.673309329896579e-010	6.721687e-002
1.688655312039436e-010	6.382506e-002
1.704001294182293e-010	6.036572e-002
1.719347276325150e-010	5.683887e-002
1.734693258468007e-010	5.324451e-002
1.750039240610864e-010	4.958262e-002
1.769570490610864e-010	4.482248e-002
1.779336115610864e-010	4.222129e-002
1.789101740610864e-010	3.938842e-002
1.798867365610864e-010	3.626155e-002
1.808632990610864e-010	3.278633e-002
1.818398615610864e-010	2.892228e-002
1.828164240610864e-010	2.464785e-002
1.837929865610864e-010	1.996417e-002
1.847695490610864e-010	1.489710e-002
1.857461115610864e-010	9.497375e-003
1.867226740610864e-010	3.838798e-003
1.876992365610864e-010	-1.985450e-003
1.896523615610864e-010	-1.369359e-002
1.906289240610864e-010	-1.934600e-002
1.916054865610863e-010	-2.471493e-002
1.925820490610863e-010	-2.970236e-002
1.935586115610863e-010	-3.422790e-002
1.945351740610863e-010	-3.823268e-002
1.955117365610863e-010	-4.168158e-002
1.964882990610863e-010	-4.456361e-002
1.974648615610863e-010	-4.689065e-002
1.984414240610863e-010	-4.869457e-002
1.994179865610863e-010	-5.002320e-002
2.003945490610863e-010	-5.093547e-002
2.013711115610863e-010	-5.149619e-002
2.033242365610863e-010	-5.182106e-002
2.062539240610863e-010	-5.110857e-002
2.091836115610863e-010	-4.962569e-002
2.121132990610863e-010	-4.733502e-002
2.140664240610863e-010	-4.513790e-002
2.160195490610862e-010	-4.227673e-002
2.179726740610862e-010	-3.874399e-002
2.199257990610862e-010	-3.464552e-002
2.207628526325148e-010	-3.270726e-002
2.215999062039434e-010	-3.077864e-002
2.224369597753719e-010	-2.885965e-002
2.232740133468005e-010	-2.695030e-002
2.241110669182291e-010	-2.505060e-002
2.249481204896576e-010	-2.316053e-002
2.257851740610862e-010	-2.128010e-002
2.267617365610862e-010	-1.926248e-002
2.277382990610862e-010	-1.739095e-002
2.287148615610862e-010	-1.568984e-002
2.296914240610862e-010	-1.417819e-002
2.306679865610862e-010	-1.286918e-002
2.316445490610862e-010	-1.176980e-002
2.326211115610862e-010	-1.088071e-002
2.335976740610862e-010	-1.019641e-002
2.345742365610862e-010	-9.705646e-003
2.355507990610862e-010	-9.392101e-003
2.365273615610863e-010	-9.235365e-003
2.375039240610863e-010	-9.212111e-003
2.384804865610863e-010	-9.297441e-003
2.404336115610863e-010	-9.694898e-003
2.419682097753721e-010	-1.012890e-002
2.435028079896578e-010	-1.057221e-002
2.450374062039436e-010	-1.102481e-002
2.465720044182293e-010	-1.148671e-002
2.481066026325151e-010	-1.195791e-002
2.496412008468008e-010	-1.243840e-002
2.511757990610866e-010	-1.292820e-002
2.541054865610867e-010	-1.411812e-002
2.556400847753724e-010	-1.483831e-002
2.571746829896581e-010	-1.557912e-002
2.587092812039439e-010	-1.634056e-002
2.602438794182297e-010	-1.712262e-002
2.617784776325154e-010	-1.792529e-002
2.633130758468011e-010	-1.874860e-002
2.648476740610869e-010	-1.959252e-002
2.668007990610869e-010	-2.089712e-002
2.687539240610870e-010	-2.248698e-002
2.716836115610870e-010	-2.541151e-002
2.725206651325157e-010	-2.638097e-002
2.733577187039442e-010	-2.730061e-002
2.741947722753728e-010	-2.817045e-002
2.750318258468014e-010	-2.899047e-002
2.758688794182300e-010	-2.976067e-002
2.767059329896586e-010	-3.048107e-002
2.775429865610872e-010	-3.115165e-002
2.785195490610872e-010	-3.170427e-002
2.794961115610872e-010	-3.205702e-002
2.804726740610872e-010	-3.219121e-002
2.814492365610873e-010	-3.209705e-002
2.824257990610873e-010	-3.177413e-002
2.834023615610873e-010	-3.123130e-002
2.843789240610873e-010	-3.048576e-002
2.863320490610874e-010	-2.848862e-002
2.892617365610874e-010	-2.470038e-002
2.907963347753732e-010	-2.257255e-002
2.923309329896589e-010	-2.050649e-002
2.938655312039447e-010	-1.850220e-002
2.954001294182304e-010	-1.655968e-002
2.969347276325162e-010	-1.467894e-002
2.984693258468019e-010	-1.285996e-002
3.000039240610877e-010	-1.110276e-002
3.009804865610877e-010	-9.935372e-003
3.019570490610877e-010	-8.762123e-003
3.029336115610877e-010	-7.583014e-003
3.039101740610878e-010	-6.398042e-003
3.048867365610878e-010	-5.207210e-003
3.058632990610878e-010	-4.010516e-003
3.068398615610878e-010	-2.807961e-003
3.078164240610878e-010	-1.652348e-003
3.087929865610879e-010	-5.393053e-004
3.097695490610879e-010	5.171667e-004
3.107461115610879e-010	1.503890e-003
3.117226740610879e-010	2.409154e-003
3.126992365610880e-010	3.223217e-003
3.136757990610880e-010	3.938652e-003
3.146523615610880e-010	4.550535e-003
3.156289240610880e-010	5.056490e-003
3.166054865610880e-010	5.456613e-003
3.175820490610881e-010	5.753298e-003
3.185586115610881e-010	5.950995e-003
3.195351740610881e-010	6.055913e-003
3.205117365610881e-010	6.075700e-003
3.214882990610881e-010	6.019099e-003
3.224648615610882e-010	5.895609e-003
3.244179865610882e-010	5.487699e-003
3.263711115610883e-010	4.930376e-003
3.276266919182311e-010	4.509002e-003
3.288822722753740e-010	4.091097e-003
3.301378526325169e-010	3.676659e-003
3.313934329896598e-010	3.265689e-003
3.326490133468027e-010	2.858187e-003
3.339045937039456e-010	2.454153e-003
3.351601740610884e-010	2.053587e-003
3.365552633468028e-010	1.627596e-003
3.379503526325171e-010	1.215498e-003
3.393454419182314e-010	8.172938e-004
3.407405312039457e-010	4.329837e-004
3.421356204896600e-010	6.256760e-005
3.435307097753744e-010	-2.939546e-004
3.449257990610887e-010	-6.365830e-004
3.468789240610887e-010	-1.060238e-003
3.498086115610888e-010	-1.603786e-003
3.512037008468031e-010	-1.834718e-003
3.525987901325174e-010	-2.070256e-003
3.539938794182317e-010	-2.310400e-003
3.553889687039460e-010	-2.555150e-003
3.567840579896603e-010	-2.804507e-003
3.581791472753747e-010	-3.058470e-003
3.595742365610890e-010	-3.317038e-003
3.615273615610890e-010	-3.591728e-003
3.625039240610891e-010	-3.676032e-003
3.634804865610891e-010	-3.711283e-003
3.644570490610891e-010	-3.688162e-003
3.654336115610891e-010	-3.598999e-003
3.664101740610891e-010	-3.438412e-003
3.673867365610892e-010	-3.203811e-003
3.683632990610892e-010	-2.895701e-003
3.693398615610892e-010	-2.517762e-003
3.703164240610892e-010	-2.076694e-003
3.712929865610893e-010	-1.581844e-003
3.722695490610893e-010	-1.044634e-003
3.742226740610893e-010	1.051921e-004
3.761757990610894e-010	1.268768e-003
3.781289240610894e-010	2.357883e-003
3.791054865610894e-010	2.855943e-003
3.810586115610895e-010	3.744113e-003
3.830117365610895e-010	4.495726e-003
3.859414240610896e-010	5.437915e-003
3.871970044182325e-010	5.811122e-003
3.884525847753754e-010	6.165137e-003
3.897081651325183e-010	6.499962e-003
3.909637454896611e-010	6.815597e-003
3.922193258468040e-010	7.112040e-003
3.934749062039469e-010	7.389294e-003
3.947304865610898e-010	7.647356e-003
3.966836115610898e-010	7.916240e-003
3.986367365610899e-010	8.024339e-003
4.005898615610899e-010	7.949497e-003
4.025429865610899e-010	7.689556e-003
4.044961115610900e-010	7.261318e-003
4.064492365610900e-010	6.695465e-003
4.093789240610901e-010	5.671811e-003
4.106345044182330e-010	5.180330e-003
4.118900847753759e-010	4.697534e-003
4.131456651325188e-010	4.223421e-003
4.144012454896616e-010	3.757994e-003
4.156568258468045e-010	3.301250e-003
4.169124062039474e-010	2.853191e-003
4.181679865610903e-010	2.413817e-003
4.201211115610903e-010	1.803485e-003
4.220742365610904e-010	1.263477e-003
4.240273615610904e-010	7.994696e-004
4.259804865610905e-010	4.140168e-004
4.279336115610905e-010	1.069593e-004
4.298867365610906e-010	-1.244853e-004
4.318398615610906e-010	-2.860238e-004
4.337929865610906e-010	-3.867691e-004
4.367226740610907e-010	-4.523834e-004
4.382572722753765e-010	-4.593603e-004
4.397918704896622e-010	-4.633601e-004
4.413264687039479e-010	-4.643826e-004
4.428610669182337e-010	-4.624278e-004
4.443956651325195e-010	-4.574959e-004
4.459302633468052e-010	-4.495867e-004
4.474648615610909e-010	-4.387002e-004
4.494179865610910e-010	-3.809153e-004
4.513711115610910e-010	-2.616947e-004
4.523476740610910e-010	-1.732357e-004
4.533242365610911e-010	-6.379101e-005
4.552773615610911e-010	2.177340e-004
4.572304865610912e-010	5.720278e-004
4.582070490610912e-010	7.801145e-004
4.591836115610912e-010	9.844545e-004
4.601601740610912e-010	1.185048e-003
4.611367365610912e-010	1.381894e-003
4.621132990610913e-010	1.574994e-003
4.630898615610913e-010	1.764348e-003
4.640664240610913e-010	1.949954e-003
4.660195490610914e-010	2.249197e-003
4.679726740610913e-010	2.474323e-003
4.709023615610912e-010	2.685569e-003
4.738320490610911e-010	2.788552e-003
4.752271383468053e-010	2.822544e-003
4.766222276325196e-010	2.834495e-003
4.780173169182338e-010	2.824404e-003
4.794124062039481e-010	2.792270e-003
4.808074954896623e-010	2.738094e-003
4.822025847753766e-010	2.661877e-003
4.835976740610908e-010	2.563617e-003
4.855507990610908e-010	2.344626e-003
4.875039240610907e-010	2.049193e-003
4.904336115610906e-010	1.482320e-003
4.972695490610904e-010	-7.148936e-005
5.001992365610903e-010	-6.673952e-004
5.021523615610902e-010	-1.003749e-003
5.041054865610902e-010	-1.281202e-003
5.060586115610901e-010	-1.493971e-003
5.080117365610901e-010	-1.638540e-003
5.099648615610900e-010	-1.713925e-003
5.119179865610899e-010	-1.722229e-003
5.148476740610899e-010	-1.622293e-003
5.177773615610898e-010	-1.418779e-003
5.191724508468040e-010	-1.288131e-003
5.205675401325183e-010	-1.161099e-003
5.219626294182325e-010	-1.037684e-003
5.233577187039468e-010	-9.178838e-004
5.247528079896610e-010	-8.016999e-004
5.261478972753753e-010	-6.891321e-004
5.275429865610895e-010	-5.801803e-004
5.289380758468037e-010	-4.997406e-004
5.303331651325180e-010	-4.227086e-004
5.317282544182322e-010	-3.490842e-004
5.331233437039465e-010	-2.788675e-004
5.345184329896607e-010	-2.120584e-004
5.359135222753750e-010	-1.486569e-004
5.373086115610892e-010	-8.866300e-005
5.402382990610891e-010	8.856575e-005
5.414938794182319e-010	1.876754e-004
5.427494597753748e-010	2.878843e-004
5.440050401325175e-010	3.891925e-004
5.452606204896603e-010	4.916000e-004
5.465162008468031e-010	5.951068e-004
5.477717812039460e-010	6.997129e-004
5.490273615610888e-010	8.054182e-004
5.519570490610887e-010	9.812820e-004
5.548867365610886e-010	1.067294e-003
5.578164240610885e-010	1.062402e-003
5.607461115610884e-010	9.842527e-004
5.629782544182312e-010	8.868669e-004
5.652103972753741e-010	7.614420e-004
5.674425401325168e-010	6.079781e-004
5.696746829896596e-010	4.264751e-004
5.719068258468023e-010	2.169331e-004
5.741389687039452e-010	-2.064804e-005
5.763711115610880e-010	-2.862682e-004
5.777662008468022e-010	-4.575081e-004
5.791612901325165e-010	-6.132055e-004
5.805563794182307e-010	-7.533605e-004
5.819514687039450e-010	-8.779730e-004
5.833465579896592e-010	-9.870431e-004
5.847416472753735e-010	-1.080571e-003
5.861367365610877e-010	-1.158556e-003
5.890664240610876e-010	-1.226025e-003
5.919961115610875e-010	-1.186867e-003
5.949257990610874e-010	-1.050332e-003
5.978554865610873e-010	-8.339222e-004
6.066445490610870e-010	-1.744775e-007
6.095742365610869e-010	2.246577e-004
6.125039240610868e-010	3.833084e-004
6.154336115610868e-010	4.761112e-004
6.171077187039439e-010	4.952248e-004
6.187818258468009e-010	5.136288e-004
6.204559329896580e-010	5.313232e-004
6.221300401325151e-010	5.483079e-004
6.238041472753723e-010	5.645830e-004
6.254782544182293e-010	5.801484e-004
6.271523615610864e-010	5.950042e-004
6.288264687039435e-010	6.335966e-004
6.305005758468005e-010	6.650751e-004
6.321746829896577e-010	6.894396e-004
6.338487901325148e-010	7.066901e-004
6.355228972753719e-010	7.168268e-004
6.371970044182289e-010	7.198494e-004
6.388711115610860e-010	7.157581e-004
6.418007990610859e-010	6.468542e-004
6.436144151325145e-010	5.675423e-004
6.454280312039430e-010	4.811646e-004
6.472416472753715e-010	3.877209e-004
6.490552633468000e-010	2.872113e-004
6.508688794182285e-010	1.796358e-004
6.526824954896570e-010	6.499440e-005
6.544961115610856e-010	-5.671292e-005
6.563097276325141e-010	-1.749200e-004
6.581233437039426e-010	-2.805745e-004
6.599369597753711e-010	-3.736765e-004
6.617505758467996e-010	-4.542261e-004
6.635641919182281e-010	-5.222231e-004
6.653778079896566e-010	-5.776675e-004
6.671914240610852e-010	-6.205595e-004
6.701211115610851e-010	-6.224940e-004
6.730507990610850e-010	-5.560847e-004
6.759804865610849e-010	-4.274301e-004
6.775150847753706e-010	-3.322006e-004
6.790496829896562e-010	-2.342921e-004
6.805842812039419e-010	-1.337045e-004
6.821188794182275e-010	-3.043799e-005
6.836534776325132e-010	7.550756e-005
6.851880758467989e-010	1.841321e-004
6.867226740610846e-010	2.954357e-004
6.890943258467987e-010	4.387266e-004
6.914659776325130e-010	5.493337e-004
6.938376294182272e-010	6.272569e-004
6.962092812039414e-010	6.724963e-004
6.985809329896556e-010	6.850518e-004
7.009525847753699e-010	6.649235e-004
7.033242365610841e-010	6.121114e-004
7.056958883467982e-010	5.611386e-004
7.080675401325125e-010	5.149261e-004
7.104391919182267e-010	4.734741e-004
7.128108437039409e-010	4.367824e-004
7.151824954896551e-010	4.048512e-004
7.175541472753694e-010	3.776804e-004
7.199257990610835e-010	3.552700e-004
7.220184329896549e-010	3.132554e-004
7.241110669182262e-010	2.622163e-004
7.262037008467976e-010	2.021528e-004
7.282963347753690e-010	1.330649e-004
7.303889687039404e-010	5.495262e-005
7.324816026325117e-010	-3.218412e-005
7.345742365610831e-010	-1.283453e-004
7.383409776325116e-010	-2.655865e-004
7.421077187039400e-010	-3.502958e-004
7.458744597753685e-010	-3.824731e-004
7.496412008467969e-010	-3.621184e-004
7.534079419182253e-010	-2.892317e-004
7.571746829896538e-010	-1.638131e-004
7.609414240610823e-010	1.413756e-005
7.628945490610822e-010	1.173643e-004
7.648476740610822e-010	2.105422e-004
7.668007990610821e-010	2.936711e-004
7.687539240610820e-010	3.667511e-004
7.707070490610820e-010	4.297822e-004
7.726601740610819e-010	4.827643e-004
7.746132990610819e-010	5.256975e-004
7.767059329896532e-010	5.363601e-004
7.787985669182246e-010	5.343941e-004
7.808912008467959e-010	5.197996e-004
7.829838347753674e-010	4.925765e-004
7.850764687039387e-010	4.527248e-004
7.871691026325101e-010	4.002446e-004
7.892617365610814e-010	3.351359e-004
7.917728972753671e-010	2.783133e-004
7.942840579896527e-010	2.257361e-004
7.967952187039384e-010	1.774045e-004
7.993063794182239e-010	1.333184e-004
8.018175401325096e-010	9.347775e-005
8.043287008467952e-010	5.788260e-005
8.068398615610809e-010	2.653295e-005
8.089324954896522e-010	-2.054914e-005
8.110251294182236e-010	-6.553997e-005
8.131177633467949e-010	-1.084395e-004
8.152103972753664e-010	-1.492478e-004
8.173030312039377e-010	-1.879649e-004
8.193956651325091e-010	-2.245906e-004
8.214882990610804e-010	-2.591251e-004
8.239994597753661e-010	-2.663238e-004
8.265106204896517e-010	-2.584125e-004
8.290217812039374e-010	-2.353913e-004
8.315329419182229e-010	-1.972602e-004
8.340441026325086e-010	-1.440192e-004
8.365552633467942e-010	-7.566827e-005
8.390664240610799e-010	7.792558e-006
8.415775847753656e-010	9.395421e-005
8.440887454896511e-010	1.699552e-004
8.465999062039368e-010	2.357956e-004
8.491110669182224e-010	2.914753e-004
8.516222276325081e-010	3.369944e-004
8.541333883467937e-010	3.723529e-004
8.566445490610793e-010	3.975507e-004
8.590162008467935e-010	3.883860e-004
8.613878526325078e-010	3.713734e-004
8.637595044182220e-010	3.465129e-004
8.661311562039362e-010	3.138045e-004
8.685028079896504e-010	2.732482e-004
8.708744597753647e-010	2.248440e-004
8.732461115610788e-010	1.685918e-004
8.764548169182216e-010	1.192741e-004
8.796635222753644e-010	7.299984e-005
8.828722276325071e-010	2.976904e-005
8.860809329896499e-010	-1.041832e-005
8.892896383467927e-010	-4.756222e-005
8.924983437039354e-010	-8.166267e-005
8.957070490610781e-010	-1.127197e-004
8.990552633467923e-010	-1.521974e-004
9.024034776325065e-010	-1.715900e-004
9.057516919182207e-010	-1.708973e-004
9.090999062039349e-010	-1.501194e-004
9.124481204896490e-010	-1.092564e-004
9.157963347753633e-010	-4.830806e-005
9.191445490610774e-010	3.272546e-005
9.240273615610776e-010	1.407332e-004
9.289101740610778e-010	2.181704e-004
9.337929865610779e-010	2.650371e-004
9.386757990610783e-010	2.813333e-004
9.435586115610784e-010	2.670590e-004
9.484414240610786e-010	2.222142e-004
9.533242365610787e-010	1.467989e-004
9.660195490610797e-010	5.898034e-006
9.692282544182227e-010	-2.633385e-005
9.724369597753660e-010	-5.354810e-005
9.756456651325090e-010	-7.574470e-005
9.788543704896521e-010	-9.292366e-005
9.820630758467951e-010	-1.050850e-004
9.852717812039383e-010	-1.122286e-004
9.884804865610814e-010	-1.143547e-004
9.898755758467957e-010	-1.051283e-004
9.912706651325102e-010	-9.352921e-005
9.926657544182245e-010	-7.955749e-005
9.940608437039390e-010	-6.321311e-005
9.954559329896533e-010	-4.449608e-005
9.968510222753678e-010	-2.340639e-005
9.982461115610821e-010	5.595862e-008
9.992226740610822e-010	1.615318e-005
1.000000000000000e-009	2.907462e-005
