time	V(d_3p)
0.000000000000000e+000	0.000000e+000
5.591155656081716e-013	2.156635e-006
1.118231131216343e-012	2.901502e-006
1.677346696824515e-012	2.234601e-006
2.236462262432686e-012	1.559320e-007
2.795577828040858e-012	-3.334505e-006
3.354693393649029e-012	-8.236709e-006
3.913808959257200e-012	-1.455068e-005
7.027821052389773e-012	4.118776e-005
7.873535876884890e-012	3.038472e-005
1.068359375000000e-011	-7.483254e-005
1.146484375000000e-011	-7.219289e-005
1.244140625000000e-011	-7.774853e-006
1.341796875000000e-011	1.236964e-004
1.537109375000000e-011	4.407994e-004
1.634765625000000e-011	5.622535e-004
1.732421875000000e-011	6.352172e-004
1.830078125000000e-011	6.462505e-004
1.927734375000000e-011	5.825504e-004
2.025390625000000e-011	4.366534e-004
2.123046875000000e-011	2.136580e-004
2.318359374999999e-011	-3.513782e-004
2.416015624999999e-011	-5.943163e-004
2.513671874999999e-011	-7.310098e-004
2.611328124999999e-011	-7.090353e-004
2.708984374999999e-011	-4.971494e-004
2.806640624999999e-011	-9.477547e-005
2.904296874999999e-011	4.638974e-004
3.099609374999999e-011	1.760002e-003
3.197265624999999e-011	2.306481e-003
3.283516328890635e-011	2.629981e-003
3.362977573796430e-011	2.747656e-003
3.441092778336913e-011	2.669822e-003
3.524619660168125e-011	2.370913e-003
3.603397323091167e-011	1.904641e-003
3.685918783596643e-011	1.273084e-003
3.778072786284259e-011	4.906583e-004
3.865550007460385e-011	-2.057050e-004
3.946365935253439e-011	-6.819032e-004
4.025059070450301e-011	-8.659984e-004
4.109403538995923e-011	-6.144236e-004
4.188714444977839e-011	1.731456e-004
4.272404043070062e-011	1.716711e-003
4.355702654188588e-011	4.095506e-003
4.453358904188588e-011	8.085711e-003
4.551015154188589e-011	1.346958e-002
4.648671404188589e-011	2.029848e-002
4.746327654188589e-011	2.856383e-002
4.843983904188589e-011	3.819811e-002
4.941640154188590e-011	4.907968e-002
5.029296875000000e-011	5.978918e-002
5.146484375000000e-011	7.519331e-002
5.340317666424605e-011	1.024509e-001
5.633286416424606e-011	1.441981e-001
5.828598916424606e-011	1.702027e-001
5.954946558367770e-011	1.855434e-001
6.081294200310936e-011	1.997165e-001
6.207641842254100e-011	2.127219e-001
6.333989484197265e-011	2.245598e-001
6.460337126140430e-011	2.352301e-001
6.586684768083595e-011	2.447329e-001
6.713032410026759e-011	2.530680e-001
6.949423852890829e-011	2.684708e-001
7.185815295754899e-011	2.823951e-001
7.422206738618968e-011	2.948407e-001
7.658598181483038e-011	3.058078e-001
7.894989624347109e-011	3.152964e-001
8.131381067211178e-011	3.233063e-001
8.367772510075247e-011	3.298377e-001
8.479379652932389e-011	3.338047e-001
8.590986795789532e-011	3.375152e-001
8.702593938646674e-011	3.409691e-001
8.814201081503817e-011	3.441665e-001
8.925808224360959e-011	3.471074e-001
9.037415367218102e-011	3.497918e-001
9.149022510075244e-011	3.522196e-001
9.344335010075243e-011	3.520907e-001
9.539647510075242e-011	3.466203e-001
9.734960010075242e-011	3.350862e-001
9.930272510075241e-011	3.176992e-001
1.012558501007524e-010	2.955643e-001
1.022324126007524e-010	2.826816e-001
1.032089751007524e-010	2.698784e-001
1.041855376007524e-010	2.571545e-001
1.051621001007524e-010	2.445100e-001
1.061386626007524e-010	2.319450e-001
1.071152251007524e-010	2.194594e-001
1.080917876007524e-010	2.070532e-001
1.100449126007524e-010	1.853394e-001
1.119980376007524e-010	1.666750e-001
1.139511626007523e-010	1.509048e-001
1.159042876007523e-010	1.375152e-001
1.178574126007523e-010	1.258805e-001
1.207871001007523e-010	1.106485e-001
1.237167876007523e-010	9.759673e-002
1.256699126007523e-010	9.039164e-002
1.276230376007523e-010	8.480790e-002
1.285996001007523e-010	8.273663e-002
1.295761626007523e-010	8.118865e-002
1.305527251007523e-010	8.017887e-002
1.315292876007523e-010	7.970542e-002
1.325058501007523e-010	7.974849e-002
1.334824126007523e-010	8.027047e-002
1.354355376007523e-010	8.252070e-002
1.364121001007523e-010	8.430635e-002
1.373886626007522e-010	8.607440e-002
1.383652251007522e-010	8.782484e-002
1.393417876007522e-010	8.955768e-002
1.403183501007522e-010	9.127291e-002
1.412949126007522e-010	9.297054e-002
1.422714751007522e-010	9.465057e-002
1.442246001007522e-010	9.686568e-002
1.461777251007522e-010	9.790977e-002
1.481308501007522e-010	9.778400e-002
1.510605376007522e-010	9.574515e-002
1.539902251007522e-010	9.213040e-002
1.559433501007522e-010	8.897970e-002
1.578964751007522e-010	8.568526e-002
1.598496001007522e-010	8.224708e-002
1.618027251007521e-010	7.866516e-002
1.637558501007521e-010	7.493949e-002
1.657089751007521e-010	7.107009e-002
1.676621001007521e-010	6.705694e-002
1.687781715293236e-010	6.497169e-002
1.698942429578950e-010	6.278987e-002
1.710103143864664e-010	6.051148e-002
1.721263858150378e-010	5.813651e-002
1.732424572436092e-010	5.566497e-002
1.743585286721807e-010	5.309686e-002
1.754746001007521e-010	5.043217e-002
1.774277251007521e-010	4.485772e-002
1.784042876007521e-010	4.166788e-002
1.793808501007521e-010	3.817878e-002
1.803574126007521e-010	3.437973e-002
1.813339751007521e-010	3.027206e-002
1.823105376007521e-010	2.587011e-002
1.832871001007521e-010	2.120157e-002
1.842636626007520e-010	1.630698e-002
1.852402251007520e-010	1.123848e-002
1.881699126007520e-010	-4.358509e-003
1.891464751007520e-010	-9.446420e-003
1.901230376007520e-010	-1.435674e-002
1.910996001007520e-010	-1.902207e-002
1.920761626007520e-010	-2.338292e-002
1.930527251007520e-010	-2.738994e-002
1.940292876007520e-010	-3.100562e-002
1.950058501007520e-010	-3.420524e-002
1.959824126007520e-010	-3.697712e-002
1.969589751007520e-010	-3.932221e-002
1.979355376007520e-010	-4.125290e-002
1.989121001007520e-010	-4.279142e-002
1.998886626007520e-010	-4.396768e-002
2.008652251007520e-010	-4.481699e-002
2.018417876007520e-010	-4.537755e-002
2.037949126007520e-010	-4.578542e-002
2.057480376007520e-010	-4.546972e-002
2.086777251007519e-010	-4.405727e-002
2.116074126007519e-010	-4.174389e-002
2.135605376007519e-010	-3.968666e-002
2.155136626007519e-010	-3.718210e-002
2.174667876007519e-010	-3.423849e-002
2.203964751007519e-010	-2.917846e-002
2.212335286721805e-010	-2.760914e-002
2.220705822436090e-010	-2.607249e-002
2.229076358150376e-010	-2.456851e-002
2.237446893864662e-010	-2.309721e-002
2.245817429578947e-010	-2.165858e-002
2.254187965293233e-010	-2.025262e-002
2.262558501007519e-010	-1.887933e-002
2.272324126007519e-010	-1.743099e-002
2.282089751007519e-010	-1.611366e-002
2.291855376007519e-010	-1.493928e-002
2.301621001007519e-010	-1.391525e-002
2.311386626007518e-010	-1.304441e-002
2.321152251007518e-010	-1.232537e-002
2.330917876007519e-010	-1.175294e-002
2.340683501007519e-010	-1.131881e-002
2.350449126007519e-010	-1.101221e-002
2.360214751007519e-010	-1.082069e-002
2.369980376007520e-010	-1.073083e-002
2.379746001007520e-010	-1.072894e-002
2.399277251007520e-010	-1.093612e-002
2.428574126007521e-010	-1.160116e-002
2.449500465293235e-010	-1.223014e-002
2.470426804578950e-010	-1.288242e-002
2.491353143864665e-010	-1.355798e-002
2.512279483150380e-010	-1.425683e-002
2.533205822436094e-010	-1.497897e-002
2.554132161721810e-010	-1.572440e-002
2.575058501007524e-010	-1.649311e-002
2.604355376007525e-010	-1.785852e-002
2.633652251007525e-010	-1.965118e-002
2.662949126007526e-010	-2.193117e-002
2.672714751007526e-010	-2.282501e-002
2.682480376007526e-010	-2.370727e-002
2.692246001007527e-010	-2.457796e-002
2.702011626007527e-010	-2.543707e-002
2.711777251007527e-010	-2.628460e-002
2.721542876007527e-010	-2.712055e-002
2.731308501007528e-010	-2.794493e-002
2.750839751007528e-010	-2.924379e-002
2.770371001007528e-010	-3.008334e-002
2.789902251007529e-010	-3.036050e-002
2.809433501007529e-010	-3.002869e-002
2.828964751007530e-010	-2.910332e-002
2.848496001007530e-010	-2.765557e-002
2.868027251007531e-010	-2.579622e-002
2.897324126007531e-010	-2.251587e-002
2.916855376007532e-010	-2.012392e-002
2.936386626007532e-010	-1.778153e-002
2.955917876007533e-010	-1.548868e-002
2.975449126007533e-010	-1.324537e-002
2.994980376007533e-010	-1.105162e-002
3.014511626007534e-010	-8.907412e-003
3.034042876007534e-010	-6.812752e-003
3.053574126007535e-010	-4.830474e-003
3.073105376007535e-010	-2.972403e-003
3.082871001007535e-010	-2.104467e-003
3.092636626007536e-010	-1.285766e-003
3.102402251007536e-010	-5.226056e-004
3.112167876007536e-010	1.791465e-004
3.121933501007536e-010	8.143650e-004
3.131699126007536e-010	1.378925e-003
3.141464751007537e-010	1.869906e-003
3.151230376007537e-010	2.285728e-003
3.160996001007537e-010	2.626213e-003
3.170761626007537e-010	2.892587e-003
3.180527251007537e-010	3.087397e-003
3.190292876007538e-010	3.214385e-003
3.200058501007538e-010	3.278308e-003
3.209824126007538e-010	3.284729e-003
3.219589751007538e-010	3.239786e-003
3.229355376007539e-010	3.149967e-003
3.248886626007539e-010	2.862045e-003
3.268417876007539e-010	2.471847e-003
3.346542876007541e-010	6.457146e-004
3.375839751007542e-010	3.384307e-005
3.389790643864685e-010	-2.256934e-004
3.403741536721828e-010	-4.820642e-004
3.417692429578971e-010	-7.352694e-004
3.431643322436114e-010	-9.853089e-004
3.445594215293257e-010	-1.232183e-003
3.459545108150401e-010	-1.475891e-003
3.473496001007544e-010	-1.716434e-003
3.484656715293258e-010	-1.928346e-003
3.495817429578973e-010	-2.135058e-003
3.506978143864687e-010	-2.336569e-003
3.518138858150402e-010	-2.532881e-003
3.529299572436117e-010	-2.723993e-003
3.540460286721831e-010	-2.909904e-003
3.551621001007546e-010	-3.090615e-003
3.571152251007546e-010	-3.324545e-003
3.590683501007547e-010	-3.446610e-003
3.600449126007547e-010	-3.454606e-003
3.610214751007547e-010	-3.422272e-003
3.619980376007547e-010	-3.346794e-003
3.629746001007547e-010	-3.226272e-003
3.639511626007548e-010	-3.059835e-003
3.649277251007548e-010	-2.847704e-003
3.659042876007548e-010	-2.591213e-003
3.668808501007548e-010	-2.292773e-003
3.678574126007549e-010	-1.955793e-003
3.688339751007549e-010	-1.584555e-003
3.707871001007549e-010	-7.597937e-004
3.737167876007550e-010	5.969162e-004
3.766464751007551e-010	1.962063e-003
3.785996001007551e-010	2.815925e-003
3.805527251007551e-010	3.597538e-003
3.825058501007552e-010	4.295696e-003
3.854355376007552e-010	5.181199e-003
3.883652251007553e-010	5.877749e-003
3.912949126007554e-010	6.386069e-003
3.942246001007554e-010	6.690096e-003
3.961777251007555e-010	6.765667e-003
3.981308501007555e-010	6.730663e-003
4.000839751007556e-010	6.581630e-003
4.020371001007556e-010	6.321144e-003
4.049667876007557e-010	5.744082e-003
4.078964751007557e-010	4.997510e-003
4.091520554578986e-010	4.630727e-003
4.104076358150415e-010	4.268362e-003
4.116632161721844e-010	3.910414e-003
4.129187965293273e-010	3.556885e-003
4.141743768864702e-010	3.207773e-003
4.154299572436130e-010	2.863079e-003
4.166855376007559e-010	2.522803e-003
4.196152251007560e-010	1.837944e-003
4.215683501007560e-010	1.451053e-003
4.235214751007561e-010	1.121450e-003
4.254746001007561e-010	8.462808e-004
4.284042876007562e-010	5.230062e-004
4.313339751007563e-010	2.853053e-004
4.342636626007563e-010	1.104921e-004
4.371933501007564e-010	-1.408638e-005
4.401230376007565e-010	-8.584952e-005
4.430527251007565e-010	-8.799825e-005
4.450058501007566e-010	-3.926015e-005
4.469589751007566e-010	5.665492e-005
4.489121001007567e-010	2.026990e-004
4.508652251007567e-010	3.976448e-004
4.537949126007568e-010	7.674313e-004
4.550504929578997e-010	9.564729e-004
4.563060733150425e-010	1.142086e-003
4.575616536721854e-010	1.324272e-003
4.588172340293283e-010	1.503029e-003
4.600728143864712e-010	1.678358e-003
4.613283947436141e-010	1.850260e-003
4.625839751007570e-010	2.018733e-003
4.655136626007570e-010	2.326036e-003
4.684433501007569e-010	2.529725e-003
4.713730376007568e-010	2.624654e-003
4.743027251007568e-010	2.614757e-003
4.772324126007567e-010	2.505951e-003
4.801621001007566e-010	2.302581e-003
4.830917876007565e-010	2.008731e-003
4.860214751007564e-010	1.632820e-003
4.872770554578992e-010	1.443659e-003
4.885326358150421e-010	1.251101e-003
4.897882161721849e-010	1.055146e-003
4.910437965293277e-010	8.557943e-004
4.922993768864704e-010	6.530453e-004
4.935549572436133e-010	4.468993e-004
4.948105376007561e-010	2.373563e-004
4.977402251007560e-010	-2.020878e-004
5.006699126007559e-010	-5.693417e-004
5.035996001007559e-010	-8.409889e-004
5.065292876007558e-010	-1.007547e-003
5.094589751007557e-010	-1.073725e-003
5.123886626007556e-010	-1.055852e-003
5.143417876007555e-010	-9.970741e-004
5.162949126007555e-010	-9.316970e-004
5.182480376007554e-010	-8.597203e-004
5.202011626007553e-010	-7.811441e-004
5.221542876007553e-010	-6.959684e-004
5.241074126007552e-010	-6.041931e-004
5.260605376007552e-010	-5.058183e-004
5.284321893864693e-010	-3.919263e-004
5.308038411721836e-010	-2.701835e-004
5.331754929578978e-010	-1.405898e-004
5.355471447436120e-010	-3.145263e-006
5.379187965293262e-010	1.421501e-004
5.402904483150405e-010	2.952964e-004
5.426621001007546e-010	4.562934e-004
5.457312965293260e-010	6.383532e-004
5.488004929578973e-010	7.587806e-004
5.518696893864686e-010	8.175755e-004
5.549388858150400e-010	8.147381e-004
5.580080822436114e-010	7.502682e-004
5.610772786721827e-010	6.241660e-004
5.641464751007540e-010	4.364313e-004
5.659600911721825e-010	3.055016e-004
5.677737072436110e-010	1.743991e-004
5.695873233150396e-010	4.312372e-005
5.714009393864680e-010	-8.832445e-005
5.732145554578965e-010	-2.199455e-004
5.750281715293251e-010	-3.517393e-004
5.768417876007536e-010	-4.837060e-004
5.796319661721821e-010	-6.476557e-004
5.824221447436106e-010	-7.602582e-004
5.852123233150391e-010	-8.215136e-004
5.880025018864675e-010	-8.314217e-004
5.907926804578960e-010	-7.899827e-004
5.935828590293245e-010	-6.971965e-004
5.963730376007530e-010	-5.530631e-004
5.986051804578958e-010	-4.216992e-004
6.008373233150386e-010	-2.987996e-004
6.030694661721814e-010	-1.843644e-004
6.053016090293241e-010	-7.839344e-005
6.075337518864669e-010	1.911316e-005
6.097658947436098e-010	1.081554e-004
6.119980376007525e-010	1.887334e-004
6.147882161721810e-010	2.705988e-004
6.175783947436095e-010	3.432323e-004
6.203685733150380e-010	4.066341e-004
6.231587518864664e-010	4.608040e-004
6.259489304578949e-010	5.057422e-004
6.287391090293234e-010	5.414485e-004
6.315292876007519e-010	5.679230e-004
6.337614304578947e-010	5.567647e-004
6.359935733150375e-010	5.294253e-004
6.382257161721803e-010	4.859047e-004
6.404578590293231e-010	4.262030e-004
6.426900018864658e-010	3.503202e-004
6.449221447436087e-010	2.582563e-004
6.471542876007514e-010	1.500112e-004
6.493864304578942e-010	3.936819e-005
6.516185733150371e-010	-5.890753e-005
6.538507161721798e-010	-1.448160e-004
6.560828590293226e-010	-2.183571e-004
6.583150018864653e-010	-2.795310e-004
6.605471447436082e-010	-3.283375e-004
6.627792876007510e-010	-3.647768e-004
6.650114304578937e-010	-3.680963e-004
6.672435733150366e-010	-3.550837e-004
6.694757161721793e-010	-3.257390e-004
6.717078590293221e-010	-2.800622e-004
6.739400018864649e-010	-2.180533e-004
6.761721447436077e-010	-1.397123e-004
6.784042876007505e-010	-4.503929e-005
6.821710286721789e-010	1.105425e-004
6.859377697436074e-010	2.371202e-004
6.897045108150359e-010	3.346939e-004
6.934712518864643e-010	4.032634e-004
6.972379929578927e-010	4.428288e-004
7.010047340293212e-010	4.533901e-004
7.047714751007497e-010	4.349473e-004
7.083987072436067e-010	4.205361e-004
7.120259393864637e-010	3.893874e-004
7.156531715293207e-010	3.415010e-004
7.192804036721778e-010	2.768769e-004
7.229076358150349e-010	1.955152e-004
7.265348679578918e-010	9.741586e-005
7.301621001007489e-010	-1.742115e-005
7.337893322436059e-010	-1.086213e-004
7.374165643864629e-010	-1.692734e-004
7.410437965293200e-010	-1.993773e-004
7.446710286721770e-010	-1.989330e-004
7.482982608150341e-010	-1.679406e-004
7.519254929578910e-010	-1.064001e-004
7.555527251007481e-010	-1.431144e-005
7.583429036721766e-010	6.568894e-005
7.611330822436051e-010	1.357620e-004
7.639232608150336e-010	1.959076e-004
7.667134393864620e-010	2.461259e-004
7.695036179578905e-010	2.864168e-004
7.722937965293190e-010	3.167804e-004
7.750839751007475e-010	3.372166e-004
7.801062965293188e-010	3.186110e-004
7.851286179578900e-010	2.879194e-004
7.901509393864613e-010	2.451420e-004
7.951732608150326e-010	1.902786e-004
8.001955822436039e-010	1.233293e-004
8.052179036721752e-010	4.429412e-005
8.102402251007464e-010	-4.682699e-005
8.138674572436035e-010	-9.486694e-005
8.174946893864604e-010	-1.233847e-004
8.211219215293175e-010	-1.323803e-004
8.247491536721746e-010	-1.218537e-004
8.283763858150316e-010	-9.180496e-005
8.320036179578886e-010	-4.223401e-005
8.356308501007456e-010	2.685911e-005
8.406531715293169e-010	1.125637e-004
8.456754929578882e-010	1.758563e-004
8.506978143864594e-010	2.167369e-004
8.557201358150308e-010	2.352056e-004
8.607424572436020e-010	2.312622e-004
8.657647786721733e-010	2.049069e-004
8.707871001007446e-010	1.561395e-004
8.745538411721730e-010	1.191186e-004
8.783205822436015e-010	8.340959e-005
8.820873233150300e-010	4.901263e-005
8.858540643864583e-010	1.592770e-005
8.896208054578868e-010	-1.584522e-005
8.933875465293153e-010	-4.630613e-005
8.971542876007437e-010	-7.545502e-005
9.003629929578865e-010	-7.379636e-005
9.035716983150293e-010	-6.530339e-005
9.067804036721720e-010	-4.997608e-005
9.099891090293148e-010	-2.781446e-005
9.131978143864576e-010	1.181493e-006
9.164065197436003e-010	3.701177e-005
9.196152251007431e-010	7.967636e-005
9.251955822436005e-010	1.226861e-004
9.307759393864578e-010	1.512205e-004
9.363562965293153e-010	1.652796e-004
9.419366536721725e-010	1.648635e-004
9.475170108150299e-010	1.499721e-004
9.530973679578873e-010	1.206054e-004
9.586777251007448e-010	7.676351e-005
9.684433501007455e-010	8.968562e-006
9.727681268864600e-010	-1.880085e-005
9.770929036721747e-010	-3.536191e-005
9.814176804578893e-010	-4.071459e-005
9.857424572436040e-010	-3.485891e-005
9.900672340293185e-010	-1.779487e-005
9.943920108150332e-010	1.047754e-005
9.987167876007478e-010	4.995831e-005
9.996933501007478e-010	5.697370e-005
1.000000000000000e-009	5.912950e-005
