time	V(n_3p)
0.000000000000000e+000	0.000000e+000
4.807419073327425e-011	-2.915458e-006
9.614838146654849e-011	-4.051924e-006
1.442225721998228e-010	-3.409398e-006
1.922967629330970e-010	-9.878786e-007
2.403709536663712e-010	3.212633e-006
2.884451443996455e-010	9.192137e-006
3.365193351329196e-010	1.695063e-005
3.511916269741777e-010	2.053354e-005
3.658639188154358e-010	1.934790e-005
3.805362106566938e-010	1.339371e-005
3.952085024979518e-010	2.670979e-006
4.098807943392099e-010	-1.282030e-005
4.245530861804679e-010	-3.308013e-005
4.392253780217260e-010	-5.810851e-005
4.497483372849567e-010	-5.804942e-005
4.602712965481874e-010	-5.697220e-005
4.707942558114181e-010	-5.487685e-005
4.813172150746488e-010	-5.176337e-005
4.918401743378795e-010	-4.763176e-005
5.023631336011102e-010	-4.248201e-005
5.128860928643409e-010	-3.631414e-005
5.151267504589266e-010	-4.482464e-005
5.173674080535123e-010	-4.924166e-005
5.196080656480980e-010	-4.956521e-005
5.218487232426836e-010	-4.579529e-005
5.240893808372692e-010	-3.793188e-005
5.263300384318549e-010	-2.597500e-005
5.285706960264406e-010	-9.924643e-006
5.311681456687438e-010	4.982765e-005
5.336832200961339e-010	1.579006e-004
5.349919770394149e-010	2.423419e-004
5.361686906661939e-010	3.396193e-004
5.374623802951357e-010	4.749730e-004
5.386799822508845e-010	6.346451e-004
5.400675350003539e-010	8.624176e-004
5.414835179079009e-010	1.154477e-003
5.428145556908714e-010	1.493717e-003
5.441737295333435e-010	1.915829e-003
5.454179725148436e-010	2.379100e-003
5.466576373894041e-010	2.923735e-003
5.479850301545706e-010	3.610404e-003
5.493358663300670e-010	4.431913e-003
5.506578599902986e-010	5.368842e-003
5.519457971102149e-010	6.420638e-003
5.531831612096041e-010	7.571538e-003
5.546088487625682e-010	9.082193e-003
5.560095543011012e-010	1.077235e-002
5.573580779122393e-010	1.260476e-002
5.586459397528486e-010	1.455258e-002
5.599001102160974e-010	1.664299e-002
5.612174908124066e-010	1.905127e-002
5.625104561994981e-010	2.163181e-002
5.639105718285927e-010	2.467265e-002
5.651707027922541e-010	2.763031e-002
5.664716765153396e-010	3.090331e-002
5.676908071742801e-010	3.417114e-002
5.690236765894421e-010	3.796230e-002
5.703943948146676e-010	4.209303e-002
5.716973130935661e-010	4.622991e-002
5.730376736818677e-010	5.069000e-002
5.755846596385977e-010	5.969453e-002
5.795081801123625e-010	7.472675e-002
5.809943044340102e-010	8.078371e-002
5.824804287556579e-010	8.689817e-002
5.839665530773056e-010	9.307013e-002
5.854526773989532e-010	9.929959e-002
5.869388017206009e-010	1.055866e-001
5.884249260422487e-010	1.119310e-001
5.899110503638963e-010	1.183330e-001
5.939213824152717e-010	1.351455e-001
5.978574108486643e-010	1.508435e-001
6.004437774656325e-010	1.605797e-001
6.030301440826005e-010	1.695380e-001
6.056165106995687e-010	1.777184e-001
6.082028773165367e-010	1.851208e-001
6.107892439335048e-010	1.917453e-001
6.133756105504729e-010	1.975919e-001
6.159619771674410e-010	2.026606e-001
6.191301416230578e-010	2.075333e-001
6.222983060786746e-010	2.122402e-001
6.254664705342914e-010	2.167812e-001
6.286346349899082e-010	2.211562e-001
6.318027994455250e-010	2.253654e-001
6.349709639011417e-010	2.294086e-001
6.381391283567586e-010	2.332859e-001
6.406924077258855e-010	2.370186e-001
6.432456870950124e-010	2.400131e-001
6.457989664641393e-010	2.422694e-001
6.483522458332663e-010	2.437876e-001
6.509055252023932e-010	2.445676e-001
6.534588045715201e-010	2.446095e-001
6.560120839406470e-010	2.439132e-001
6.598661442948347e-010	2.398138e-001
6.639283835996826e-010	2.323795e-001
6.677562123584201e-010	2.226599e-001
6.717644783184156e-010	2.100631e-001
6.756078954258359e-010	1.960994e-001
6.773069313894403e-010	1.893725e-001
6.790059673530445e-010	1.824719e-001
6.807050033166489e-010	1.753977e-001
6.824040392802531e-010	1.681497e-001
6.841030752438575e-010	1.607281e-001
6.858021112074617e-010	1.531328e-001
6.875011471710661e-010	1.453639e-001
6.913657858276281e-010	1.277183e-001
6.939615156185611e-010	1.159672e-001
6.967035979711853e-010	1.038935e-001
6.995129894759866e-010	9.215232e-002
7.021752685061996e-010	8.186903e-002
7.048048208857021e-010	7.274216e-002
7.063121025177523e-010	6.804293e-002
7.077035464606583e-010	6.407622e-002
7.090420452475163e-010	6.060966e-002
7.103792972745901e-010	5.749437e-002
7.116487190506261e-010	5.485918e-002
7.130106871266650e-010	5.237493e-002
7.142942856449232e-010	5.034837e-002
7.155567951740046e-010	4.863834e-002
7.181551181243213e-010	4.592030e-002
7.209754311116613e-010	4.398449e-002
7.237313767013230e-010	4.282161e-002
7.262391232981837e-010	4.212861e-002
7.289242508099628e-010	4.151717e-002
7.315558280802421e-010	4.084391e-002
7.353914954458853e-010	3.944954e-002
7.393170892689052e-010	3.737683e-002
7.432228318706252e-010	3.478904e-002
7.458914672535460e-010	3.287945e-002
7.484114567607817e-010	3.109405e-002
7.511817716551593e-010	2.926128e-002
7.550147115270873e-010	2.709938e-002
7.591494735045989e-010	2.533891e-002
7.618856450372205e-010	2.447072e-002
7.644271216321654e-010	2.382687e-002
7.658940112102848e-010	2.350845e-002
7.672263227384929e-010	2.324522e-002
7.684563778949310e-010	2.302016e-002
7.697469986869223e-010	2.279989e-002
7.712213567085549e-010	2.256681e-002
7.740412593706454e-010	2.218126e-002
7.779445085192815e-010	2.184085e-002
7.820354861082663e-010	2.190081e-002
7.845667388458399e-010	2.225015e-002
7.873830486865210e-010	2.297836e-002
7.899831794687592e-010	2.397868e-002
7.942123022093998e-010	2.617763e-002
7.955600692369323e-010	2.703444e-002
7.969078362644648e-010	2.785370e-002
7.982556032919972e-010	2.863540e-002
7.996033703195297e-010	2.937956e-002
8.009511373470621e-010	3.008617e-002
8.022989043745946e-010	3.075523e-002
8.036466714021270e-010	3.138674e-002
8.062138180486371e-010	3.212773e-002
8.075969637980530e-010	3.229901e-002
8.090907566581746e-010	3.227992e-002
8.105688018890264e-010	3.203871e-002
8.118248603416419e-010	3.165358e-002
8.131970131085570e-010	3.104184e-002
8.146571692560407e-010	3.017555e-002
8.161299017343359e-010	2.908673e-002
8.188635810950774e-010	2.655108e-002
8.216441479479637e-010	2.342220e-002
8.246032963886361e-010	1.970975e-002
8.272562828002007e-010	1.625720e-002
8.299256033068065e-010	1.285605e-002
8.314380439799505e-010	1.102145e-002
8.327359415342070e-010	9.521855e-003
8.339938565095405e-010	8.145659e-003
8.353515579191884e-010	6.754148e-003
8.369381108934411e-010	5.258922e-003
8.383664226709589e-010	4.036391e-003
8.396574595703894e-010	3.031790e-003
8.409244412801874e-010	2.136117e-003
8.422991476999225e-010	1.260679e-003
8.438429581961782e-010	3.892384e-004
8.453139527641865e-010	-3.400474e-004
8.466700310670904e-010	-9.331431e-004
8.479099201893124e-010	-1.415144e-003
8.493315322922876e-010	-1.903737e-003
8.507759691163926e-010	-2.336188e-003
8.523348880697073e-010	-2.736503e-003
8.539490300715234e-010	-3.082804e-003
8.552620183660866e-010	-3.315049e-003
8.566939832798069e-010	-3.518134e-003
8.581848501158722e-010	-3.673017e-003
8.597245973815770e-010	-3.770547e-003
8.611187033734162e-010	-3.802234e-003
8.623852338667720e-010	-3.782949e-003
8.638205263983333e-010	-3.704697e-003
8.653081682903537e-010	-3.560242e-003
8.668709418295690e-010	-3.340597e-003
8.685047214808638e-010	-3.040837e-003
8.698521152025189e-010	-2.744514e-003
8.712897117000833e-010	-2.386528e-003
8.743564853765446e-010	-1.520428e-003
8.785067495353436e-010	-2.916113e-004
8.799416920613148e-010	9.937976e-005
8.815665365372494e-010	4.962981e-004
8.829282934388570e-010	7.812118e-004
8.842285098856729e-010	1.004842e-003
8.856689144487528e-010	1.190922e-003
8.871881914656563e-010	1.312146e-003
8.887739423320224e-010	1.354157e-003
8.901487041538704e-010	1.321506e-003
8.914679939713788e-010	1.232879e-003
8.929153484527228e-010	1.077024e-003
8.945183620177844e-010	8.432320e-004
8.960711984217719e-010	5.686491e-004
9.016888021937725e-010	-5.625148e-004
9.033039176433420e-010	-8.467857e-004
9.046995095537748e-010	-1.051068e-003
9.060355800086677e-010	-1.200442e-003
9.074944008976003e-010	-1.302818e-003
9.090012467422165e-010	-1.334548e-003
9.106592576017622e-010	-1.276668e-003
9.120710429452870e-010	-1.149142e-003
9.134150637108988e-010	-9.621193e-004
9.148771837239250e-010	-6.903600e-004
9.164810036221217e-010	-3.192362e-004
9.181078829724046e-010	1.219793e-004
9.208695707544778e-010	9.713552e-004
9.240156314395088e-010	1.978762e-003
9.256325950805948e-010	2.464659e-003
9.270021606313673e-010	2.839640e-003
9.283579281285342e-010	3.166157e-003
9.298225793446715e-010	3.458634e-003
9.314836459042174e-010	3.704313e-003
9.332598340151885e-010	3.858121e-003
9.346714576264010e-010	3.898270e-003
9.360438777707889e-010	3.869390e-003
9.375072418184866e-010	3.770086e-003
9.392430835660278e-010	3.572606e-003
9.420341337429095e-010	3.118579e-003
9.450509474600524e-010	2.538893e-003
9.467155838146732e-010	2.225571e-003
9.483439133428421e-010	1.948157e-003
9.498407931891338e-010	1.732229e-003
9.513099008095402e-010	1.566421e-003
9.530705486702247e-010	1.436109e-003
9.546757586711867e-010	1.385065e-003
9.560822043019581e-010	1.392184e-003
9.574825523221279e-010	1.442950e-003
9.589771210667335e-010	1.537414e-003
9.623509100870906e-010	1.844526e-003
9.654197576340264e-010	2.132318e-003
9.669572780722027e-010	2.240578e-003
9.686179779716729e-010	2.310623e-003
9.701119192780789e-010	2.322376e-003
9.715384121102696e-010	2.282397e-003
9.730654522804022e-010	2.181522e-003
9.746883270901789e-010	2.009649e-003
9.763399430863212e-010	1.772014e-003
9.777502004379962e-010	1.526294e-003
9.806891323466600e-010	9.286042e-004
9.839647517462056e-010	2.241985e-004
9.854074008134387e-010	-6.588278e-005
9.869905700859265e-010	-3.526855e-004
9.884533771621625e-010	-5.800127e-004
9.901425491537198e-010	-7.900462e-004
9.916827566719150e-010	-9.297311e-004
9.931417894195422e-010	-1.017077e-003
9.947132228451157e-010	-1.066584e-003
9.962861754994795e-010	-1.077458e-003
9.995559158802537e-010	-1.024124e-003
1.002646398507769e-009	-9.646954e-004
1.004292974347597e-009	-9.632516e-004
1.005918815904486e-009	-9.970360e-004
1.007574488957776e-009	-1.075104e-003
1.009089857718105e-009	-1.188388e-003
1.010679898895812e-009	-1.349842e-003
1.012309107695137e-009	-1.556134e-003
1.015536180826969e-009	-2.051917e-003
1.018740049005232e-009	-2.576103e-003
1.021776236809646e-009	-3.000026e-003
1.023398322843983e-009	-3.165517e-003
1.025163260410361e-009	-3.281538e-003
1.026995033414147e-009	-3.322769e-003
1.028656185062614e-009	-3.287217e-003
1.030267668806122e-009	-3.187690e-003
1.031815741987693e-009	-3.036353e-003
1.033471110404231e-009	-2.822557e-003
1.036568184787705e-009	-2.318992e-003
1.038218583891385e-009	-2.021960e-003
1.039753594333495e-009	-1.744483e-003
1.041502111172826e-009	-1.442494e-003
1.043127343662025e-009	-1.187607e-003
1.044776076098009e-009	-9.653590e-004
1.046327980829413e-009	-7.965860e-004
1.048004439323973e-009	-6.631604e-004
1.049560067933279e-009	-5.861999e-004
1.051072804869770e-009	-5.534568e-004
1.052714358390771e-009	-5.607506e-004
1.054549886665759e-009	-6.131054e-004
1.057760040722008e-009	-7.790819e-004
1.060993976049720e-009	-9.686162e-004
1.062668280852883e-009	-1.046711e-003
1.064142297779947e-009	-1.092790e-003
1.065674494406916e-009	-1.111074e-003
1.067311652461714e-009	-1.091403e-003
1.068924885414809e-009	-1.028527e-003
1.070620544636407e-009	-9.141719e-004
1.072262734988424e-009	-7.572250e-004
1.073928063927283e-009	-5.552148e-004
1.075525656194784e-009	-3.262563e-004
1.077378310442822e-009	-2.726977e-005
1.084293095920627e-009	1.186221e-003
1.085942889601632e-009	1.445123e-003
1.087505254312505e-009	1.663658e-003
1.089195428946898e-009	1.865126e-003
1.090829703352954e-009	2.021883e-003
1.092518915562693e-009	2.142966e-003
1.094118289024343e-009	2.219762e-003
1.095791696692978e-009	2.263254e-003
1.099132385748748e-009	2.255749e-003
1.100804977935662e-009	2.203462e-003
1.102477570122577e-009	2.151415e-003
1.104150162309491e-009	2.099609e-003
1.105822754496405e-009	2.048044e-003
1.107495346683319e-009	1.996719e-003
1.109167938870233e-009	1.945635e-003
1.110840531057148e-009	1.894792e-003
1.112542536971462e-009	1.873684e-003
1.114244542885776e-009	1.854000e-003
1.115946548800090e-009	1.835738e-003
1.117648554714405e-009	1.818899e-003
1.119350560628719e-009	1.803483e-003
1.121052566543033e-009	1.789490e-003
1.122754572457348e-009	1.776919e-003
1.128027229414003e-009	1.630664e-003
1.133204223689865e-009	1.392173e-003
1.136654111418514e-009	1.238176e-003
1.140073781554498e-009	1.145602e-003
1.141806671026353e-009	1.134580e-003
1.143554368381364e-009	1.152103e-003
1.145220057105375e-009	1.196186e-003
1.148584045489052e-009	1.359071e-003
1.152064597686907e-009	1.598492e-003
1.155356588545392e-009	1.837417e-003
1.157009463265938e-009	1.943466e-003
1.158713414755354e-009	2.033734e-003
1.160573582748249e-009	2.103528e-003
1.162269022301587e-009	2.136915e-003
1.164126108627193e-009	2.138099e-003
1.167556294649361e-009	2.046395e-003
1.171132756452948e-009	1.847919e-003
1.176263320169852e-009	1.485526e-003
1.179782959459886e-009	1.259383e-003
1.183522979739727e-009	1.084066e-003
1.186901910975566e-009	9.916293e-004
1.192198974963633e-009	9.455332e-004
1.197225523798579e-009	9.650979e-004
1.202537204549184e-009	1.038820e-003
1.205906213336153e-009	1.135735e-003
1.207659979340602e-009	1.209108e-003
1.209550610554579e-009	1.308557e-003
1.211334653312854e-009	1.422322e-003
1.212967209607498e-009	1.542606e-003
1.214714112642567e-009	1.686045e-003
1.216685085777344e-009	1.861077e-003
1.222078759823713e-009	2.345322e-003
1.223860037890271e-009	2.481184e-003
1.225658837148911e-009	2.593596e-003
1.227542682484580e-009	2.677767e-003
1.229405318261101e-009	2.722187e-003
1.231113876404120e-009	2.726530e-003
1.232952138515960e-009	2.691992e-003
1.234618909581404e-009	2.627198e-003
1.236640821290089e-009	2.511034e-003
1.238464342516790e-009	2.377343e-003
1.240422050703454e-009	2.212788e-003
1.245813100809954e-009	1.736229e-003
1.247803488595111e-009	1.585738e-003
1.249629260413755e-009	1.473395e-003
1.251298642941364e-009	1.397469e-003
1.253143875490543e-009	1.347505e-003
1.254900750408103e-009	1.335310e-003
1.256882652825367e-009	1.363758e-003
1.258750518054622e-009	1.430264e-003
1.260625310060283e-009	1.532505e-003
1.262371016634958e-009	1.655367e-003
1.264379031403042e-009	1.822270e-003
1.266273590523677e-009	1.996549e-003
1.271907416092485e-009	2.511802e-003
1.273946590565281e-009	2.657077e-003
1.275996682034333e-009	2.759621e-003
1.277937947013680e-009	2.805741e-003
1.279792288644621e-009	2.795588e-003
1.281589241314125e-009	2.730185e-003
1.283446641110179e-009	2.602446e-003
1.285452610228227e-009	2.396129e-003
1.287414561897817e-009	2.129510e-003
1.289147645335586e-009	1.846474e-003
1.291046100712879e-009	1.494770e-003
1.294940856988296e-009	6.896563e-004
1.296868171563128e-009	2.804893e-004
1.298790636553426e-009	-1.135419e-004
1.300583945330141e-009	-4.555582e-004
1.302695637693756e-009	-8.120950e-004
1.304765523083523e-009	-1.102159e-003
1.306803375343800e-009	-1.323478e-003
1.308646467767468e-009	-1.467400e-003
1.310537574103379e-009	-1.562382e-003
1.312410920906623e-009	-1.610141e-003
1.314511163417097e-009	-1.620659e-003
1.316461523183223e-009	-1.602826e-003
1.320367315699560e-009	-1.545781e-003
1.322376367360678e-009	-1.534075e-003
1.324442186129396e-009	-1.551563e-003
1.326408306894592e-009	-1.604027e-003
1.328298688239128e-009	-1.691185e-003
1.330384508521580e-009	-1.828865e-003
1.332460734021370e-009	-2.004494e-003
1.334356628095187e-009	-2.191271e-003
1.336162793802566e-009	-2.384223e-003
1.338111086373914e-009	-2.598138e-003
1.341917132718492e-009	-2.990499e-003
1.344030556064315e-009	-3.170006e-003
1.346037680764538e-009	-3.302871e-003
1.347952582181516e-009	-3.389844e-003
1.349903348022974e-009	-3.435754e-003
1.351964241799164e-009	-3.437476e-003
1.355877257882461e-009	-3.319967e-003
1.359931810585804e-009	-3.067712e-003
1.364105216437434e-009	-2.721068e-003
1.368321829931734e-009	-2.317568e-003
1.372189294205923e-009	-1.902029e-003
1.375986704943657e-009	-1.426238e-003
1.378175768233379e-009	-1.106654e-003
1.380262409354129e-009	-7.634450e-004
1.382124618401303e-009	-4.218806e-004
1.384164055938144e-009	-8.254312e-006
1.386006053210006e-009	3.996077e-004
1.388066197688179e-009	8.893285e-004
1.394067340314815e-009	2.419101e-003
1.396011477150904e-009	2.901968e-003
1.398114762057830e-009	3.387088e-003
1.400011211771017e-009	3.775809e-003
1.401870659021891e-009	4.098799e-003
1.403857305600163e-009	4.368830e-003
1.405855578583543e-009	4.554288e-003
1.407880340469545e-009	4.650614e-003
1.409816802804498e-009	4.658381e-003
1.411696796175949e-009	4.593521e-003
1.413712301845284e-009	4.457077e-003
1.417989975842398e-009	4.020260e-003
1.420232432386355e-009	3.766381e-003
1.422347246492208e-009	3.547332e-003
1.424286233478214e-009	3.384682e-003
1.426349592291962e-009	3.269793e-003
1.428551473312365e-009	3.227770e-003
1.430480868803397e-009	3.265971e-003
1.432608935651590e-009	3.390209e-003
1.434536266731754e-009	3.572289e-003
1.436823433575187e-009	3.860476e-003
1.438977756805574e-009	4.185739e-003
1.443126084434605e-009	4.875949e-003
1.447499753461828e-009	5.539968e-003
1.449681540633693e-009	5.794636e-003
1.451750182383783e-009	5.970151e-003
1.453879116619308e-009	6.075193e-003
1.456230353033566e-009	6.098064e-003
1.458474786129201e-009	6.030263e-003
1.460615450989933e-009	5.889931e-003
1.462960542988621e-009	5.662585e-003
1.465237587750222e-009	5.381779e-003
1.467592672410336e-009	5.045762e-003
1.473999185323334e-009	4.030055e-003
1.476356054644804e-009	3.662618e-003
1.478621163389741e-009	3.328632e-003
1.480786423943194e-009	3.032191e-003
1.482920264369548e-009	2.764086e-003
1.485201585992174e-009	2.503254e-003
1.487506637209545e-009	2.263220e-003
1.489645866406854e-009	2.056127e-003
1.491817570726697e-009	1.853926e-003
1.494028333164721e-009	1.647550e-003
1.498680115811940e-009	1.168041e-003
1.501135550332127e-009	8.671334e-004
1.503480879529079e-009	5.369047e-004
1.505858833578608e-009	1.538682e-004
1.508082111789195e-009	-2.496231e-004
1.510275769152159e-009	-6.888003e-004
1.512552010678132e-009	-1.182187e-003
1.514972013847478e-009	-1.739013e-003
1.517266824427960e-009	-2.285878e-003
1.521663944949330e-009	-3.334429e-003
1.526359114676742e-009	-4.360564e-003
1.528568061858520e-009	-4.780722e-003
1.530838013508589e-009	-5.158926e-003
1.533315143901447e-009	-5.503693e-003
1.535589699132203e-009	-5.755595e-003
1.538037885596684e-009	-5.958674e-003
1.540454995465405e-009	-6.094366e-003
1.542897147064181e-009	-6.173456e-003
1.545224835240669e-009	-6.203202e-003
1.549840737253352e-009	-6.169260e-003
1.551512584842095e-009	-6.128817e-003
1.553184432430838e-009	-6.095391e-003
1.554856280019580e-009	-6.068982e-003
1.556528127608323e-009	-6.049589e-003
1.558199975197066e-009	-6.037212e-003
1.559871822785809e-009	-6.031852e-003
1.561543670374551e-009	-6.033509e-003
1.563852383928796e-009	-6.085274e-003
1.566226872216712e-009	-6.190782e-003
1.568563365873361e-009	-6.355061e-003
1.571047495840052e-009	-6.602730e-003
1.573342002623473e-009	-6.901347e-003
1.575741581712617e-009	-7.283825e-003
1.578143374589097e-009	-7.731006e-003
1.580417593053832e-009	-8.201157e-003
1.582844527844693e-009	-8.732122e-003
1.585245182515361e-009	-9.260228e-003
1.587710186219427e-009	-9.771002e-003
1.590228954405993e-009	-1.021988e-002
1.592547495701158e-009	-1.053211e-002
1.594944669092079e-009	-1.071804e-002
1.597489194535299e-009	-1.072995e-002
1.599986345805494e-009	-1.053073e-002
1.602326681741420e-009	-1.014085e-002
1.604712794007289e-009	-9.538316e-003
1.607225257410252e-009	-8.689609e-003
1.609761783986596e-009	-7.631917e-003
1.612094353139461e-009	-6.509382e-003
1.614521133153338e-009	-5.226146e-003
1.619576874660194e-009	-2.358856e-003
1.621936697358089e-009	-1.017808e-003
1.624356421556897e-009	3.041416e-004
1.626932933151390e-009	1.613885e-003
1.629437339740217e-009	2.759419e-003
1.631819783052082e-009	3.711653e-003
1.634262419677422e-009	4.536200e-003
1.636916882530915e-009	5.253535e-003
1.639352354865504e-009	5.751926e-003
1.641782542080574e-009	6.108120e-003
1.644199611044395e-009	6.339507e-003
1.646805477742470e-009	6.477120e-003
1.651716729491114e-009	6.531280e-003
1.654191331600262e-009	6.516892e-003
1.656582168700939e-009	6.512476e-003
1.658910747030184e-009	6.539355e-003
1.661385758181406e-009	6.621269e-003
1.663835704312022e-009	6.770001e-003
1.666450605731960e-009	7.010316e-003
1.668963617999089e-009	7.318832e-003
1.671427862043932e-009	7.685045e-003
1.673959389255503e-009	8.108279e-003
1.676392063202195e-009	8.536524e-003
1.679008320885386e-009	8.988828e-003
1.681386567687333e-009	9.363868e-003
1.684037981782327e-009	9.706800e-003
1.686543599362714e-009	9.930191e-003
1.689157974813699e-009	1.003437e-002
1.691583284182465e-009	9.999856e-003
1.694276867568523e-009	9.808572e-003
1.696980629667576e-009	9.462393e-003
1.699454130997870e-009	9.027521e-003
1.702007553163432e-009	8.487720e-003
1.704676995545339e-009	7.862578e-003
1.707274736113951e-009	7.236685e-003
1.709786646663706e-009	6.656141e-003
1.712342605491493e-009	6.129357e-003
1.714979824012079e-009	5.688484e-003
1.717571210243598e-009	5.382502e-003
1.720054751975792e-009	5.221246e-003
1.722778303233871e-009	5.195141e-003
1.725437575535260e-009	5.311105e-003
1.728019669450017e-009	5.536327e-003
1.730527644472889e-009	5.833951e-003
1.735826280791820e-009	6.574136e-003
1.740907851661965e-009	7.199660e-003
1.743630628263286e-009	7.421899e-003
1.746304538109899e-009	7.535124e-003
1.748839970127210e-009	7.536053e-003
1.751475128463768e-009	7.424768e-003
1.754013496942905e-009	7.214013e-003
1.756749982745323e-009	6.885455e-003
1.759229915502348e-009	6.512108e-003
1.764705936582369e-009	5.529386e-003
1.769983126508238e-009	4.549166e-003
1.772883854932831e-009	4.072698e-003
1.775573583338837e-009	3.703270e-003
1.778267780025560e-009	3.422091e-003
1.780981290041243e-009	3.240624e-003
1.783806502101078e-009	3.164413e-003
1.786491270765537e-009	3.193992e-003
1.789229175767974e-009	3.312843e-003
1.792012179228919e-009	3.502827e-003
1.794941866728919e-009	3.744544e-003
1.800531041038730e-009	4.174441e-003
1.803264990092053e-009	4.293703e-003
1.806117793718347e-009	4.304224e-003
1.808848041156390e-009	4.176175e-003
1.811761391927920e-009	3.865673e-003
1.814581139193312e-009	3.380316e-003
1.817397603721660e-009	2.710862e-003
1.820213512894754e-009	1.865790e-003
1.823142740748534e-009	8.228185e-004
1.825872785276717e-009	-2.689049e-004
1.828802472776717e-009	-1.522827e-003
1.834491526251373e-009	-3.989874e-003
1.837268672333815e-009	-5.099233e-003
1.840198359833815e-009	-6.126920e-003
1.843084150228374e-009	-6.950766e-003
1.845870297464728e-009	-7.538188e-003
1.848799984964728e-009	-7.920002e-003
1.851631425937601e-009	-8.061990e-003
1.854471123777740e-009	-7.999710e-003
1.857328127251772e-009	-7.764112e-003
1.860257814751772e-009	-7.389058e-003
1.863121151512103e-009	-6.942455e-003
1.865967271373346e-009	-6.469963e-003
1.868896958873346e-009	-6.000429e-003
1.871771656370166e-009	-5.592500e-003
1.874632204130385e-009	-5.263077e-003
1.877561891630385e-009	-5.017356e-003
1.880491579130385e-009	-4.864996e-003
1.883362493969944e-009	-4.797205e-003
1.886292181469944e-009	-4.794514e-003
1.888384815398515e-009	-4.840747e-003
1.890477449327086e-009	-4.883070e-003
1.892570083255658e-009	-4.921485e-003
1.894662717184229e-009	-4.955991e-003
1.896755351112800e-009	-4.986588e-003
1.898847985041371e-009	-5.013277e-003
1.900940618969943e-009	-5.036056e-003
1.903855858078024e-009	-5.002668e-003
1.906785545578024e-009	-4.913207e-003
1.909715233078023e-009	-4.764007e-003
1.912644920578023e-009	-4.556129e-003
1.915574608078023e-009	-4.295490e-003
1.921433983078023e-009	-3.662532e-003
1.927293358078022e-009	-2.993404e-003
1.930223045578022e-009	-2.693495e-003
1.933152733078022e-009	-2.440489e-003
1.936082420578022e-009	-2.247688e-003
1.939012108078021e-009	-2.122880e-003
1.941941795578021e-009	-2.067423e-003
1.944871483078021e-009	-2.076069e-003
1.947801170578021e-009	-2.137542e-003
1.950730858078021e-009	-2.235817e-003
1.953660545578021e-009	-2.351925e-003
1.956590233078020e-009	-2.466062e-003
1.959519920578020e-009	-2.559736e-003
1.962449608078020e-009	-2.617674e-003
1.965379295578020e-009	-2.629244e-003
1.968308983078020e-009	-2.589217e-003
1.971238670578019e-009	-2.497780e-003
1.974168358078019e-009	-2.359831e-003
1.980027733078019e-009	-1.979642e-003
1.985887108078018e-009	-1.528434e-003
1.988816795578018e-009	-1.298163e-003
1.991746483078018e-009	-1.072498e-003
1.994676170578018e-009	-8.546436e-004
1.997605858078018e-009	-6.463351e-004
2.000535545578017e-009	-4.484984e-004
2.003465233078017e-009	-2.617798e-004
2.006394920578017e-009	-8.677728e-005
2.009324608078017e-009	7.608162e-005
2.015183983078016e-009	3.670421e-004
2.021043358078016e-009	6.272931e-004
2.023973045578016e-009	7.570393e-004
2.026902733078016e-009	8.939325e-004
2.029832420578015e-009	1.042642e-003
2.032762108078015e-009	1.205612e-003
2.035691795578015e-009	1.382009e-003
2.044480858078015e-009	1.928420e-003
2.047410545578014e-009	2.081835e-003
2.050340233078014e-009	2.202526e-003
2.053269920578014e-009	2.282982e-003
2.056199608078014e-009	2.320456e-003
2.059129295578014e-009	2.317796e-003
2.067918358078013e-009	2.171087e-003
2.070848045578013e-009	2.123037e-003
2.073777733078013e-009	2.097627e-003
2.076707420578012e-009	2.102913e-003
2.079637108078012e-009	2.141551e-003
2.082566795578012e-009	2.210644e-003
2.085496483078012e-009	2.302465e-003
2.088426170578012e-009	2.405862e-003
2.094285545578011e-009	2.596257e-003
2.097215233078011e-009	2.659459e-003
2.100144920578011e-009	2.689154e-003
2.103074608078011e-009	2.679960e-003
2.106004295578010e-009	2.629573e-003
2.108933983078010e-009	2.538402e-003
2.111863670578010e-009	2.409003e-003
2.117723045578010e-009	2.053047e-003
2.120652733078009e-009	1.837533e-003
2.123582420578009e-009	1.605312e-003
2.126512108078009e-009	1.363132e-003
2.129441795578009e-009	1.118064e-003
2.135301170578009e-009	6.485195e-004
2.138230858078008e-009	4.385084e-004
2.141160545578008e-009	2.538364e-004
2.144090233078008e-009	9.981314e-005
2.147019920578008e-009	-1.994309e-005
2.149949608078008e-009	-1.040216e-004
2.152879295578007e-009	-1.536345e-004
2.155808983078007e-009	-1.728528e-004
2.167527733078006e-009	-1.171533e-004
2.170457420578006e-009	-1.259426e-004
2.173387108078006e-009	-1.650353e-004
2.176316795578006e-009	-2.406215e-004
2.179246483078006e-009	-3.543603e-004
2.182176170578005e-009	-5.027138e-004
2.185105858078005e-009	-6.769491e-004
2.190965233078005e-009	-1.047447e-003
2.193894920578005e-009	-1.210562e-003
2.196824608078004e-009	-1.337608e-003
2.199754295578004e-009	-1.416554e-003
2.202683983078004e-009	-1.440747e-003
2.205613670578004e-009	-1.409930e-003
2.208543358078004e-009	-1.330356e-003
2.211473045578003e-009	-1.213961e-003
2.220262108078003e-009	-8.110025e-004
2.223191795578003e-009	-7.147688e-004
2.226121483078003e-009	-6.583529e-004
2.229051170578002e-009	-6.467746e-004
2.231980858078002e-009	-6.793341e-004
2.234910545578002e-009	-7.500821e-004
2.240769920578002e-009	-9.631352e-004
2.246629295578001e-009	-1.184066e-003
2.249558983078001e-009	-1.267321e-003
2.252488670578001e-009	-1.321404e-003
2.255418358078001e-009	-1.342447e-003
2.258348045578000e-009	-1.330141e-003
2.264207420578000e-009	-1.218773e-003
2.272996483077999e-009	-9.243431e-004
2.278855858077999e-009	-7.137967e-004
2.284715233077999e-009	-5.315541e-004
2.290574608077998e-009	-3.985878e-004
2.296433983077998e-009	-3.301704e-004
2.302293358077998e-009	-3.310140e-004
2.308152733077997e-009	-3.803506e-004
2.311082420577997e-009	-4.070104e-004
2.314012108077997e-009	-4.226178e-004
2.316941795577997e-009	-4.171651e-004
2.319871483077996e-009	-3.817816e-004
2.322801170577996e-009	-3.102891e-004
2.325730858077996e-009	-2.005378e-004
2.328660545577996e-009	-5.524760e-005
2.334519920577995e-009	3.065406e-004
2.337449608077995e-009	4.955491e-004
2.340379295577995e-009	6.681661e-004
2.343308983077995e-009	8.082991e-004
2.346238670577995e-009	9.023557e-004
2.349168358077994e-009	9.407970e-004
2.352098045577994e-009	9.191633e-004
2.355027733077994e-009	8.384854e-004
2.357957420577994e-009	7.050874e-004
2.360887108077994e-009	5.298647e-004
2.366746483077993e-009	1.133929e-004
2.369676170577993e-009	-9.443255e-005
2.372605858077993e-009	-2.801828e-004
2.375535545577993e-009	-4.299250e-004
2.378465233077992e-009	-5.330213e-004
2.381394920577992e-009	-5.829124e-004
2.384324608077992e-009	-5.775330e-004
2.387254295577992e-009	-5.193281e-004
2.390183983077992e-009	-4.148724e-004
2.393113670577992e-009	-2.741311e-004
2.401902733077991e-009	2.379561e-004
2.404832420577991e-009	3.952071e-004
2.407762108077991e-009	5.277797e-004
2.410691795577990e-009	6.291421e-004
2.413621483077990e-009	6.964095e-004
2.416551170577990e-009	7.304879e-004
2.419480858077990e-009	7.358735e-004
2.428269920577989e-009	6.655527e-004
2.431199608077989e-009	6.486145e-004
2.434129295577989e-009	6.517883e-004
2.437058983077989e-009	6.820959e-004
2.439988670577988e-009	7.430033e-004
2.442918358077988e-009	8.337859e-004
2.445848045577988e-009	9.493838e-004
2.448777733077988e-009	1.080825e-003
2.454637108077987e-009	1.342144e-003
2.457566795577987e-009	1.445489e-003
2.460496483077987e-009	1.515081e-003
2.463426170577987e-009	1.543243e-003
2.466355858077987e-009	1.526801e-003
2.469285545577986e-009	1.467446e-003
2.472215233077986e-009	1.371416e-003
2.475144920577986e-009	1.248551e-003
2.481004295577986e-009	9.712424e-004
2.486863670577985e-009	7.311014e-004
2.489793358077985e-009	6.472130e-004
2.492723045577985e-009	5.932216e-004
2.495652733077985e-009	5.693622e-004
2.501512108077984e-009	5.991358e-004
2.503604742006556e-009	6.348269e-004
2.505697375935127e-009	6.691138e-004
2.507790009863698e-009	7.019967e-004
2.509882643792269e-009	7.334754e-004
2.511975277720841e-009	7.635499e-004
2.514067911649412e-009	7.922204e-004
2.516160545577983e-009	8.194867e-004
2.522019920577983e-009	8.210157e-004
2.524949608077983e-009	7.844496e-004
2.527879295577983e-009	7.213905e-004
2.533738670577982e-009	5.219789e-004
2.535831304506554e-009	4.248059e-004
2.537923938435125e-009	3.271001e-004
2.540016572363696e-009	2.288615e-004
2.542109206292267e-009	1.300899e-004
2.544201840220839e-009	3.078549e-005
2.546294474149410e-009	-6.905179e-005
2.548387108077981e-009	-1.694219e-004
2.551316795577981e-009	-2.854023e-004
2.554246483077981e-009	-3.789769e-004
2.557176170577981e-009	-4.466595e-004
2.560105858077980e-009	-4.874111e-004
2.563035545577980e-009	-5.029166e-004
2.565965233077980e-009	-4.975926e-004
2.571824608077980e-009	-4.536311e-004
2.577683983077979e-009	-4.263103e-004
2.580613670577979e-009	-4.410029e-004
2.583543358077979e-009	-4.828502e-004
2.586473045577979e-009	-5.541856e-004
2.589402733077979e-009	-6.536375e-004
2.592332420577978e-009	-7.761326e-004
2.595262108077978e-009	-9.133752e-004
2.601121483077978e-009	-1.188502e-003
2.604051170577978e-009	-1.303123e-003
2.606980858077977e-009	-1.388603e-003
2.609910545577977e-009	-1.437556e-003
2.612840233077977e-009	-1.445977e-003
2.615769920577977e-009	-1.413611e-003
2.618699608077977e-009	-1.343902e-003
2.624558983077976e-009	-1.121864e-003
2.630418358077976e-009	-8.582599e-004
2.636277733077975e-009	-6.396804e-004
2.639207420577975e-009	-5.684791e-004
2.642137108077975e-009	-5.286190e-004
2.645066795577975e-009	-5.203508e-004
2.650926170577974e-009	-5.825569e-004
2.659715233077974e-009	-7.442576e-004
2.662644920577974e-009	-7.735981e-004
2.665574608077974e-009	-7.740977e-004
2.668504295577973e-009	-7.388205e-004
2.671433983077973e-009	-6.638295e-004
2.674363670577973e-009	-5.485382e-004
2.677293358077973e-009	-3.957604e-004
2.680223045577973e-009	-2.114705e-004
2.683152733077972e-009	-4.307827e-006
2.689012108077972e-009	4.350932e-004
2.694871483077972e-009	8.297075e-004
2.697801170577971e-009	9.836104e-004
2.700730858077971e-009	1.098213e-003
2.703660545577971e-009	1.169288e-003
2.706590233077971e-009	1.195887e-003
2.709519920577971e-009	1.180382e-003
2.712449608077970e-009	1.128216e-003
2.718308983077970e-009	9.476037e-004
2.727098045577969e-009	6.395050e-004
2.730027733077969e-009	5.648282e-004
2.732957420577969e-009	5.151562e-004
2.735887108077969e-009	4.935496e-004
2.738816795577969e-009	5.006446e-004
2.741746483077968e-009	5.349119e-004
2.747605858077968e-009	6.705128e-004
2.756394920577968e-009	9.628091e-004
2.765183983077967e-009	1.225851e-003
2.771043358077967e-009	1.323990e-003
2.776902733077966e-009	1.341033e-003
2.782762108077966e-009	1.285362e-003
2.785691795577966e-009	1.230392e-003
2.788621483077965e-009	1.177915e-003
2.791551170577965e-009	1.127932e-003
2.794480858077965e-009	1.080442e-003
2.797410545577965e-009	1.035445e-003
2.800340233077965e-009	9.929415e-004
2.803269920577964e-009	9.529314e-004
2.812058983077964e-009	8.661749e-004
2.820848045577963e-009	7.264768e-004
2.826707420577963e-009	5.652404e-004
2.835496483077962e-009	2.324394e-004
2.844285545577962e-009	-1.194661e-004
2.850144920577961e-009	-3.066677e-004
2.856004295577961e-009	-4.292894e-004
2.861863670577961e-009	-4.818320e-004
2.867723045577960e-009	-4.724996e-004
2.876512108077960e-009	-3.819771e-004
2.881534429506531e-009	-3.061488e-004
2.886556750935102e-009	-2.494782e-004
2.891579072363673e-009	-2.119652e-004
2.896601393792244e-009	-1.936098e-004
2.901623715220815e-009	-1.944121e-004
2.906646036649386e-009	-2.143720e-004
2.911668358077957e-009	-2.534895e-004
2.920457420577957e-009	-2.962523e-004
2.929246483077956e-009	-2.697328e-004
2.938035545577956e-009	-1.597833e-004
2.940965233077955e-009	-1.026322e-004
2.943894920577955e-009	-5.017199e-005
2.946824608077955e-009	-2.402643e-006
2.949754295577955e-009	4.067582e-005
2.952683983077955e-009	7.906340e-005
2.955613670577954e-009	1.127601e-004
2.958543358077954e-009	1.417659e-004
2.964402733077954e-009	1.480737e-004
2.973191795577953e-009	7.163494e-005
2.981980858077953e-009	-5.385637e-005
2.990769920577952e-009	-1.594263e-004
2.999558983077951e-009	-2.131588e-004
3.000000000000000e-009	-2.144606e-004
